ParName   Value   Gradient
T_pars_est[3]       13.789   0.00323383
T_pars_est[11]      9.50902 -3.19302e-05
T_pars_est[12]      9.51945  2.38817e-05
T_pars_est[13]      9.55473  7.62585e-06
T_pars_est[14]      9.67267 -2.22292e-06
T_pars_est[15]      10.1091  3.12399e-07
T_pars_est[16]      10.6607  2.35188e-05
T_pars_est[17]      11.1105  1.86538e-05
T_pars_est[18]       11.324 -1.38674e-05
T_pars_est[19]      11.4222 -1.17262e-05
T_pars_est[20]      11.4616  1.40032e-05
T_pars_est[21]      11.4308 -3.29746e-05
T_pars_est[22]      11.2094 -5.46052e-05
T_pars_est[23]      10.9394 -5.74825e-05
T_pars_est[24]      10.7314 -2.07564e-05
T_pars_est[25]      10.9322 -3.91366e-05
T_pars_est[26]      11.7254 -0.000261102
T_pars_est[27]      11.2434 -0.000137271
T_pars_est[28]      10.3176 -0.000196579
T_pars_est[29]      9.29894 -4.15391e-05
T_pars_est[30]      8.30708   7.6154e-06
T_pars_est[31]       7.4787  5.23466e-06
T_pars_est[32]       7.0724  1.71595e-05
T_pars_est[33]      12.1169   8.1108e-05
T_pars_est[34]      12.2339 -3.84202e-05
T_pars_est[35]      13.0746  3.35253e-06
T_pars_est[36]      13.5784  8.37805e-05
T_pars_est[37]      12.8778  3.56634e-05
T_pars_est[38]      12.9629  6.90505e-05
T_pars_est[39]        12.71  2.43956e-05
T_pars_est[40]      12.4594  3.68302e-05
T_pars_est[41]      12.3655  1.88714e-05
T_pars_est[42]      11.8977 -2.88884e-07
T_pars_est[43]      11.2196 -8.63916e-06
T_pars_est[44]      10.9927  -1.2218e-05
T_pars_est[45]      11.0511 -0.000111814
T_pars_est[46]      10.2489 -5.31655e-05
T_pars_est[47]      8.95426  2.12915e-06
T_pars_est[48]      7.90721 -3.37323e-05
T_pars_est[49]      7.14275 -8.15681e-06
T_pars_est[50]      6.60589 -1.11254e-05
T_pars_est[51]      6.21689 -1.78208e-05
T_pars_est[52]      5.93109 -1.78438e-05
T_pars_est[53]      5.73429  1.12203e-05
T_pars_est[54]      5.63271 -3.88343e-06
T_pars_est[55]      11.8958  7.29065e-06
T_pars_est[56]      11.9241  4.99367e-06
T_pars_est[57]      11.9938  5.77597e-05
T_pars_est[58]      12.2014  1.63403e-05
T_pars_est[59]      13.4013 -6.51367e-05
T_pars_est[60]      13.5399  1.51441e-05
T_pars_est[61]      12.9866   5.8087e-05
T_pars_est[62]      12.1348 -1.90733e-06
T_pars_est[63]      11.0306   3.3345e-05
T_pars_est[64]      9.95043  3.68921e-05
T_pars_est[65]      9.22697 -1.16375e-05
T_pars_est[66]      8.77319   2.0013e-05
T_pars_est[67]      8.48396  4.00056e-05
T_pars_est[68]      8.39622  7.62229e-05
T_pars_est[69]      8.30323  1.99592e-05
T_pars_est[70]       8.1676  5.48076e-06
T_pars_est[71]      8.01675  3.44537e-05
T_pars_est[72]      7.87217  3.41041e-05
T_pars_est[73]      7.73858  1.94579e-05
T_pars_est[74]      7.61591  5.64339e-05
T_pars_est[75]       7.5269  6.46881e-05
T_pars_est[76]      7.47555  8.14157e-05
T_pars_est[77]     -13.8244  3.81891e-05
T_pars_est[78]     -13.9036  2.06877e-05
T_pars_est[79]     -14.0505  1.79977e-05
T_pars_est[80]     -14.2434 -4.14599e-05
T_pars_est[81]     -13.7531  1.81252e-05
T_pars_est[82]     -13.5188 -5.44717e-05
T_pars_est[83]     -14.5889  4.80265e-06
T_pars_est[84]     -15.5949 -2.31461e-05
T_pars_est[85]     -16.4011 -3.02854e-05
T_pars_est[86]     -17.0317  2.63718e-05
T_pars_est[87]     -17.4891  5.84432e-06
T_pars_est[88]     -17.8344 -4.19516e-05
T_pars_est[89]     -18.1076  2.32635e-05
T_pars_est[90]     -18.3363 -8.49069e-06
T_pars_est[91]     -18.5342 -9.03866e-06
T_pars_est[92]     -18.7086 -1.33425e-05
T_pars_est[93]     -18.8631  -8.2154e-06
G_pars_est[1]      1.03459 -2.47491e-05
G_pars_est[2]    -0.240553 -0.000244568
G_pars_est[4]     -4.60062 -0.000325577
G_pars_est[5]    -0.419117  0.000905276
S_pars_est[5]     -3.14927 -1.60744e-05
S_pars_est[6]     -2.65815    2.503e-05
S_pars_est[7]     -2.20785  3.60364e-05
S_pars_est[8]     -1.46546 -1.01128e-05
S_pars_est[9]     -1.44291 -3.67226e-05
S_pars_est[10]     -1.26437 -3.51068e-06
S_pars_est[11]    -0.971757  3.80616e-05
S_pars_est[12]    -0.953695 -1.25977e-05
S_pars_est[13]     -1.07687 -1.80415e-05
S_pars_est[14]     -1.05266    1.014e-05
S_pars_est[15]    -0.988664 -1.48619e-05
S_pars_est[16]    -0.953876 -1.15335e-05
S_pars_est[17]    -0.936687 -1.75764e-06
S_pars_est[18]    -0.837573 -6.12871e-07
S_pars_est[19]    -0.833644  1.35029e-05
S_pars_est[20]    -0.897236 -8.08597e-06
S_pars_est[21]    -0.749375  5.68161e-06
S_pars_est[22]    -0.663552  1.85379e-05
S_pars_est[23]    -0.466223   1.2684e-05
S_pars_est[24]    -0.303231  3.84349e-06
S_pars_est[25]    -0.209175 -3.94472e-06
S_pars_est[26]    -0.255876 -3.18113e-05
S_pars_est[27]     -3.84757  2.53076e-05
S_pars_est[28]     -2.94801 -1.76628e-05
S_pars_est[29]     -2.35856 -3.85658e-05
S_pars_est[30]     -1.64469   5.2043e-05
S_pars_est[31]     -1.44744  3.14057e-05
S_pars_est[32]     -1.25525 -4.60613e-05
S_pars_est[33]     -1.01666  2.79346e-05
S_pars_est[34]     -0.94494 -2.30122e-05
S_pars_est[35]     -1.04993  5.49387e-05
S_pars_est[36]     -1.09502  1.63995e-05
S_pars_est[37]     -1.07704 -3.80858e-05
S_pars_est[38]     -1.03354  7.08504e-06
S_pars_est[39]     -1.00702 -1.46478e-07
S_pars_est[40]    -0.862241  1.56893e-05
S_pars_est[41]    -0.604736 -9.00576e-06
S_pars_est[42]    -0.348196  1.90431e-06
S_pars_est[43]    -0.240851  6.48882e-07
S_pars_est[44]    -0.165569  2.55879e-06
S_pars_est[45]     -0.14711 -4.84308e-06
S_pars_est[46]    -0.123793 -2.30404e-05
S_pars_est[47]    -0.100866 -4.07441e-07
S_pars_est[48]    -0.112705  1.23165e-05
S_pars_est[51]     -4.60381  3.27278e-05
S_pars_est[52]     -4.78648   1.5448e-05
S_pars_est[53]     -3.72446  0.000138222
S_pars_est[54]     -1.58133 -4.89313e-05
S_pars_est[55]     -1.04141 -4.90642e-05
S_pars_est[56]     -0.49921 -4.59308e-05
S_pars_est[57]    -0.568469 -5.27473e-07
S_pars_est[58]    -0.787685 -1.03037e-05
S_pars_est[59]      -0.8593  4.15742e-06
S_pars_est[60]      -0.9396 -1.44641e-05
S_pars_est[61]    -0.920308 -2.59609e-06
S_pars_est[62]    -0.872572 -9.41067e-06
S_pars_est[63]    -0.836456 -5.64845e-06
S_pars_est[64]    -0.788847  8.67659e-07
S_pars_est[65]     -0.71961 -2.70048e-06
S_pars_est[66]    -0.630296 -8.56313e-06
S_pars_est[67]    -0.529548 -5.25596e-06
S_pars_est[68]    -0.424145   3.3958e-06
S_pars_est[69]    -0.314812 -6.44407e-06
S_pars_est[70]    -0.200399  5.31042e-06
S_pars_est[71]   -0.0840751  -3.6901e-06
S_pars_est[73]     -3.06471  -6.6709e-06
S_pars_est[74]     -2.57957   3.3769e-05
S_pars_est[75]     -2.02915  0.000123944
S_pars_est[76]    -0.808486  3.47391e-05
S_pars_est[77]     -0.39619 -6.75448e-05
S_pars_est[78]    -0.248396 -6.68689e-05
S_pars_est[79]    -0.561039 -4.20917e-05
S_pars_est[80]     -1.22961 -1.67749e-05
S_pars_est[81]     -1.46533 -4.19086e-05
S_pars_est[82]     -1.87387 -2.29357e-05
S_pars_est[83]     -1.85301 -4.16256e-06
S_pars_est[84]     -1.21793 -2.58246e-06
S_pars_est[85]    -0.850684 -2.63266e-06
S_pars_est[86]    -0.779176 -3.25349e-06
S_pars_est[87]    -0.710821 -4.10821e-06
S_pars_est[88]    -0.623427  8.82296e-06
S_pars_est[89]    -0.524222  4.53782e-06
S_pars_est[90]    -0.419941 -9.35484e-07
S_pars_est[91]    -0.311304 -4.27139e-06
S_pars_est[92]     -0.19719 -1.17238e-05
S_pars_est[93]   -0.0804819  -1.6036e-05
log_fbar[1]   -0.0350751   0.00021476
log_fbar[2]     -5.60494  0.000342759
log_fdev[1](1)     -1.54455 -0.000204618
log_fdev[1](2)     -1.84933 -1.74539e-05
log_fdev[1](3)     -1.21118  7.40066e-05
log_fdev[1](4)    -0.852569  8.80409e-05
log_fdev[1](5)    -0.699802 -2.96066e-05
log_fdev[1](6)    -0.278119  7.36898e-05
log_fdev[1](7)    -0.231541    1.871e-06
log_fdev[1](8)    -0.201044 -0.000104023
log_fdev[1](9)     0.840302 -0.000158101
log_fdev[1](10)     0.310394 -1.12489e-05
log_fdev[1](11)     0.641605  9.44352e-05
log_fdev[1](12)     0.797351  0.000116289
log_fdev[1](13)     0.482961  -0.00010434
log_fdev[1](14)     0.504266 -0.000222169
log_fdev[1](15)     0.502248  0.000253687
log_fdev[1](16)      0.38387 -9.29303e-05
log_fdev[1](17)      1.00014 -9.11657e-05
log_fdev[1](18)    -0.421397 -0.000172147
log_fdev[1](19)    -0.439766 -5.70082e-05
log_fdev[1](20)     0.159337  6.89479e-05
log_fdev[1](21)     0.255859  1.65384e-05
log_fdev[1](22)    -0.469894  0.000290263
log_fdev[1](23)    -0.689329  0.000321118
log_fdev[1](24)    -0.891193  5.88832e-06
log_fdev[1](25)    -0.309146 -0.000198914
log_fdev[1](26)     0.043112  -9.5264e-05
log_fdev[1](27)    -0.203462 -9.93726e-05
log_fdev[1](28)    -0.516907   4.3022e-05
log_fdev[1](29)    -0.852866  0.000362044
log_fdev[1](30)    -0.126839   0.00029344
log_fdev[1](31)     0.357204  0.000125536
log_fdev[1](32)     0.588689  0.000135386
log_fdev[1](33)      1.08557 -2.37369e-05
log_fdev[1](34)       1.0967  0.000350172
log_fdev[1](35)     0.647517  0.000115569
log_fdev[1](36)     0.713686  9.88987e-06
log_fdev[1](37)      1.11482 -0.000112231
log_fdev[1](38)      1.54787  -0.00012017
log_fdev[1](39)      1.27695 -0.000132447
log_fdev[1](40)     -1.10694  0.000120164
log_fdev[1](41)     -1.45458  -2.6231e-05
log_fdev[2](1)     0.176528  3.31607e-06
log_fdev[2](2)     0.161339 -1.53069e-05
log_fdev[2](3)    0.0243917 -1.08805e-05
log_fdev[2](4)    -0.140209  3.99978e-05
log_fdev[2](5)     -9.09481  1.47269e-05
log_fdev[2](6)     -4.97418  2.03055e-05
log_fdev[2](7)     -5.42644 -8.22817e-07
log_fdev[2](8)     -1.57828 -7.44096e-06
log_fdev[2](9)    -0.332077  3.26952e-05
log_fdev[2](10)      2.20816  2.33529e-05
log_fdev[2](11)      1.70129  7.19136e-05
log_fdev[2](12)       1.4809 -5.81758e-06
log_fdev[2](13)      1.23199 -1.76793e-05
log_fdev[2](14)      1.48778  1.58451e-05
log_fdev[2](15)      1.35624  2.86227e-05
log_fdev[2](16)     0.717366   1.5413e-06
log_fdev[2](17)     0.854094  -1.1324e-05
log_fdev[2](18)     0.310877 -9.34807e-06
log_fdev[2](19)     0.548568  1.07705e-05
log_fdev[2](20)     0.484873 -6.48678e-06
log_fdev[2](21)    0.0229751   5.9838e-05
log_fdev[2](22)    0.0673413   6.0338e-05
log_fdev[2](23)     0.102247  5.86364e-05
log_fdev[2](24)    0.0488159  4.05023e-05
log_fdev[2](25)     0.691283 -1.80459e-05
log_fdev[2](26)     0.411817 -1.47259e-05
log_fdev[2](27)    -0.172212  1.19022e-05
log_fdev[2](28)     0.472199  1.41053e-05
log_fdev[2](29)    -0.861622  3.45358e-05
log_fdev[2](30)    -0.481212 -1.81114e-05
log_fdev[2](31)   -0.0247812 -1.44152e-05
log_fdev[2](32)     0.162045 -2.01282e-05
log_fdev[2](33)      1.72993  2.10343e-05
log_fdev[2](34)       2.9471  4.82919e-05
log_fdev[2](35)    -0.700159  7.96455e-05
log_fdev[2](36)     0.348282  6.13795e-05
log_fdev[2](37)       1.6424  2.85704e-05
log_fdev[2](38)      1.02026  2.93512e-05
log_fdev[2](39)     0.944975  4.55235e-05
log_fdev[2](40)     0.427049  7.93629e-05
log_fdev[2](41)    -0.337824  4.17792e-05
log_fdev[2](42)     0.283004  4.86373e-05
log_fdev[2](43)    0.0576817  2.99955e-05
log_foff[1]     -6.76997  0.000255005
log_fdov[1](1)      1.56528  6.97216e-05
log_fdov[1](2)      1.78635  0.000135754
log_fdov[1](3)      1.41057  0.000113779
log_fdov[1](4)      1.30197  5.74735e-05
log_fdov[1](5)      2.06614 -7.74448e-05
log_fdov[1](6)      1.69793 -7.28241e-05
log_fdov[1](7)     0.915526    -4.06e-05
log_fdov[1](8)      0.57661 -5.17964e-05
log_fdov[1](9)      2.83581 -7.64991e-05
log_fdov[1](10)      1.42795 -2.31658e-05
log_fdov[1](11)      1.59719 -4.84939e-06
log_fdov[1](12)     0.698704 -4.86626e-05
log_fdov[1](13)      0.74657 -7.43803e-05
log_fdov[1](14)    -0.489762 -0.000151433
log_fdov[1](15)      1.11963 -0.000127369
log_fdov[1](16)       1.2851 -0.000192976
log_fdov[1](17)     -1.78008 -0.000101399
log_fdov[1](18)     -0.19818  -0.00010221
log_fdov[1](19)     -2.25966 -6.15319e-05
log_fdov[1](20)     0.132587  3.09821e-05
log_fdov[1](21)     -2.03359 -5.51115e-06
log_fdov[1](22)     -1.96253 -1.09401e-05
log_fdov[1](23)    -0.982007  2.74727e-05
log_fdov[1](24)    -0.456855  7.47693e-05
log_fdov[1](25)     -2.61721  2.50823e-05
log_fdov[1](26)    -0.267468  1.20013e-05
log_fdov[1](27)    0.0641212  1.22626e-05
log_fdov[1](28)     0.191661 -5.56997e-06
log_fdov[1](29)     0.422826  0.000105043
log_fdov[1](30)      2.56103  0.000144372
log_fdov[1](31)     0.778259  0.000193506
log_fdov[1](32)      1.32036  0.000105605
log_fdov[1](33)      1.87476   5.9223e-05
log_fdov[1](34)     0.978664  6.11227e-05
log_fdov[1](35)     0.241557 -3.02186e-05
log_fdov[1](36)    0.0270455   -1.418e-05
log_fdov[1](37)    -0.744274  0.000156996
log_fdov[1](38)     -1.36651  5.49017e-05
log_fdov[1](39)     -4.43417 -7.39663e-05
log_fdov[1](40)     -4.87021  1.04227e-05
log_fdov[1](41)      -5.1617  7.37883e-05
rec_dev_est(1982)     0.718567 -0.000142711
rec_dev_est(1983)     0.255023  0.000141463
rec_dev_est(1984)      1.08354  0.000216631
rec_dev_est(1985)       1.7525   0.00037002
rec_dev_est(1986)     0.882117 -0.000272235
rec_dev_est(1987)     0.471223  0.000272341
rec_dev_est(1988)    -0.247728 -0.000178419
rec_dev_est(1989)   -0.0455151  2.63087e-05
rec_dev_est(1990)     0.659657 -0.000205627
rec_dev_est(1991)     0.952407  0.000198716
rec_dev_est(1992)    -0.394296  -5.3604e-05
rec_dev_est(1993)    -0.070448  3.02887e-05
rec_dev_est(1994)    -0.828604  3.22933e-06
rec_dev_est(1995)     -1.12134 -0.000115389
rec_dev_est(1996)     -0.25745  0.000444827
rec_dev_est(1997)     -1.06743  0.000301001
rec_dev_est(1998)     -0.33624  4.64901e-05
rec_dev_est(1999)    -0.708187 -0.000465186
rec_dev_est(2000)     -1.65626 -4.18771e-05
rec_dev_est(2001)   -0.0995293 -0.000434012
rec_dev_est(2002)      1.47846  0.000264654
rec_dev_est(2003)    -0.101881  0.000298573
rec_dev_est(2004)     0.285455  5.97578e-05
rec_dev_est(2005)    -0.464028   0.00013179
rec_dev_est(2006)     -1.14578 -0.000109883
rec_dev_est(2007)    0.0644465  0.000173414
rec_dev_est(2008)     0.688953   0.00111118
rec_dev_est(2009)    -0.885862   0.00018854
rec_dev_est(2010)    -0.557423  0.000113785
rec_dev_est(2011)    -0.716578 -0.000144974
rec_dev_est(2012)    -0.260532 -0.000123124
rec_dev_est(2013)    -0.419769 -0.000346024
rec_dev_est(2014)     0.396958  0.000152009
rec_dev_est(2015)    0.0440007 -6.54996e-05
rec_dev_est(2016)     0.103096  0.000156227
rec_dev_est(2017)     -1.25736  2.43425e-05
rec_dev_est(2018)     -1.42154  4.62657e-06
rec_dev_est(2019)    -0.696623  8.83261e-06
rec_dev_est(2020)     0.378033 -5.41444e-06
rec_dev_est(2021)     0.403062 -2.96885e-06
rec_dev_est(2022)      1.28293 -8.93007e-05
rec_dev_est(2023)    -0.152933  1.81793e-05
rec_dev_est(2024)    -0.579238  9.23293e-05
logit_rec_prop_est(1982)      3.06884  0.000835867
logit_rec_prop_est(1983)      1.66293 -0.000695316
logit_rec_prop_est(1984)     0.219457 -6.52348e-06
logit_rec_prop_est(1985)    -0.473384   0.00488798
logit_rec_prop_est(1986)     -3.30551 -0.000229168
logit_rec_prop_est(1987)     0.244628  0.000154902
logit_rec_prop_est(1988)      1.53277  9.65843e-05
logit_rec_prop_est(1989)    -0.858376  0.000631154
logit_rec_prop_est(1990)      1.56077   0.00217374
logit_rec_prop_est(1991)      1.26834   0.00100126
logit_rec_prop_est(1992)      -1.5134 -0.000292367
logit_rec_prop_est(1993)    -0.664611 -0.000646088
logit_rec_prop_est(1994)     -1.20437 -0.000344836
logit_rec_prop_est(1995)    -0.341175 -0.000903555
logit_rec_prop_est(1996)     -1.00652   0.00118855
logit_rec_prop_est(1997)      2.76511 -5.38014e-05
logit_rec_prop_est(1998)    -0.170914  6.04102e-05
logit_rec_prop_est(1999)     0.796878 -4.47172e-05
logit_rec_prop_est(2000)      1.32158  -0.00127145
logit_rec_prop_est(2001)      2.47874  -0.00053696
logit_rec_prop_est(2002)     -1.53588  0.000161433
logit_rec_prop_est(2003)      1.96432  0.000281311
logit_rec_prop_est(2004)      1.00138 -0.000157364
logit_rec_prop_est(2005)   -0.0643497 -0.000555985
logit_rec_prop_est(2006)   -0.0342404 -0.000529281
logit_rec_prop_est(2007)    -0.407553 -0.000267434
logit_rec_prop_est(2008)    -0.493761   0.00509312
logit_rec_prop_est(2009)    -0.485507  0.000558178
logit_rec_prop_est(2010)    -0.705904 -0.000107614
logit_rec_prop_est(2011)    -0.668265  -0.00108469
logit_rec_prop_est(2012)    -0.786962  -0.00191505
logit_rec_prop_est(2013)     0.950834  -0.00256647
logit_rec_prop_est(2014)    -0.128808 -0.000666412
logit_rec_prop_est(2015)     -3.61153 -0.000442279
logit_rec_prop_est(2016)     -1.15236 -0.000167934
logit_rec_prop_est(2017)     -3.52676 -0.000335197
logit_rec_prop_est(2018)     -3.26275 -0.000446797
logit_rec_prop_est(2019)      1.88412 -0.000257089
logit_rec_prop_est(2020)    -0.460358 -0.000949681
logit_rec_prop_est(2021)     0.240928  0.000157526
logit_rec_prop_est(2022)   -0.0176394  -0.00115866
logit_rec_prop_est(2023)      1.67778 -0.000393205
logit_rec_prop_est(2024)      2.24147 -0.000216417
