ParName   Value   Gradient
T_pars_est[3]      13.4803  -0.00936722
T_pars_est[11]      8.37128 -7.86164e-05
T_pars_est[12]        8.379  0.000404699
T_pars_est[13]      8.42727  0.000381785
T_pars_est[14]      8.70326 -0.000144861
T_pars_est[15]      9.25075 -0.000215041
T_pars_est[16]      10.0029 -8.22022e-05
T_pars_est[17]      10.7772  0.000219785
T_pars_est[18]       11.192   0.00127591
T_pars_est[19]      11.2785  0.000385444
T_pars_est[20]      11.3645 -5.55309e-05
T_pars_est[21]      11.3977 -0.000212775
T_pars_est[22]      11.1718  0.000110568
T_pars_est[23]      10.8329 -0.000242143
T_pars_est[24]      10.5677 -0.000323762
T_pars_est[25]      10.7308  0.000699627
T_pars_est[26]      11.5164 -0.000340913
T_pars_est[27]      11.0643 -0.000217842
T_pars_est[28]      10.1408 -0.000408666
T_pars_est[29]       9.1573  3.17732e-05
T_pars_est[30]      8.17811 -0.000115903
T_pars_est[31]      7.34439 -0.000485663
T_pars_est[32]      6.90332 -0.000152548
T_pars_est[33]      14.9647  0.000214202
T_pars_est[34]      13.6889   0.00153827
T_pars_est[35]      13.1061  0.000907862
T_pars_est[36]      13.2512  0.000381861
T_pars_est[37]      12.8279   0.00126353
T_pars_est[38]      12.9175  0.000181479
T_pars_est[39]      12.6437  0.000321831
T_pars_est[40]      12.3666 -0.000455984
T_pars_est[41]      12.2461   0.00235294
T_pars_est[42]      11.6366  -0.00129137
T_pars_est[43]      10.9039   0.00243829
T_pars_est[44]      10.6667   0.00239974
T_pars_est[45]      10.7722  -0.00453733
T_pars_est[46]      10.1433  0.000325031
T_pars_est[47]      8.88802 -0.000808108
T_pars_est[48]      7.80421 -0.000372638
T_pars_est[49]      6.99146 -0.000213419
T_pars_est[50]      6.41962  0.000166393
T_pars_est[51]      6.00675 -0.000355888
T_pars_est[52]      5.70749 -4.49715e-05
T_pars_est[53]      5.50488 -0.000834666
T_pars_est[54]      5.40198  0.000333302
T_pars_est[55]       9.8327 -0.000256828
T_pars_est[56]      9.88333  0.000149956
T_pars_est[57]      10.1822 -2.85872e-05
T_pars_est[58]      11.4412  0.000169632
T_pars_est[59]      13.2344 -0.000448529
T_pars_est[60]      13.9712   0.00127302
T_pars_est[61]      13.3234 -0.000194822
T_pars_est[62]      12.2642  -0.00280047
T_pars_est[63]      11.1122  0.000812438
T_pars_est[64]      9.99971 -0.000584339
T_pars_est[65]      9.26509   0.00254529
T_pars_est[66]       8.8475  0.000143147
T_pars_est[67]      8.62525  0.000287159
T_pars_est[68]      8.51669 -0.000205849
T_pars_est[69]      8.38108 -0.000202519
T_pars_est[70]      8.20608 -0.000340612
T_pars_est[71]      8.01936 -3.18321e-05
T_pars_est[72]      7.84523 -0.000248614
T_pars_est[73]      7.68236  0.000911754
T_pars_est[74]      7.53754   0.00028166
T_pars_est[75]      7.43358   0.00124775
T_pars_est[76]      7.37525  0.000366499
T_pars_est[77]     -15.2348 -4.54966e-05
T_pars_est[78]     -15.3431  0.000388446
T_pars_est[79]     -15.5292   3.1802e-05
T_pars_est[80]     -15.0323    -0.001028
T_pars_est[81]     -14.0438  0.000435177
T_pars_est[82]     -13.3199  0.000614099
T_pars_est[83]     -14.4235 -0.000671017
T_pars_est[84]     -15.5266  0.000787058
T_pars_est[85]     -16.3747 -0.000558517
T_pars_est[86]     -17.0311  0.000102462
T_pars_est[87]     -17.4935  0.000420944
T_pars_est[88]     -17.8377 -2.04273e-05
T_pars_est[89]     -18.1102  -0.00022126
T_pars_est[90]     -18.3385 -0.000185331
T_pars_est[91]     -18.5362 -0.000187056
T_pars_est[92]     -18.7102  -8.1863e-05
T_pars_est[93]     -18.8641  3.70767e-05
log_fbar[1]    0.0756652  -0.00168191
log_fbar[2]     -5.49897    0.0017717
log_fdev[1](1)     -1.46491 -0.000699731
log_fdev[1](2)     -1.72774  -0.00523262
log_fdev[1](3)     -1.12344   0.00381472
log_fdev[1](4)    -0.797417   0.00472795
log_fdev[1](5)     -0.68998 -0.000526036
log_fdev[1](6)    -0.441263  0.000924716
log_fdev[1](7)    -0.337713 -0.000889715
log_fdev[1](8)    -0.186964  -0.00110899
log_fdev[1](9)     0.768835  0.000144114
log_fdev[1](10)     0.211711  -6.0537e-05
log_fdev[1](11)     0.567998  0.000829293
log_fdev[1](12)     0.799928  0.000783907
log_fdev[1](13)     0.360527  0.000904606
log_fdev[1](14)     0.663029  0.000138104
log_fdev[1](15)     0.643569   5.1664e-06
log_fdev[1](16)     0.352961 -0.000603828
log_fdev[1](17)      1.02963   0.00041307
log_fdev[1](18)    -0.344973 -0.000222616
log_fdev[1](19)    -0.398821   0.00044524
log_fdev[1](20)     0.252133 -5.98481e-05
log_fdev[1](21)     0.218954 -0.000924859
log_fdev[1](22)    -0.458468 -0.000600559
log_fdev[1](23)    -0.744962  -0.00051317
log_fdev[1](24)     -0.90754 -0.000376256
log_fdev[1](25)    -0.315689  4.83957e-05
log_fdev[1](26)    0.0467335 -1.50343e-05
log_fdev[1](27)    -0.335042  0.000370241
log_fdev[1](28)    -0.735431 -0.000309929
log_fdev[1](29)    -0.851564 -0.000420755
log_fdev[1](30)    -0.239165  -0.00017372
log_fdev[1](31)     0.294937 -0.000124042
log_fdev[1](32)     0.702569 -4.54471e-06
log_fdev[1](33)       1.0825 -2.28068e-05
log_fdev[1](34)      1.17902 -0.000203355
log_fdev[1](35)     0.737059  0.000192439
log_fdev[1](36)     0.787042  0.000128881
log_fdev[1](37)      1.33951  0.000135643
log_fdev[1](38)      1.52746   0.00013136
log_fdev[1](39)      1.37158   0.00028095
log_fdev[1](40)      -1.1348 -0.000772429
log_fdev[1](41)      -1.7018  -0.00104741
log_fdev[2](1)     0.237625 -0.000563262
log_fdev[2](2)     0.256458  0.000176935
log_fdev[2](3)    0.0989961 -3.72725e-06
log_fdev[2](4)    -0.103336  2.18784e-05
log_fdev[2](5)     -9.11612  -0.00013038
log_fdev[2](6)     -5.11169  0.000203448
log_fdev[2](7)     -5.50333  9.14043e-05
log_fdev[2](8)     -1.58552  0.000166449
log_fdev[2](9)    -0.385131  4.76949e-05
log_fdev[2](10)      2.13334  0.000199261
log_fdev[2](11)      1.64341  0.000169587
log_fdev[2](12)      1.42362  0.000124808
log_fdev[2](13)      1.14614  0.000204075
log_fdev[2](14)      1.53329  0.000231183
log_fdev[2](15)      1.40099  0.000374764
log_fdev[2](16)      0.68498  0.000378078
log_fdev[2](17)     0.868042  0.000306901
log_fdev[2](18)     0.348243  8.71504e-05
log_fdev[2](19)      0.56724  7.16909e-05
log_fdev[2](20)      0.51095 -0.000199872
log_fdev[2](21)   -0.0171497  3.72844e-05
log_fdev[2](22)    0.0503742 -0.000125779
log_fdev[2](23)    0.0553526  4.50825e-05
log_fdev[2](24)    0.0465056 -3.44964e-05
log_fdev[2](25)     0.705723 -8.68712e-05
log_fdev[2](26)     0.400189 -8.61868e-05
log_fdev[2](27)     -0.29025  6.84461e-05
log_fdev[2](28)     0.293997    5.018e-06
log_fdev[2](29)     -0.86938  3.56534e-05
log_fdev[2](30)    -0.586161  0.000224032
log_fdev[2](31)   -0.0477512  0.000217457
log_fdev[2](32)     0.244024  0.000244154
log_fdev[2](33)      1.76763  0.000186505
log_fdev[2](34)      3.05758 -2.32037e-05
log_fdev[2](35)    -0.585139  0.000134504
log_fdev[2](36)     0.472449  0.000285504
log_fdev[2](37)      1.80791  0.000105547
log_fdev[2](38)      1.10235  7.07778e-05
log_fdev[2](39)      1.08377  3.88983e-05
log_fdev[2](40)     0.479967    0.0001638
log_fdev[2](41)    -0.330273 -2.38202e-05
log_fdev[2](42)     0.211243  0.000124008
log_fdev[2](43)    -0.101164   0.00034416
log_foff[1]     -6.71889   0.00811117
log_fdov[1](1)      1.28278  0.000381155
log_fdov[1](2)      1.46206  0.000113948
log_fdov[1](3)      1.11871   0.00102723
log_fdov[1](4)     0.988869  0.000722487
log_fdov[1](5)      1.52166  3.00817e-05
log_fdov[1](6)      1.21109  0.000679833
log_fdov[1](7)     0.647352  0.000545966
log_fdov[1](8)     0.482482  9.60566e-05
log_fdov[1](9)      3.08602   0.00011521
log_fdov[1](10)      1.69865  0.000234019
log_fdov[1](11)      1.71416  0.000448485
log_fdov[1](12)     0.713024  0.000423247
log_fdov[1](13)     0.621476  0.000576647
log_fdov[1](14)     -1.15977  0.000421718
log_fdov[1](15)     0.512012 -1.12008e-05
log_fdov[1](16)     0.970709 -0.000446726
log_fdov[1](17)     -2.05285  0.000457498
log_fdov[1](18)    -0.414672  3.78411e-05
log_fdov[1](19)     -2.37603  0.000430422
log_fdov[1](20)   -0.0811589  4.89596e-05
log_fdov[1](21)     -2.14244 -0.000411177
log_fdov[1](22)     -2.16344  0.000122727
log_fdov[1](23)     -1.27607  0.000201576
log_fdov[1](24)    -0.457701 -5.52786e-05
log_fdov[1](25)     -2.26829  0.000580861
log_fdov[1](26)   -0.0685005  -2.1804e-05
log_fdov[1](27)     0.199523  0.000151651
log_fdov[1](28)     0.388513  7.77834e-05
log_fdov[1](29)     0.446416 -7.57969e-05
log_fdov[1](30)      2.79834  -0.00012617
log_fdov[1](31)      1.04829  0.000190512
log_fdov[1](32)      1.46422 -0.000262797
log_fdov[1](33)      2.19425 -7.64833e-06
log_fdov[1](34)      1.28826 -0.000187729
log_fdov[1](35)     0.572996  0.000271944
log_fdov[1](36)     0.240795  -2.6107e-06
log_fdov[1](37)    -0.706946  8.25481e-05
log_fdov[1](38)    -0.870823  0.000206496
log_fdov[1](39)      -3.8747  8.05399e-05
log_fdov[1](40)     -4.09123  8.03242e-05
log_fdov[1](41)     -4.66804 -8.39872e-05
rec_dev_est(1982)    -0.363455 -4.72194e-05
rec_dev_est(1983)      1.00176 -0.000491901
rec_dev_est(1984)      1.39497 -0.000379224
rec_dev_est(1985)      2.18095 -0.000376125
rec_dev_est(1986)    -0.218803   0.00272698
rec_dev_est(1987)    0.0169251  0.000662624
rec_dev_est(1988)      1.25324   0.00048977
rec_dev_est(1989)    -0.711847   0.00196958
rec_dev_est(1990)     0.595566   0.00113194
rec_dev_est(1991)      2.05454  0.000884111
rec_dev_est(1992)    -0.113157  0.000715504
rec_dev_est(1993)    0.0427804  -0.00268209
rec_dev_est(1994)     -1.28964  0.000769977
rec_dev_est(1995)      -1.2704  -0.00263959
rec_dev_est(1996)    -0.636612 -0.000725937
rec_dev_est(1997)    -0.154501  -0.00198149
rec_dev_est(1998)    -0.119441  -0.00030627
rec_dev_est(1999)    -0.262858 -0.000957937
rec_dev_est(2000)      -1.4232 -0.000465329
rec_dev_est(2001)     0.706798  -0.00125211
rec_dev_est(2002)     0.920129  0.000794562
rec_dev_est(2003)     0.559355  -0.00202102
rec_dev_est(2004)      1.09681  0.000376177
rec_dev_est(2005)    -0.392202   0.00105546
rec_dev_est(2006)     -1.16079 -0.000265979
rec_dev_est(2007)   -0.0360473   0.00065009
rec_dev_est(2008)      0.67831  9.56702e-05
rec_dev_est(2009)    -0.664822  -0.00120693
rec_dev_est(2010)    -0.740117  -0.00104925
rec_dev_est(2011)     -1.08134   0.00138224
rec_dev_est(2012)     -0.56047  0.000424696
rec_dev_est(2013)    -0.532858 -0.000892401
rec_dev_est(2014)     0.859312 -0.000839569
rec_dev_est(2015)     -0.54946  -0.00121006
rec_dev_est(2016)    -0.690675  0.000137771
rec_dev_est(2017)     -2.09872  0.000354333
rec_dev_est(2018)     -1.95959 -0.000238774
rec_dev_est(2019)      -0.4667  -0.00043582
rec_dev_est(2020)     0.859823 -0.000429496
rec_dev_est(2021)     0.412486   0.00019243
rec_dev_est(2022)      1.10821 -1.14367e-06
rec_dev_est(2023)    -0.479107 -0.000136684
rec_dev_est(2024)     -1.33859  7.45906e-05
