ParName   Value   Gradient
T_pars_est[3]       14.331  0.000562337
T_pars_est[11]      9.92429 -6.73977e-06
T_pars_est[12]      9.93031  1.33996e-05
T_pars_est[13]      9.95884 -1.35923e-05
T_pars_est[14]      10.0693  1.46439e-06
T_pars_est[15]      10.5792  5.32832e-06
T_pars_est[16]      11.1936  -4.0257e-06
T_pars_est[17]      11.6528 -1.66017e-05
T_pars_est[18]      11.8137 -5.53022e-06
T_pars_est[19]      11.8419  5.96297e-06
T_pars_est[20]      11.8094  1.09405e-05
T_pars_est[21]      11.7197   6.7746e-06
T_pars_est[22]      11.4024  1.95701e-05
T_pars_est[23]      10.9985  2.11324e-05
T_pars_est[24]      10.6291  1.86298e-05
T_pars_est[25]      10.6542  6.65045e-05
T_pars_est[26]      11.5351  0.000124481
T_pars_est[27]      11.0762  0.000167289
T_pars_est[28]      10.2853 -4.03826e-06
T_pars_est[29]      9.29369  2.96755e-06
T_pars_est[30]      8.30226  2.45361e-06
T_pars_est[31]       7.4765  5.26056e-07
T_pars_est[32]       7.0729 -1.69909e-06
T_pars_est[33]      12.9203  1.20952e-05
T_pars_est[34]      13.4982  3.05051e-05
T_pars_est[35]      13.4782  3.76864e-05
T_pars_est[36]      13.5439  5.22931e-05
T_pars_est[37]      12.9956  3.73781e-05
T_pars_est[38]      13.0491   5.8728e-05
T_pars_est[39]      12.7425  6.79402e-05
T_pars_est[40]       12.476  6.43346e-05
T_pars_est[41]      12.3883  8.78651e-05
T_pars_est[42]      11.8828  7.54139e-05
T_pars_est[43]      11.2976  7.27839e-05
T_pars_est[44]      11.2402  6.69501e-05
T_pars_est[45]      11.3236  9.35971e-05
T_pars_est[46]      10.3402  5.78329e-05
T_pars_est[47]      8.99891  1.78426e-05
T_pars_est[48]      7.98675 -9.63507e-07
T_pars_est[49]      7.22634  -5.0216e-06
T_pars_est[50]      6.67501  -2.3504e-06
T_pars_est[51]       6.2717 -9.69288e-06
T_pars_est[52]      5.97296  6.02527e-06
T_pars_est[53]      5.76513  1.01199e-05
T_pars_est[54]       5.6573  4.45652e-06
T_pars_est[55]      12.2059  1.98021e-06
T_pars_est[56]      12.2232  1.31966e-05
T_pars_est[57]      12.2687  4.20612e-07
T_pars_est[58]      12.3979  -5.0731e-06
T_pars_est[59]      13.5605 -2.73635e-06
T_pars_est[60]      13.6069 -8.52145e-06
T_pars_est[61]      12.9979 -1.02407e-05
T_pars_est[62]      12.1533 -4.80588e-05
T_pars_est[63]      11.0207  -4.8363e-05
T_pars_est[64]      9.95865 -2.40394e-05
T_pars_est[65]       9.2232 -3.69846e-05
T_pars_est[66]      8.79021 -1.52905e-05
T_pars_est[67]      8.57649 -1.63329e-05
T_pars_est[68]      8.52638 -2.45289e-05
T_pars_est[69]      8.42461 -3.64182e-05
T_pars_est[70]      8.21416  -2.0364e-05
T_pars_est[71]      7.93972  -1.4084e-05
T_pars_est[72]      7.66717 -1.82265e-05
T_pars_est[73]      7.41346 -8.91025e-06
T_pars_est[74]      7.17487  5.01801e-06
T_pars_est[75]      7.01095  2.42514e-07
T_pars_est[76]      6.91546 -1.36138e-05
T_pars_est[77]     -13.8042  7.04957e-07
T_pars_est[78]     -13.8535 -4.12376e-06
T_pars_est[79]     -13.9466  1.81672e-07
T_pars_est[80]     -14.0984  4.40149e-06
T_pars_est[81]     -13.6207 -3.82382e-06
T_pars_est[82]     -13.4604   4.0903e-06
T_pars_est[83]     -14.5903 -6.94746e-07
T_pars_est[84]     -15.6121  3.30208e-06
T_pars_est[85]     -16.4206 -2.64846e-06
T_pars_est[86]     -17.0487 -3.05296e-06
T_pars_est[87]     -17.5022  1.19953e-06
T_pars_est[88]     -17.8437  2.37595e-06
T_pars_est[89]      -18.114  5.47789e-06
T_pars_est[90]     -18.3406  -5.8202e-06
T_pars_est[91]     -18.5369  4.84922e-06
T_pars_est[92]     -18.7101 -1.98932e-06
T_pars_est[93]     -18.8638 -4.63387e-06
G_pars_est[1]      1.03773  5.63798e-05
G_pars_est[2]    -0.239411 -0.000192549
G_pars_est[4]     -4.78798  1.16759e-05
G_pars_est[5]    -0.425549  2.77872e-05
M_pars_est[1]     0.288098 -0.000151367
M_pars_est[2]      1.46663  4.95609e-06
M_pars_est[3]     0.668887  -1.7336e-05
M_pars_est[5]   -0.0108691 -0.000118808
M_pars_est[7]      2.27969 -0.000118748
M_pars_est[9]     0.264598  0.000100242
M_pars_est[10]    -0.129864  1.64832e-05
M_pars_est[11]      1.01494  7.84974e-05
M_pars_est[13]     0.929658  1.52428e-05
M_pars_est[14]      1.83485  9.19509e-05
M_pars_est[15]      1.25506  5.59897e-06
S_pars_est[1]      4.65902 -0.000749933
S_pars_est[2]      1.65362  7.02285e-05
S_pars_est[3]      4.77883  2.29797e-05
S_pars_est[4]      2.36652 -2.83171e-05
S_pars_est[5]     -3.42535  -1.7487e-06
S_pars_est[6]     -2.78199 -2.33587e-07
S_pars_est[7]      -2.4373 -4.88501e-06
S_pars_est[8]     -1.59516  6.69108e-06
S_pars_est[9]     -1.64716  9.20668e-06
S_pars_est[10]     -1.44271 -1.11675e-05
S_pars_est[11]     -1.15126 -4.93679e-06
S_pars_est[12]     -1.10813  1.45153e-07
S_pars_est[13]     -1.18409 -3.70612e-06
S_pars_est[14]     -1.11389  5.79843e-06
S_pars_est[15]     -1.01556 -2.84867e-06
S_pars_est[16]    -0.946098  7.67783e-07
S_pars_est[17]    -0.904118  8.80428e-07
S_pars_est[18]    -0.800348  3.36265e-06
S_pars_est[19]    -0.788598  7.15796e-06
S_pars_est[20]    -0.962973  7.54147e-06
S_pars_est[21]    -0.862496  6.27256e-07
S_pars_est[22]    -0.668705 -6.40232e-06
S_pars_est[23]    -0.478952 -7.71459e-07
S_pars_est[24]     -0.31151  2.18291e-06
S_pars_est[25]    -0.209492 -1.67718e-06
S_pars_est[26]    -0.255939  2.60782e-06
S_pars_est[27]     -4.32158  2.73047e-06
S_pars_est[28]     -3.35658   3.5673e-06
S_pars_est[29]     -2.67606  1.21723e-06
S_pars_est[30]     -1.87314  5.85934e-06
S_pars_est[31]     -1.71524  6.23551e-06
S_pars_est[32]     -1.51281   -1.897e-06
S_pars_est[33]     -1.28743 -6.13836e-06
S_pars_est[34]     -1.16372  3.43813e-07
S_pars_est[35]     -1.21475 -1.23469e-07
S_pars_est[36]     -1.19619 -4.71277e-06
S_pars_est[37]     -1.14136 -3.32597e-06
S_pars_est[38]      -1.0609 -1.50517e-06
S_pars_est[39]      -0.9934  8.62418e-06
S_pars_est[40]    -0.851874  2.52525e-06
S_pars_est[41]    -0.673725 -3.54415e-06
S_pars_est[42]    -0.400179  4.65806e-06
S_pars_est[43]    -0.279447  1.35991e-06
S_pars_est[44]    -0.194784  3.52841e-06
S_pars_est[45]    -0.155221  7.85375e-07
S_pars_est[46]    -0.114714 -5.34676e-06
S_pars_est[47]   -0.0776748  6.19462e-07
S_pars_est[48]   -0.0810945 -5.12235e-06
S_pars_est[49]      4.21379  0.000102551
S_pars_est[50]     0.994589  4.55836e-05
S_pars_est[51]     -5.21494 -2.73573e-06
S_pars_est[52]     -5.33987   4.6898e-07
S_pars_est[53]      -4.1275  1.01647e-05
S_pars_est[54]     -1.74728 -1.98678e-06
S_pars_est[55]     -1.18422 -9.47728e-06
S_pars_est[56]    -0.556867 -6.75051e-06
S_pars_est[57]    -0.552309 -4.61765e-06
S_pars_est[58]    -0.758327 -3.29594e-06
S_pars_est[59]    -0.832907  1.94711e-06
S_pars_est[60]    -0.921709 -2.89909e-07
S_pars_est[61]    -0.909093  1.51537e-07
S_pars_est[62]    -0.870639  2.04849e-06
S_pars_est[63]    -0.837586  7.19758e-06
S_pars_est[64]    -0.790624 -2.35747e-06
S_pars_est[65]    -0.721057 -1.55753e-07
S_pars_est[66]    -0.630711 -4.30822e-06
S_pars_est[67]    -0.529068 -3.62673e-06
S_pars_est[68]    -0.423242 -5.78735e-06
S_pars_est[69]    -0.313796 -1.01996e-06
S_pars_est[70]    -0.199326  1.74851e-06
S_pars_est[71]     -0.08282  2.04222e-06
S_pars_est[73]     -4.03033  -2.3197e-06
S_pars_est[74]     -3.26181 -4.02378e-06
S_pars_est[75]      -2.6172 -4.13555e-06
S_pars_est[76]       -0.998  1.28299e-05
S_pars_est[77]    -0.480165  2.47029e-06
S_pars_est[78]    -0.223649 -4.81748e-06
S_pars_est[79]    -0.336162  2.93001e-06
S_pars_est[80]    -0.913388 -5.23064e-06
S_pars_est[81]     -1.06879 -1.03503e-05
S_pars_est[82]     -1.29396 -3.55496e-06
S_pars_est[83]     -1.26958 -5.29044e-07
S_pars_est[84]    -0.957248  8.54666e-08
S_pars_est[85]    -0.827495   1.8602e-06
S_pars_est[86]    -0.777834 -2.01147e-06
S_pars_est[87]    -0.710686   1.4574e-06
S_pars_est[88]    -0.623375   -2.965e-06
S_pars_est[89]    -0.524201  1.64643e-06
S_pars_est[90]    -0.419941   3.4613e-06
S_pars_est[91]    -0.311318 -1.66079e-06
S_pars_est[92]    -0.197213 -1.19403e-06
S_pars_est[93]    -0.080516 -6.05619e-06
S_pars_est[95]      4.59331  0.000509689
S_pars_est[96]    0.0458855 -1.59265e-05
log_fbar[1]    -0.151307  0.000438721
log_fbar[2]     -5.05513 -6.86114e-05
log_fdev[1](1)     -1.32935  2.38875e-05
log_fdev[1](2)     -1.75527  9.08366e-05
log_fdev[1](3)      -1.1373  4.12625e-05
log_fdev[1](4)    -0.780022  2.19948e-05
log_fdev[1](5)    -0.654092  1.50034e-05
log_fdev[1](6)    -0.308577  2.05819e-05
log_fdev[1](7)    -0.274312  4.01306e-05
log_fdev[1](8)    -0.264338  5.07008e-05
log_fdev[1](9)     0.706252  2.66433e-05
log_fdev[1](10)     0.295629  2.66252e-05
log_fdev[1](11)     0.608696  4.29202e-05
log_fdev[1](12)     0.716587  2.27649e-05
log_fdev[1](13)     0.417224  3.33748e-06
log_fdev[1](14)     0.547056 -3.20577e-05
log_fdev[1](15)     0.546559 -6.18496e-05
log_fdev[1](16)     0.439508 -8.31181e-05
log_fdev[1](17)      1.10088  -0.00017814
log_fdev[1](18)    -0.321361  3.59486e-05
log_fdev[1](19)    -0.415321  9.50982e-05
log_fdev[1](20)     0.219614  5.53094e-05
log_fdev[1](21)     0.296449 -1.50757e-05
log_fdev[1](22)    -0.357993  1.97885e-05
log_fdev[1](23)    -0.601952 -2.65986e-05
log_fdev[1](24)    -0.792872 -1.92595e-05
log_fdev[1](25)    -0.233717  3.29235e-05
log_fdev[1](26)     0.158037  6.37561e-05
log_fdev[1](27)     -0.15121  7.34378e-05
log_fdev[1](28)    -0.522138  1.63448e-05
log_fdev[1](29)    -0.630554  5.70145e-06
log_fdev[1](30)   -0.0608053  3.48689e-05
log_fdev[1](31)      0.39438   8.1414e-05
log_fdev[1](32)     0.734332  5.98455e-05
log_fdev[1](33)        1.074  1.25676e-05
log_fdev[1](34)      1.10457 -1.75346e-06
log_fdev[1](35)     0.618325  1.13207e-05
log_fdev[1](36)     0.368235  2.94052e-06
log_fdev[1](37)      1.12067  6.38097e-05
log_fdev[1](38)     0.268581 -6.24033e-06
log_fdev[1](39)      1.01176 -5.46728e-05
log_fdev[1](40)    -0.868278  5.92819e-05
log_fdev[1](41)     -1.28788 -0.000147614
log_fdev[2](1)     0.250595 -5.39073e-07
log_fdev[2](2)       0.1062   6.4562e-06
log_fdev[2](3)    -0.108613 -7.73701e-06
log_fdev[2](4)    -0.297205  4.73235e-06
log_fdev[2](5)     -9.25619  1.21979e-06
log_fdev[2](6)     -5.12992 -4.59409e-06
log_fdev[2](7)     -5.56326 -7.29712e-06
log_fdev[2](8)     -1.72534  3.35912e-06
log_fdev[2](9)    -0.472693 -1.26722e-06
log_fdev[2](10)       2.0658  9.29643e-06
log_fdev[2](11)      1.56665  5.49605e-06
log_fdev[2](12)      1.42057 -7.85192e-06
log_fdev[2](13)      1.31103 -3.18998e-06
log_fdev[2](14)       1.6689 -1.87437e-06
log_fdev[2](15)      1.44757 -8.18783e-06
log_fdev[2](16)     0.669236 -1.16754e-05
log_fdev[2](17)     0.855453  8.18037e-06
log_fdev[2](18)     0.351305  1.67698e-05
log_fdev[2](19)     0.541081  4.28068e-06
log_fdev[2](20)     0.574865 -5.69257e-06
log_fdev[2](21)     0.146373 -1.14419e-06
log_fdev[2](22)     0.130893  1.60334e-06
log_fdev[2](23)    0.0563994  4.08391e-07
log_fdev[2](24)    0.0152722  3.70439e-06
log_fdev[2](25)     0.736973  1.21735e-06
log_fdev[2](26)     0.496999  3.20525e-06
log_fdev[2](27)    -0.189116 -1.95367e-06
log_fdev[2](28)     0.379279  -2.5573e-06
log_fdev[2](29)     -0.85584 -8.96361e-08
log_fdev[2](30)      -0.5998  3.51163e-06
log_fdev[2](31)  -0.00207533 -5.66417e-06
log_fdev[2](32)     0.341981 -1.02672e-05
log_fdev[2](33)      1.83628 -1.71476e-05
log_fdev[2](34)      3.12473  -1.2254e-05
log_fdev[2](35)    -0.566548  -1.3065e-05
log_fdev[2](36)     0.243647 -1.45664e-05
log_fdev[2](37)        1.669 -1.00629e-05
log_fdev[2](38)     0.406867  3.35212e-06
log_fdev[2](39)      0.97706  3.53033e-06
log_fdev[2](40)     0.638758   6.5508e-06
log_fdev[2](41)   -0.0548553  7.20796e-06
log_fdev[2](42)     0.561574 -5.20891e-06
log_fdev[2](43)     0.230125 -1.99663e-05
log_foff[1]     -6.88167 -9.13851e-05
log_fdov[1](1)      1.33913 -4.79355e-05
log_fdov[1](2)      1.67451 -2.37187e-05
log_fdov[1](3)      1.31225 -2.89978e-05
log_fdov[1](4)       1.1911 -2.94693e-05
log_fdov[1](5)      1.93836 -2.84339e-05
log_fdov[1](6)      1.50919 -1.75798e-05
log_fdov[1](7)     0.667397  1.18406e-05
log_fdov[1](8)     0.447899  1.90283e-05
log_fdov[1](9)      2.84542  1.44358e-05
log_fdov[1](10)      1.34433  2.28727e-08
log_fdov[1](11)      1.54489  4.14164e-06
log_fdov[1](12)     0.736191  6.49453e-06
log_fdov[1](13)     0.795358 -1.49776e-05
log_fdov[1](14)    -0.526251 -1.27922e-05
log_fdov[1](15)      1.08523 -2.15705e-05
log_fdov[1](16)      1.24253 -2.44292e-05
log_fdov[1](17)     -1.86585 -2.66748e-05
log_fdov[1](18)    -0.357794 -8.85586e-06
log_fdov[1](19)     -2.34596    3.116e-06
log_fdov[1](20)  -0.00573422 -5.16495e-06
log_fdov[1](21)     -2.17127 -4.92413e-06
log_fdov[1](22)     -2.20446  1.67478e-06
log_fdov[1](23)     -1.24371 -1.73898e-05
log_fdov[1](24)    -0.850991 -1.13919e-05
log_fdov[1](25)     -2.75648  2.14469e-05
log_fdov[1](26)    -0.375518  2.88715e-05
log_fdov[1](27)    0.0362414  2.68312e-05
log_fdov[1](28)     0.234574  1.86367e-05
log_fdov[1](29)     0.196584  1.93865e-05
log_fdov[1](30)       2.3728  1.87171e-05
log_fdov[1](31)     0.631834  3.29036e-05
log_fdov[1](32)      1.09209   2.3974e-05
log_fdov[1](33)      1.82561  3.10551e-05
log_fdov[1](34)     0.911794  2.21077e-05
log_fdov[1](35)     0.229615  2.05814e-05
log_fdov[1](36)     0.268079  5.65336e-05
log_fdov[1](37)     -1.04147  2.33266e-05
log_fdov[1](38)     0.286515  2.34982e-05
log_fdov[1](39)     -3.33692 -8.06146e-05
log_fdov[1](40)     -4.12206 -9.50957e-05
log_fdov[1](41)     -4.55505 -3.38089e-05
rec_dev_est(1982)     0.212378  6.84058e-05
rec_dev_est(1983)    0.0892525  3.63131e-05
rec_dev_est(1984)     0.940372  6.50361e-05
rec_dev_est(1985)       1.7905  9.35698e-05
rec_dev_est(1986)      1.02755 -1.93246e-05
rec_dev_est(1987)     0.517225 -3.55863e-05
rec_dev_est(1988)    -0.501545 -2.23942e-05
rec_dev_est(1989)     -0.32115 -2.57368e-05
rec_dev_est(1990)     0.201683 -4.51269e-05
rec_dev_est(1991)     0.718022  0.000193202
rec_dev_est(1992)    -0.371159  6.27742e-05
rec_dev_est(1993)    -0.105501  0.000225377
rec_dev_est(1994)    -0.750195  7.10525e-05
rec_dev_est(1995)     -1.17862  2.24481e-05
rec_dev_est(1996)    -0.164334   1.6432e-05
rec_dev_est(1997)     -1.20628  5.74176e-05
rec_dev_est(1998)    -0.584664  4.83094e-05
rec_dev_est(1999)     -0.65343  1.76239e-05
rec_dev_est(2000)     -1.70398  1.19069e-05
rec_dev_est(2001)    -0.286513  2.55548e-05
rec_dev_est(2002)      1.36356  0.000143389
rec_dev_est(2003)    -0.223379 -1.81054e-05
rec_dev_est(2004)     -0.08396 -6.63058e-05
rec_dev_est(2005)    -0.724974 -1.36364e-05
rec_dev_est(2006)     -1.29057  2.30733e-06
rec_dev_est(2007)   -0.0471707 -9.45454e-05
rec_dev_est(2008)     0.742799 -0.000165765
rec_dev_est(2009)    -0.877582 -8.35919e-05
rec_dev_est(2010)     -0.72403 -8.62907e-05
rec_dev_est(2011)    -0.963468 -8.16647e-05
rec_dev_est(2012)    -0.140447 -8.57198e-05
rec_dev_est(2013)    -0.818562   5.8795e-05
rec_dev_est(2014)      1.30911  0.000216758
rec_dev_est(2015)      1.27705 -5.51642e-05
rec_dev_est(2016)      1.47132 -6.37213e-05
rec_dev_est(2017)    -0.613298 -1.66432e-05
rec_dev_est(2018)    -0.612993  8.67802e-06
rec_dev_est(2019)     -1.27525 -5.06493e-05
rec_dev_est(2020)   -0.0898511 -1.78958e-05
rec_dev_est(2021)     0.223998 -1.21661e-05
rec_dev_est(2022)      1.05696 -2.37313e-05
rec_dev_est(2023)     0.271772 -2.24219e-06
rec_dev_est(2024)    -0.488553 -1.22606e-05
logit_rec_prop_est(1982)      2.68539  4.24234e-05
logit_rec_prop_est(1983)      1.14594  0.000119036
logit_rec_prop_est(1984)    -0.206945  0.000302565
logit_rec_prop_est(1985)     -0.75994  0.000773262
logit_rec_prop_est(1986)     -3.56676   6.5713e-05
logit_rec_prop_est(1987)    -0.604913  5.57002e-05
logit_rec_prop_est(1988)     0.775289  0.000141819
logit_rec_prop_est(1989)     -0.40876  2.09169e-05
logit_rec_prop_est(1990)      1.19364  7.10344e-05
logit_rec_prop_est(1991)      1.22283  0.000298648
logit_rec_prop_est(1992)    -0.949351  0.000478314
logit_rec_prop_est(1993)    -0.923777  0.000773548
logit_rec_prop_est(1994)     -1.63542  0.000234438
logit_rec_prop_est(1995)    -0.876318  0.000188547
logit_rec_prop_est(1996)     -2.58782  0.000120898
logit_rec_prop_est(1997)      4.32395  -7.6696e-05
logit_rec_prop_est(1998)     -1.08796  0.000172599
logit_rec_prop_est(1999)    -0.116134  1.40271e-05
logit_rec_prop_est(2000)     -1.35915   3.6738e-05
logit_rec_prop_est(2001)      1.44798 -3.94224e-05
logit_rec_prop_est(2002)     -2.00436 -0.000121491
logit_rec_prop_est(2003)     0.392291 -0.000217423
logit_rec_prop_est(2004)     0.781857 -0.000158911
logit_rec_prop_est(2005)    -0.305705 -0.000184271
logit_rec_prop_est(2006)    -0.777882  -9.4325e-05
logit_rec_prop_est(2007)    -0.813062 -0.000652415
logit_rec_prop_est(2008)     -1.25357  -0.00153646
logit_rec_prop_est(2009)      -1.1324 -0.000470142
logit_rec_prop_est(2010)    -0.935081 -0.000479948
logit_rec_prop_est(2011)     -1.53669 -0.000549065
logit_rec_prop_est(2012)    -0.438464 -0.000265695
logit_rec_prop_est(2013)    -0.307325  6.71832e-05
logit_rec_prop_est(2014)      1.12746   0.00109348
logit_rec_prop_est(2015)    -0.136704  0.000201595
logit_rec_prop_est(2016)     -2.37273 -0.000100274
logit_rec_prop_est(2017)     -1.38786  8.10026e-05
logit_rec_prop_est(2018)      6.40737 -0.000155313
logit_rec_prop_est(2019)      0.82098 -0.000133707
logit_rec_prop_est(2020)     0.107682  0.000180687
logit_rec_prop_est(2021)     0.710694  9.46199e-05
logit_rec_prop_est(2022)     0.623324  9.24321e-05
logit_rec_prop_est(2023)   -0.0069101  0.000116405
logit_rec_prop_est(2024)      4.72531  1.73914e-05
