169.242863016141
144.479018281399
164.783653317062
69.2589617156214
84.8321512117242
182.821388495887
252.654796340492
272.099135449459
364.490205660791
399.475804495375
226.289868898075
213.297567210641
140.837818705798
202.847012087476
266.676156354969
278.293400301656
198.393205190307
90.4048604425751
87.9124671238481
116.236573430489
83.7718434105164
60.8803930675374
71.7418727945976
123.948394945842
137.701236147658
150.690154327436
124.602219065336
136.774832708561
160.281090279375
171.862067364896
128.529574455363
100.913513052437
165.058595115626
82.0797811983151
61.4263737542443
86.1098484776955
230.647665209231
203.229924227747
58.6927342304428
35.9300681580703
25.4473507121353
61.8651732360115
148.03531315211
