152.448291238919
111.69090721392
79.2615442990902
32.3704872944086
59.6007341797173
198.624658842055
241.032115973601
253.65128088505
305.524157024979
262.658063840552
129.27328260915
165.875760353657
212.227166506041
232.244360210573
225.852750218204
170.206771501974
70.2835383902269
22.9532844205104
45.5914314771453
112.189712196165
57.440302300888
67.0697789154916
63.8641369113607
113.42024637583
80.922707032787
97.7682732099069
75.4365351192052
72.9645887803476
99.7251402228597
100.299809140567
82.8230588541716
72.6803448736831
96.9799519559787
57.7213790225681
77.7066171763732
139.548608774905
283.033261393847
143.814191450323
16.9833167145869
23.9803205569901
28.0458982163276
116.06207283729
160.049509955899
