0.0013 0.0012 0.0025 0.0124 0.0538 0.1163 0.1493 0.1328 0.1171 0.1125 0.1025 0.0761 0.055 0.036 0.0204 0.0081 0.0018 7e-04 2e-04 1e-04 0 0
0.0547 0.0799 0.0108 0.0164 0.0489 0.0827 0.1223 0.1332 0.1091 0.073 0.0587 0.0583 0.0617 0.052 0.0252 0.0089 0.003 9e-04 3e-04 1e-04 0 0
0.0602 0.0995 0.0989 0.1431 0.1899 0.0631 0.0394 0.0381 0.0402 0.0359 0.0379 0.037 0.0356 0.0363 0.024 0.0107 0.0055 0.0028 0.0014 5e-04 1e-04 0
0.0429 0.0987 0.1041 0.1685 0.1213 0.0787 0.0731 0.059 0.0336 0.0313 0.0367 0.0395 0.0373 0.0302 0.0211 0.0116 0.0059 0.0035 0.002 7e-04 1e-04 0
0.0509 0.1743 0.1132 0.128 0.1062 0.111 0.0992 0.0684 0.0401 0.0319 0.024 0.0184 0.0114 0.0085 0.0066 0.0041 0.002 0.0011 6e-04 2e-04 0 0
0.0034 0.0303 0.1645 0.2324 0.163 0.1027 0.1055 0.0687 0.0394 0.0251 0.0204 0.0142 0.0102 0.0093 0.0059 0.003 0.0011 5e-04 3e-04 1e-04 0 0
0.0035 0.0467 0.0805 0.1254 0.1418 0.1548 0.131 0.0999 0.0569 0.0487 0.0353 0.0288 0.0175 0.0135 0.0083 0.0043 0.0016 8e-04 5e-04 2e-04 1e-04 0
5e-04 0.0048 0.0335 0.117 0.1222 0.11 0.0976 0.0917 0.1073 0.0975 0.0693 0.0534 0.0389 0.0281 0.0165 0.0076 0.0025 9e-04 5e-04 2e-04 0 0
0.0032 0.0275 0.0538 0.0526 0.0854 0.1138 0.1105 0.085 0.0679 0.0507 0.0447 0.0481 0.0541 0.0737 0.0631 0.0367 0.015 0.0071 0.0046 0.0018 4e-04 2e-04
0.0525 0.0635 0.08 0.1296 0.1382 0.0955 0.1107 0.0912 0.052 0.0275 0.0248 0.0244 0.0289 0.0372 0.022 0.0093 0.0041 0.0039 0.0028 0.0015 4e-04 1e-04
0.0332 0.088 0.1171 0.2314 0.2392 0.0883 0.0483 0.0415 0.0304 0.0173 0.0187 0.0148 0.0108 0.0085 0.0054 0.0034 0.0016 0.001 7e-04 3e-04 1e-04 0
0.0389 0.1133 0.1406 0.2102 0.1756 0.1397 0.0841 0.0475 0.0185 0.0101 0.007 0.0054 0.0031 0.0026 0.0017 0.001 4e-04 2e-04 1e-04 1e-04 0 0
0.0257 0.0885 0.1192 0.1534 0.1324 0.1282 0.1161 0.0887 0.0585 0.0391 0.0237 0.0137 0.0055 0.004 0.0017 0.001 3e-04 2e-04 1e-04 1e-04 0 0
0.0059 0.0231 0.039 0.0673 0.1368 0.1617 0.1505 0.135 0.0981 0.072 0.0407 0.0292 0.0196 0.012 0.006 0.0022 5e-04 1e-04 1e-04 0 0 0
0.0012 0.0034 0.016 0.0349 0.0489 0.0804 0.1096 0.1206 0.1186 0.101 0.0869 0.0837 0.0724 0.0611 0.0352 0.017 0.0057 0.0022 0.001 2e-04 0 0
8e-04 0.0022 0.0079 0.0239 0.0472 0.0638 0.0708 0.0831 0.0813 0.0948 0.091 0.0954 0.0917 0.0919 0.0686 0.042 0.0217 0.0131 0.0061 0.0021 4e-04 1e-04
0.0127 0.0128 0.0265 0.0857 0.1919 0.1221 0.1072 0.0872 0.0614 0.0406 0.0363 0.0366 0.0435 0.0503 0.0406 0.0238 0.0104 0.0061 0.0031 0.0011 2e-04 1e-04
0.0543 0.1205 0.0852 0.0748 0.1163 0.121 0.1262 0.1128 0.0631 0.0311 0.0187 0.0151 0.014 0.0154 0.0131 0.008 0.0034 0.0032 0.0021 0.0012 4e-04 1e-04
0.0199 0.0548 0.0933 0.1556 0.1425 0.1717 0.1652 0.0902 0.0402 0.023 0.0167 0.0123 0.0069 0.0042 0.0021 9e-04 2e-04 2e-04 1e-04 1e-04 0 0
0.0049 0.0078 0.0759 0.1331 0.0499 0.0828 0.1329 0.1385 0.1324 0.0996 0.0646 0.0376 0.0201 0.0106 0.0057 0.0026 6e-04 2e-04 1e-04 0 0 0
0.0078 0.0236 0.0372 0.0782 0.0767 0.1141 0.0973 0.1036 0.0803 0.0839 0.0645 0.061 0.0698 0.0547 0.0294 0.0123 0.0038 0.0013 3e-04 1e-04 0 0
0.0226 0.078 0.121 0.1211 0.2133 0.1221 0.0891 0.0563 0.0468 0.0314 0.0256 0.0199 0.0166 0.0156 0.0117 0.0045 0.0021 0.0012 6e-04 2e-04 0 0
0.0178 0.1211 0.2511 0.1321 0.1198 0.0995 0.0801 0.0905 0.0436 0.014 0.0102 0.0069 0.0035 0.004 0.0027 0.0014 7e-04 5e-04 4e-04 2e-04 0 0
0.0066 0.0262 0.0378 0.1369 0.1451 0.1286 0.1249 0.1565 0.1056 0.0406 0.0267 0.0289 0.0213 0.0099 0.0029 9e-04 3e-04 2e-04 1e-04 1e-04 0 0
0.0147 0.031 0.1048 0.1876 0.0919 0.0644 0.092 0.1064 0.0852 0.0617 0.0431 0.0486 0.03 0.0154 0.0108 0.0074 0.0032 0.0012 4e-04 0 0 0
0.0019 0.0107 0.0503 0.0817 0.1417 0.1955 0.1396 0.0947 0.0493 0.0445 0.0386 0.0427 0.0387 0.0351 0.0187 0.0096 0.0044 0.0015 6e-04 2e-04 0 0
0.0373 0.065 0.0362 0.0455 0.0474 0.0876 0.1114 0.1245 0.1296 0.1132 0.064 0.044 0.0333 0.0274 0.017 0.0093 0.0037 0.0021 9e-04 3e-04 1e-04 0
0.0485 0.0837 0.1486 0.1175 0.1466 0.0908 0.0643 0.0525 0.0368 0.0389 0.0358 0.0318 0.0326 0.0308 0.0221 0.0098 0.0039 0.0021 0.0015 9e-04 3e-04 1e-04
0.0405 0.0681 0.0747 0.1936 0.2997 0.1608 0.0674 0.0395 0.017 0.0073 0.0056 0.0044 0.0045 0.0056 0.0048 0.0027 0.0013 0.0011 9e-04 5e-04 1e-04 0
0.0537 0.0586 0.0734 0.1203 0.1298 0.1387 0.1431 0.1158 0.0626 0.0329 0.0283 0.0168 0.0091 0.0057 0.0043 0.0022 0.0016 0.0011 0.0011 7e-04 2e-04 1e-04
0.0189 0.0664 0.1477 0.125 0.0848 0.0906 0.1107 0.111 0.0766 0.0539 0.0395 0.0332 0.0184 0.0101 0.0077 0.0034 0.0012 5e-04 3e-04 1e-04 1e-04 0
0.0196 0.0843 0.1117 0.1001 0.1394 0.121 0.1026 0.0704 0.0465 0.0454 0.0457 0.0436 0.0295 0.0142 0.0121 0.0072 0.0034 0.0018 0.001 4e-04 1e-04 0
0.018 0.0851 0.0353 0.0983 0.203 0.1053 0.1026 0.1128 0.0739 0.0484 0.0326 0.0236 0.0172 0.015 0.0136 0.0085 0.004 0.0015 9e-04 4e-04 1e-04 0
0.0616 0.1856 0.2465 0.1679 0.0868 0.0634 0.0566 0.044 0.029 0.0173 0.0123 0.0116 0.0064 0.0047 0.0031 0.0013 6e-04 3e-04 4e-04 3e-04 2e-04 1e-04
0.0165 0.166 0.2256 0.2267 0.1777 0.0866 0.0393 0.0234 0.0107 0.0066 0.0067 0.0056 0.004 0.0022 0.0013 7e-04 3e-04 1e-04 1e-04 0 0 0
0.0182 0.0757 0.1269 0.293 0.1933 0.1034 0.0806 0.0507 0.0233 0.0144 0.0103 0.0053 0.0025 9e-04 8e-04 4e-04 1e-04 0 0 0 0 0
0.0042 0.0035 0.0405 0.1429 0.1917 0.2367 0.1653 0.0937 0.0488 0.0259 0.0172 0.0126 0.0076 0.0056 0.0026 0.001 2e-04 1e-04 0 0 0 0
7e-04 6e-04 7e-04 0.01 0.0639 0.1135 0.1178 0.1535 0.1508 0.1355 0.1063 0.0673 0.0391 0.0251 0.0099 0.0032 0.0013 5e-04 2e-04 1e-04 0 0
0.0307 0.0315 0.0368 0.0203 0.0323 0.0233 0.0261 0.0358 0.0457 0.085 0.1375 0.1805 0.1612 0.1005 0.0386 0.0111 0.0022 6e-04 2e-04 0 0 0
0.0645 0.119 0.0983 0.2207 0.2142 0.1174 0.0594 0.0349 0.0172 0.0145 0.0115 0.0091 0.0079 0.0051 0.0034 0.0016 8e-04 3e-04 1e-04 0 0 0
0.0688 0.1731 0.3077 0.1298 0.0899 0.0888 0.0649 0.0408 0.0143 0.0072 0.0038 0.003 0.0021 0.0025 0.0017 8e-04 4e-04 2e-04 1e-04 0 0 0
0.019 0.1031 0.1337 0.1488 0.1824 0.1548 0.085 0.0688 0.04 0.0237 0.0183 0.0106 0.0059 0.0034 0.0015 5e-04 2e-04 2e-04 1e-04 0 0 0
0.0089 0.0198 0.0468 0.1279 0.1813 0.1425 0.1312 0.1169 0.0993 0.0425 0.0261 0.0257 0.0144 0.0081 0.0044 0.0028 7e-04 3e-04 1e-04 0 0 0
