ParName   Value   Gradient
T_pars_est[3]      14.2337   -0.0114959
T_pars_est[11]      9.69396   -9.014e-06
T_pars_est[12]      9.69807 -1.60152e-05
T_pars_est[13]      9.72304 -1.05928e-05
T_pars_est[14]      9.83924  7.71744e-06
T_pars_est[15]      10.3615 -2.76547e-05
T_pars_est[16]      10.9851  -6.8153e-06
T_pars_est[17]      11.4606   1.8881e-05
T_pars_est[18]      11.6543  2.94684e-05
T_pars_est[19]      11.7502  2.91268e-05
T_pars_est[20]      11.7966  1.27952e-05
T_pars_est[21]      11.7671 -1.59317e-05
T_pars_est[22]      11.5123 -4.14514e-05
T_pars_est[23]      11.1619 -8.80207e-05
T_pars_est[24]      10.7859 -0.000227895
T_pars_est[25]      10.7572 -0.000532801
T_pars_est[26]      11.5238 -5.81471e-05
T_pars_est[27]      11.0555  0.000113045
T_pars_est[28]      10.2509 -4.20445e-06
T_pars_est[29]      9.25449  4.60114e-05
T_pars_est[30]      8.26508  4.25559e-06
T_pars_est[31]      7.45164  3.65496e-06
T_pars_est[32]      7.05316  2.94133e-06
T_pars_est[33]      12.9458 -6.83686e-05
T_pars_est[34]       13.478 -0.000109592
T_pars_est[35]      13.4149 -0.000139405
T_pars_est[36]       13.509 -0.000161604
T_pars_est[37]      12.9717 -0.000127841
T_pars_est[38]      13.0582  -0.00014956
T_pars_est[39]      12.7787 -0.000185623
T_pars_est[40]      12.5317  -0.00017875
T_pars_est[41]      12.4583 -0.000158565
T_pars_est[42]      11.9299 -0.000241898
T_pars_est[43]      11.3221 -0.000197533
T_pars_est[44]      11.2583 -6.22701e-05
T_pars_est[45]      11.3468 -1.23321e-05
T_pars_est[46]       10.319 -4.22746e-05
T_pars_est[47]      8.96764 -2.86338e-05
T_pars_est[48]      7.96075 -2.18279e-07
T_pars_est[49]      7.21007  1.20759e-06
T_pars_est[50]      6.66563  1.28687e-07
T_pars_est[51]      6.26556  2.99053e-05
T_pars_est[52]      5.96703 -8.58303e-06
T_pars_est[53]      5.75777 -4.61935e-06
T_pars_est[54]      5.64878 -4.65063e-06
T_pars_est[55]      11.0451  1.19335e-06
T_pars_est[56]      11.0982  1.69719e-05
T_pars_est[57]      11.1867  2.17399e-06
T_pars_est[58]      11.6386  2.12027e-06
T_pars_est[59]      13.0669 -1.95577e-05
T_pars_est[60]      13.6072  3.80081e-05
T_pars_est[61]      13.2506 -2.33516e-05
T_pars_est[62]      12.3925 -2.38981e-05
T_pars_est[63]      11.3991  2.76242e-05
T_pars_est[64]      10.3173  1.70881e-05
T_pars_est[65]       9.5571 -3.08242e-05
T_pars_est[66]      9.11412  9.53828e-06
T_pars_est[67]      8.90574  -6.9722e-05
T_pars_est[68]      8.81207 -1.71701e-05
T_pars_est[69]       8.6553 -9.48311e-06
T_pars_est[70]      8.40564  -3.1763e-05
T_pars_est[71]      8.11295 -1.91565e-05
T_pars_est[72]      7.83462 -1.73195e-06
T_pars_est[73]      7.57972 -1.15323e-05
T_pars_est[74]      7.34322 -1.17429e-05
T_pars_est[75]      7.17969 -7.94177e-06
T_pars_est[76]      7.08486 -2.89747e-06
T_pars_est[77]     -13.2581  1.92985e-06
T_pars_est[78]     -13.4587 -1.09129e-05
T_pars_est[79]     -13.5353 -5.06886e-06
T_pars_est[80]     -13.4766  1.87461e-06
T_pars_est[81]     -12.8841 -1.78232e-05
T_pars_est[82]     -14.2008  -1.7767e-05
T_pars_est[83]     -15.3725   2.6036e-05
T_pars_est[84]     -16.2644  5.37599e-06
T_pars_est[85]     -16.9302  1.56427e-05
T_pars_est[86]     -17.3931 -1.89852e-05
T_pars_est[87]     -17.7155 -1.19009e-05
T_pars_est[88]     -17.9858  5.84247e-06
T_pars_est[89]     -18.2094  1.76596e-05
T_pars_est[90]     -18.4079 -1.69092e-06
T_pars_est[91]     -18.5828 -2.22749e-06
T_pars_est[92]     -18.7385 -1.86112e-05
T_pars_est[93]     -18.8772  2.68118e-05
G_pars_est[1]     0.984269 -0.000909367
G_pars_est[2]    -0.241246   0.00123939
G_pars_est[4]     -4.84163  0.000223224
G_pars_est[5]    -0.427389  -0.00183381
M_pars_est[1]      0.29282   0.00116686
M_pars_est[2]      1.51172  6.22659e-05
M_pars_est[3]    0.0548484  3.80837e-05
M_pars_est[5]     -0.07656   0.00081531
M_pars_est[7]      2.35225 -0.000197695
M_pars_est[9]     0.265513 -0.000227173
M_pars_est[10]    -0.491512 -4.99098e-06
M_pars_est[11]     0.969696 -4.25418e-05
M_pars_est[13]     0.839228 -7.27219e-05
M_pars_est[14]      1.69036 -2.94295e-05
M_pars_est[15]      6.87965  1.37061e-07
S_pars_est[1]       4.6605    0.0196165
S_pars_est[2]      1.64101  -0.00584433
S_pars_est[3]      4.78166  0.000352837
S_pars_est[4]       2.4002 -0.000246328
S_pars_est[5]     -3.34191 -7.93957e-07
S_pars_est[6]     -2.58437 -1.83962e-05
S_pars_est[7]     -2.19511 -1.15321e-06
S_pars_est[8]     -1.41259 -9.82067e-06
S_pars_est[9]     -1.48507  5.66512e-06
S_pars_est[10]     -1.29147 -4.13216e-06
S_pars_est[11]     -1.01664 -1.01392e-05
S_pars_est[12]     -1.00182   1.3668e-05
S_pars_est[13]     -1.12351 -1.50745e-05
S_pars_est[14]     -1.10198  5.28617e-06
S_pars_est[15]     -1.03609 -6.15435e-07
S_pars_est[16]    -0.994947  9.44763e-07
S_pars_est[17]    -0.964644 -1.48744e-05
S_pars_est[18]    -0.848783  -4.8864e-06
S_pars_est[19]    -0.818557 -8.30054e-06
S_pars_est[20]     -0.95836  4.36086e-07
S_pars_est[21]    -0.846944  2.42111e-05
S_pars_est[22]    -0.653876  1.07131e-06
S_pars_est[23]    -0.473209 -1.74012e-06
S_pars_est[24]    -0.313286  8.03739e-06
S_pars_est[25]    -0.222734  4.33129e-06
S_pars_est[26]    -0.290671  2.56366e-06
S_pars_est[27]       -4.363    2.294e-06
S_pars_est[28]     -3.17555  2.05461e-05
S_pars_est[29]     -2.46275  9.07505e-06
S_pars_est[30]     -1.81894 -1.08452e-05
S_pars_est[31]     -1.62744  4.62358e-06
S_pars_est[32]     -1.36696  2.26181e-05
S_pars_est[33]     -1.15322 -5.72162e-06
S_pars_est[34]     -1.07641 -1.06896e-05
S_pars_est[35]     -1.14091 -8.61378e-06
S_pars_est[36]     -1.14738  2.88916e-06
S_pars_est[37]     -1.11204  -3.0845e-06
S_pars_est[38]     -1.06447 -1.06599e-05
S_pars_est[39]     -1.03204 -2.08732e-05
S_pars_est[40]    -0.886866 -1.41786e-05
S_pars_est[41]    -0.679432 -1.56082e-05
S_pars_est[42]    -0.377669 -1.61353e-06
S_pars_est[43]    -0.270946  2.15246e-06
S_pars_est[44]    -0.182894  5.83672e-06
S_pars_est[45]    -0.153602  6.83631e-06
S_pars_est[46]     -0.12476  2.35647e-06
S_pars_est[47]    -0.110084 -6.74614e-06
S_pars_est[48]    -0.128491  9.68726e-06
S_pars_est[49]       4.2238 -0.000715559
S_pars_est[50]      1.03238  2.71891e-06
S_pars_est[51]     -3.42132  -1.1637e-05
S_pars_est[52]      -3.7971 -1.29586e-05
S_pars_est[53]     -2.62536  6.94278e-06
S_pars_est[54]     -1.38279  4.74948e-07
S_pars_est[55]     -1.10776  9.09966e-06
S_pars_est[56]    -0.528176 -1.10304e-06
S_pars_est[57]    -0.570747 -1.52116e-05
S_pars_est[58]    -0.730673  5.05336e-06
S_pars_est[59]    -0.793905  4.18345e-06
S_pars_est[60]    -0.897049   3.5921e-06
S_pars_est[61]    -0.891505   -8.997e-06
S_pars_est[62]    -0.865658 -5.61221e-06
S_pars_est[63]    -0.838143  1.55597e-05
S_pars_est[64]    -0.795802  4.98152e-06
S_pars_est[65]    -0.724864 -6.95468e-06
S_pars_est[66]    -0.632987  5.53415e-07
S_pars_est[67]    -0.530453  1.01161e-05
S_pars_est[68]    -0.424169  1.33892e-05
S_pars_est[69]    -0.314406  1.81102e-06
S_pars_est[70]    -0.199762  9.02297e-06
S_pars_est[71]   -0.0832159 -3.35307e-06
S_pars_est[73]     -2.58404  5.06938e-05
S_pars_est[74]     -2.81398 -7.42459e-06
S_pars_est[75]     -1.76818  -4.4902e-05
S_pars_est[76]    -0.958252  5.95628e-05
S_pars_est[77]    -0.700873  8.18831e-06
S_pars_est[78]    -0.245286 -3.15807e-05
S_pars_est[79]    -0.270117 -2.31758e-05
S_pars_est[80]    -0.820819 -8.69922e-06
S_pars_est[81]    -0.966336 -6.26512e-06
S_pars_est[82]     -1.13368  7.76661e-06
S_pars_est[83]     -1.22562 -1.25008e-05
S_pars_est[84]    -0.957724  8.65581e-06
S_pars_est[85]    -0.827288 -9.61365e-06
S_pars_est[86]    -0.777794 -1.07175e-05
S_pars_est[87]    -0.710661  -8.4591e-06
S_pars_est[88]     -0.62336  9.51165e-06
S_pars_est[89]    -0.524191 -1.13201e-05
S_pars_est[90]    -0.419933 -2.61058e-07
S_pars_est[91]    -0.311311 -6.45296e-06
S_pars_est[92]    -0.197207  1.64766e-05
S_pars_est[93]   -0.0805093 -1.19088e-05
S_pars_est[95]      4.58429   -0.0999841
S_pars_est[96]     -1.13353   0.00124401
log_fbar[1]     -0.17322  -0.00526783
log_fbar[2]     -5.15531 -0.000518075
log_fdev[1](1)      -1.2744 -0.000254337
log_fdev[1](2)     -1.72775 -0.000273499
log_fdev[1](3)     -1.11823 -0.000304856
log_fdev[1](4)    -0.766678 -0.000302479
log_fdev[1](5)    -0.641708 -0.000195116
log_fdev[1](6)    -0.288648 -0.000119313
log_fdev[1](7)    -0.225023 -0.000203765
log_fdev[1](8)    -0.144359  -0.00024814
log_fdev[1](9)      1.05569 -0.000197515
log_fdev[1](10)      0.66312 -0.000244954
log_fdev[1](11)     0.862795 -6.67034e-05
log_fdev[1](12)     0.839251  0.000159784
log_fdev[1](13)      0.50723  0.000101587
log_fdev[1](14)     0.664417  -0.00016354
log_fdev[1](15)      0.81394 -0.000161503
log_fdev[1](16)      1.10553 -4.07133e-05
log_fdev[1](17)      1.09388 -7.55759e-06
log_fdev[1](18)    -0.177181 -0.000157106
log_fdev[1](19)     -0.15026 -0.000113318
log_fdev[1](20)     0.379066 -0.000147236
log_fdev[1](21)    -0.198014  -0.00033355
log_fdev[1](22)     -1.80687 -0.000655666
log_fdev[1](23)     -0.82219 -0.000500315
log_fdev[1](24)    -0.805376 -0.000349757
log_fdev[1](25)    -0.197735 -0.000243336
log_fdev[1](26)     0.181129 -0.000271132
log_fdev[1](27)   -0.0526135 -0.000273731
log_fdev[1](28)     -0.39219 -0.000173659
log_fdev[1](29)    -0.746572  -0.00025417
log_fdev[1](30)   -0.0405342 -0.000242922
log_fdev[1](31)     0.373614 -0.000103594
log_fdev[1](32)     0.543753  -0.00017047
log_fdev[1](33)     0.991879 -0.000229851
log_fdev[1](34)     0.964714 -0.000208515
log_fdev[1](35)     0.448013 -0.000264658
log_fdev[1](36)     0.207019 -0.000105676
log_fdev[1](37)      1.06184  -0.00012928
log_fdev[1](38)     0.291579 -0.000179152
log_fdev[1](39)     0.797489 -0.000219873
log_fdev[1](40)     -1.15379  1.10065e-05
log_fdev[1](41)     -1.11583  6.89583e-05
log_fdev[2](1)     0.303819 -1.11605e-06
log_fdev[2](2)     0.152254  2.16242e-05
log_fdev[2](3)   -0.0611204  1.14405e-05
log_fdev[2](4)    -0.249894  3.39226e-06
log_fdev[2](5)     -9.21006 -5.25962e-06
log_fdev[2](6)     -5.08018 -1.70447e-05
log_fdev[2](7)     -5.48175  1.10684e-05
log_fdev[2](8)     -1.57789  1.18593e-05
log_fdev[2](9)    -0.192939   -2.153e-05
log_fdev[2](10)      2.30517  1.74368e-05
log_fdev[2](11)      1.78093 -7.43055e-06
log_fdev[2](12)      1.55728  3.89002e-06
log_fdev[2](13)      1.37438 -3.31261e-05
log_fdev[2](14)      1.72715 -2.33401e-05
log_fdev[2](15)      1.60571   4.4406e-06
log_fdev[2](16)     0.998015  -5.3319e-06
log_fdev[2](17)     0.999355  1.92374e-05
log_fdev[2](18)     0.433842 -2.27648e-05
log_fdev[2](19)     0.716349  2.74174e-07
log_fdev[2](20)     0.573513 -2.67353e-05
log_fdev[2](21)    -0.217104 -5.91064e-05
log_fdev[2](22)    -0.384063 -4.29517e-05
log_fdev[2](23)    -0.206441 -7.44318e-05
log_fdev[2](24)   -0.0450769 -2.97356e-05
log_fdev[2](25)     0.762821 -7.81937e-06
log_fdev[2](26)     0.518367  8.34346e-06
log_fdev[2](27)    -0.105313 -1.57707e-05
log_fdev[2](28)     0.510809 -9.31012e-06
log_fdev[2](29)     -0.96324 -1.77601e-05
log_fdev[2](30)    -0.547752  1.21014e-06
log_fdev[2](31)   -0.0259598 -3.93387e-05
log_fdev[2](32)      0.17889 -4.57395e-06
log_fdev[2](33)      1.74186  -5.9017e-06
log_fdev[2](34)      2.97261  2.75771e-05
log_fdev[2](35)    -0.727502  1.06095e-05
log_fdev[2](36)    0.0869776  5.14399e-05
log_fdev[2](37)      1.61928 -6.13941e-06
log_fdev[2](38)     0.419492 -6.42853e-05
log_fdev[2](39)     0.779199  -5.5488e-05
log_fdev[2](40)     0.412593 -3.10964e-05
log_fdev[2](41)    -0.245043  2.90711e-05
log_fdev[2](42)      0.45654   1.1342e-05
log_fdev[2](43)     0.334119 -2.91814e-05
log_foff[1]      -6.7288   0.00049404
log_fdov[1](1)     0.924095  2.30645e-05
log_fdov[1](2)      1.28768 -3.82881e-05
log_fdov[1](3)     0.934613 -8.66939e-05
log_fdov[1](4)     0.817186 -6.12025e-05
log_fdov[1](5)      1.60276 -4.49081e-06
log_fdov[1](6)      1.32448  2.33478e-05
log_fdov[1](7)     0.736545  -1.1771e-05
log_fdov[1](8)     0.487854  1.64689e-05
log_fdov[1](9)      2.53192  2.59125e-05
log_fdov[1](10)     0.999749  4.96882e-05
log_fdov[1](11)      1.18123  0.000123323
log_fdov[1](12)     0.524919  0.000135185
log_fdov[1](13)     0.648111  9.06922e-05
log_fdov[1](14)     -0.40904  7.40966e-05
log_fdov[1](15)     0.777648  7.64938e-05
log_fdov[1](16)      0.50886   6.9378e-05
log_fdov[1](17)     -1.35075   8.4619e-05
log_fdov[1](18)    -0.619197  7.17844e-05
log_fdov[1](19)     -2.24991  4.04289e-05
log_fdov[1](20)  -0.00270997  8.52752e-05
log_fdov[1](21)     -1.51722  7.24543e-05
log_fdov[1](22)     0.186691  1.83574e-05
log_fdov[1](23)    -0.994743  8.10877e-06
log_fdov[1](24)    -0.811276  3.98721e-05
log_fdov[1](25)     -2.69579  1.94718e-06
log_fdov[1](26)     -0.35972 -6.60029e-06
log_fdov[1](27)   -0.0120559 -2.27018e-06
log_fdov[1](28)     0.189291  2.92821e-06
log_fdov[1](29)     0.545458 -3.97117e-05
log_fdov[1](30)       2.3146   -3.495e-05
log_fdov[1](31)     0.395858  3.31506e-05
log_fdov[1](32)     0.991686 -4.13057e-05
log_fdov[1](33)      1.62714 -4.36488e-05
log_fdov[1](34)     0.787747 -4.75097e-05
log_fdov[1](35)     0.200715 -7.14898e-05
log_fdov[1](36)     0.301523 -0.000101979
log_fdov[1](37)     -1.04491 -5.05076e-05
log_fdov[1](38)     0.222297  4.00979e-05
log_fdov[1](39)     -3.27209  9.83595e-05
log_fdov[1](40)     -3.98283  0.000100345
log_fdov[1](41)     -3.72841  9.70357e-05
rec_dev_est(1982)     0.235969 -0.000330702
rec_dev_est(1983)     0.049949 -0.000232698
rec_dev_est(1984)     0.788361 -6.65639e-05
rec_dev_est(1985)      1.37879  0.000157041
rec_dev_est(1986)     0.926207  0.000134201
rec_dev_est(1987)      1.07138  0.000392798
rec_dev_est(1988)    -0.291884 -0.000283987
rec_dev_est(1989)     -0.42263 -0.000243598
rec_dev_est(1990)    0.0809174 -0.000765702
rec_dev_est(1991)     0.593018  -0.00104448
rec_dev_est(1992)    -0.289742 -8.90066e-05
rec_dev_est(1993)    0.0514626  1.28886e-05
rec_dev_est(1994)    -0.133382 -0.000211285
rec_dev_est(1995)     -1.06133 -9.58118e-05
rec_dev_est(1996)    -0.637109  -0.00153764
rec_dev_est(1997)    -0.922472  -0.00112145
rec_dev_est(1998)     -1.45413  1.72935e-05
rec_dev_est(1999)    -0.918874 -0.000431987
rec_dev_est(2000)     -0.99581 -3.12942e-05
rec_dev_est(2001)    -0.340433 -0.000418497
rec_dev_est(2002)       1.2667 -0.000326183
rec_dev_est(2003)    -0.383332 -0.000195039
rec_dev_est(2004)    -0.147408 -0.000162664
rec_dev_est(2005)    -0.739218 -0.000112394
rec_dev_est(2006)     -1.72234 -8.98017e-06
rec_dev_est(2007)    -0.976677 -7.03833e-06
rec_dev_est(2008)      1.27921 -0.000116665
rec_dev_est(2009)     -0.67895  4.28128e-05
rec_dev_est(2010)    -0.651665  6.10511e-05
rec_dev_est(2011)    -0.697557   5.1698e-05
rec_dev_est(2012)    -0.108598 -6.39585e-05
rec_dev_est(2013)    -0.559471   0.00016648
rec_dev_est(2014)      1.20947 -0.000276052
rec_dev_est(2015)      1.23554  4.33895e-05
rec_dev_est(2016)      1.50325  6.79366e-05
rec_dev_est(2017)    -0.699519  1.97947e-05
rec_dev_est(2018)    -0.365388  2.45288e-05
rec_dev_est(2019)     -1.28945  1.88959e-05
rec_dev_est(2020)    0.0934225  -4.3217e-05
rec_dev_est(2021)     0.326343  1.03118e-05
rec_dev_est(2022)      1.08513    3.987e-05
rec_dev_est(2023)     0.225672 -1.40689e-05
rec_dev_est(2024)    -0.501435 -1.45776e-05
logit_rec_prop_est(1982)      2.28296 -0.000103348
logit_rec_prop_est(1983)       1.2058 -1.96108e-05
logit_rec_prop_est(1984)    -0.381853 -0.000456878
logit_rec_prop_est(1985)    -0.498807 -0.000147943
logit_rec_prop_est(1986)     -3.12027 -4.11926e-05
logit_rec_prop_est(1987)     -1.15101 -0.000152913
logit_rec_prop_est(1988)  -0.00762255 -0.000381879
logit_rec_prop_est(1989)    -0.503577  5.80639e-05
logit_rec_prop_est(1990)      1.26556  0.000314313
logit_rec_prop_est(1991)      1.07379  -0.00208212
logit_rec_prop_est(1992)    -0.668638  -0.00150729
logit_rec_prop_est(1993)     -2.62041 -0.000218179
logit_rec_prop_est(1994)     -1.93075  -0.00132044
logit_rec_prop_est(1995)     -1.74565 -0.000574375
logit_rec_prop_est(1996)      1.11938  -0.00152466
logit_rec_prop_est(1997)      2.25314 -0.000167984
logit_rec_prop_est(1998)      -3.1324    0.0001872
logit_rec_prop_est(1999)     0.456823 -0.000553019
logit_rec_prop_est(2000)      -1.9745  0.000275762
logit_rec_prop_est(2001)      1.50715  1.82991e-05
logit_rec_prop_est(2002)     -1.90142  -0.00125811
logit_rec_prop_est(2003)      1.76871  0.000345222
logit_rec_prop_est(2004)      1.04102  8.76987e-05
logit_rec_prop_est(2005)     0.044797  0.000228493
logit_rec_prop_est(2006)      1.75793  0.000436102
logit_rec_prop_est(2007)      1.19393  0.000562062
logit_rec_prop_est(2008)      -1.6969   0.00100168
logit_rec_prop_est(2009)     -1.66074  0.000713927
logit_rec_prop_est(2010)    -0.818304   0.00103233
logit_rec_prop_est(2011)     -1.08068   0.00120237
logit_rec_prop_est(2012)    -0.317399   0.00014766
logit_rec_prop_est(2013)      1.28306  0.000473486
logit_rec_prop_est(2014)      1.27238 -0.000319757
logit_rec_prop_est(2015)     0.219076 -0.000137413
logit_rec_prop_est(2016)     -2.48094  0.000543725
logit_rec_prop_est(2017)     -0.62083  0.000668744
logit_rec_prop_est(2018)      5.66669  0.000469152
logit_rec_prop_est(2019)     -1.57281  0.000391384
logit_rec_prop_est(2020)      0.54291 -5.98508e-05
logit_rec_prop_est(2021)     0.356972  0.000406448
logit_rec_prop_est(2022)     0.523983  0.000498213
logit_rec_prop_est(2023)   0.00325534  0.000445974
logit_rec_prop_est(2024)      3.04617  0.000437809
