ParName   Value   Gradient
T_pars_est[3]      13.7796   0.00147364
T_pars_est[11]      9.44831  2.21047e-05
T_pars_est[12]      9.45502 -1.40389e-05
T_pars_est[13]       9.4834 -4.38965e-06
T_pars_est[14]      9.59476  7.36813e-06
T_pars_est[15]      10.0712  3.61117e-05
T_pars_est[16]      10.6515  7.74336e-06
T_pars_est[17]      11.1261  2.01793e-06
T_pars_est[18]      11.3366  4.14313e-06
T_pars_est[19]      11.4314 -1.12592e-05
T_pars_est[20]       11.469 -4.15955e-06
T_pars_est[21]       11.438  1.18563e-05
T_pars_est[22]      11.2273  1.13392e-05
T_pars_est[23]      10.9579  5.38745e-06
T_pars_est[24]      10.7378  1.69044e-05
T_pars_est[25]      10.9269  7.17993e-06
T_pars_est[26]       11.707  9.58127e-05
T_pars_est[27]      11.2309  0.000155352
T_pars_est[28]      10.3147   9.8661e-05
T_pars_est[29]      9.29539   1.2203e-05
T_pars_est[30]      8.30078  1.75604e-05
T_pars_est[31]      7.47511  5.65887e-06
T_pars_est[32]       7.0679 -9.41452e-06
T_pars_est[33]      12.8288 -2.23063e-06
T_pars_est[34]      13.3501  3.26363e-05
T_pars_est[35]      13.2851  2.41135e-05
T_pars_est[36]      13.3829  4.45296e-05
T_pars_est[37]      12.8503  3.28138e-05
T_pars_est[38]      12.9301  4.35989e-05
T_pars_est[39]      12.6767  5.28039e-05
T_pars_est[40]      12.4231  6.15972e-05
T_pars_est[41]      12.3303  6.72471e-05
T_pars_est[42]      11.8604  5.06667e-05
T_pars_est[43]      11.1851  4.59687e-05
T_pars_est[44]       10.964  7.45325e-05
T_pars_est[45]      11.0257  9.67477e-05
T_pars_est[46]      10.2174  4.33111e-05
T_pars_est[47]      8.92598   6.3959e-06
T_pars_est[48]      7.88275 -3.61301e-06
T_pars_est[49]      7.12025  3.69117e-06
T_pars_est[50]      6.58434 -2.73467e-06
T_pars_est[51]      6.19599 -1.00878e-05
T_pars_est[52]      5.91097 -9.53025e-06
T_pars_est[53]      5.71472  1.35187e-05
T_pars_est[54]       5.6135  6.81364e-06
T_pars_est[55]      10.6696  2.24102e-06
T_pars_est[56]      10.7404  1.94542e-06
T_pars_est[57]      10.8566 -1.18338e-05
T_pars_est[58]      11.4488 -6.74357e-06
T_pars_est[59]       12.957 -2.76608e-05
T_pars_est[60]      13.5652 -7.98816e-07
T_pars_est[61]      13.2409  3.49725e-05
T_pars_est[62]       12.378  7.82366e-06
T_pars_est[63]      11.4149  4.41468e-06
T_pars_est[64]        10.31  1.05532e-05
T_pars_est[65]      9.55265  1.82808e-05
T_pars_est[66]      9.07169  1.35779e-05
T_pars_est[67]      8.82682  1.71283e-05
T_pars_est[68]      8.71739   2.8243e-05
T_pars_est[69]      8.56678  2.48945e-05
T_pars_est[70]      8.36544 -2.49281e-06
T_pars_est[71]      8.15463 -1.36131e-05
T_pars_est[72]      7.96078 -1.08671e-05
T_pars_est[73]      7.79064  -9.4136e-06
T_pars_est[74]      7.64107  2.83578e-06
T_pars_est[75]      7.53444  5.39494e-06
T_pars_est[76]      7.47393 -3.80595e-06
T_pars_est[77]     -13.6738 -1.00927e-05
T_pars_est[78]     -13.8596 -7.95974e-06
T_pars_est[79]     -13.8803 -1.54795e-05
T_pars_est[80]     -13.6556 -3.34034e-05
T_pars_est[81]     -12.9885  4.09439e-05
T_pars_est[82]     -14.2423 -2.33202e-05
T_pars_est[83]     -15.3764  -1.7786e-06
T_pars_est[84]     -16.2565  9.72575e-06
T_pars_est[85]     -16.9196  3.37579e-05
T_pars_est[86]     -17.3839   1.5134e-05
T_pars_est[87]     -17.7085  -2.6449e-05
T_pars_est[88]     -17.9809 -4.02148e-06
T_pars_est[89]      -18.206 -7.21194e-06
T_pars_est[90]     -18.4056  -2.5656e-06
T_pars_est[91]     -18.5814  1.07308e-05
T_pars_est[92]     -18.7377  3.80092e-06
T_pars_est[93]     -18.8768 -8.98966e-06
G_pars_est[1]       1.0101  0.000511065
G_pars_est[2]    -0.241558  -0.00101545
G_pars_est[4]     -4.69805 -1.73113e-05
G_pars_est[5]    -0.422399  0.000132657
S_pars_est[5]      -3.3003  5.47403e-06
S_pars_est[6]      -2.5667  6.69769e-06
S_pars_est[7]     -2.18594 -2.28754e-05
S_pars_est[8]     -1.39108 -3.92778e-06
S_pars_est[9]     -1.45901 -1.48994e-06
S_pars_est[10]     -1.25873  8.03837e-06
S_pars_est[11]    -0.979333   1.1878e-05
S_pars_est[12]     -0.95751   1.4862e-06
S_pars_est[13]     -1.07179 -6.70691e-06
S_pars_est[14]     -1.04548  3.16253e-06
S_pars_est[15]    -0.980976  1.49782e-05
S_pars_est[16]    -0.951028 -1.88417e-06
S_pars_est[17]    -0.932564 -1.45316e-05
S_pars_est[18]    -0.833223 -1.28688e-05
S_pars_est[19]    -0.825197 -6.20176e-06
S_pars_est[20]     -0.87994  1.54324e-06
S_pars_est[21]    -0.735306  1.62213e-05
S_pars_est[22]    -0.647221  1.06124e-05
S_pars_est[23]    -0.457899 -1.05302e-05
S_pars_est[24]    -0.297134  4.81412e-06
S_pars_est[25]    -0.201321  3.50887e-06
S_pars_est[26]    -0.245723 -1.49638e-05
S_pars_est[27]     -4.08427 -2.44554e-05
S_pars_est[28]     -2.82444  1.53485e-05
S_pars_est[29]     -2.20334  2.25639e-05
S_pars_est[30]     -1.63084  2.97726e-05
S_pars_est[31]      -1.4735  8.90628e-07
S_pars_est[32]      -1.2255  1.31127e-05
S_pars_est[33]     -1.00737  1.96953e-05
S_pars_est[34]     -0.93509  1.43293e-05
S_pars_est[35]     -1.02967  7.21889e-06
S_pars_est[36]     -1.06016  4.07623e-06
S_pars_est[37]     -1.02835 -3.35236e-06
S_pars_est[38]    -0.984947 -1.37018e-05
S_pars_est[39]    -0.953846  9.99664e-06
S_pars_est[40]     -0.79804 -1.62642e-06
S_pars_est[41]    -0.536072   4.2443e-06
S_pars_est[42]    -0.306026 -5.96345e-06
S_pars_est[43]    -0.218284 -9.59524e-07
S_pars_est[44]    -0.156947 -1.22563e-08
S_pars_est[45]    -0.145175 -4.08997e-06
S_pars_est[46]    -0.122057 -3.73074e-06
S_pars_est[47]   -0.0967003 -9.00278e-06
S_pars_est[48]    -0.102527 -2.17699e-06
S_pars_est[51]     -2.91451 -6.92397e-06
S_pars_est[52]     -3.31599  -4.5299e-06
S_pars_est[53]     -2.19465  8.59648e-07
S_pars_est[54]     -1.22454 -1.39966e-05
S_pars_est[55]     -1.00612   2.6979e-06
S_pars_est[56]    -0.493623 -6.08073e-06
S_pars_est[57]    -0.584674  1.81457e-05
S_pars_est[58]    -0.752092  6.36947e-06
S_pars_est[59]    -0.814267  8.38752e-06
S_pars_est[60]    -0.909529 -5.05445e-06
S_pars_est[61]    -0.899141  4.33968e-06
S_pars_est[62]    -0.865829 -1.92343e-08
S_pars_est[63]    -0.836508 -2.24792e-06
S_pars_est[64]     -0.79363  3.80266e-06
S_pars_est[65]    -0.723264   5.2542e-06
S_pars_est[66]    -0.632506  2.83415e-07
S_pars_est[67]    -0.530819  -9.7576e-07
S_pars_est[68]    -0.424898  3.44928e-06
S_pars_est[69]    -0.315244  4.30019e-07
S_pars_est[70]    -0.200668  5.92291e-06
S_pars_est[71]   -0.0842862  5.10513e-06
S_pars_est[73]     -1.84141  2.18168e-05
S_pars_est[74]     -2.29782 -5.76881e-06
S_pars_est[75]     -1.41466  9.45518e-06
S_pars_est[76]    -0.757292  6.07074e-06
S_pars_est[77]    -0.563964   2.1603e-05
S_pars_est[78]    -0.223896  4.06772e-05
S_pars_est[79]    -0.423023 -2.40525e-05
S_pars_est[80]     -1.08302 -2.03626e-06
S_pars_est[81]     -1.20786  1.43487e-05
S_pars_est[82]     -1.54715 -8.13876e-06
S_pars_est[83]     -1.65357  1.29336e-05
S_pars_est[84]     -1.14952 -5.38577e-06
S_pars_est[85]    -0.844069  4.03824e-06
S_pars_est[86]    -0.778737  5.24718e-07
S_pars_est[87]    -0.710741  1.50026e-06
S_pars_est[88]    -0.623382 -1.24783e-06
S_pars_est[89]    -0.524192   3.6698e-06
S_pars_est[90]    -0.419921 -5.77786e-06
S_pars_est[91]    -0.311291   2.8612e-06
S_pars_est[92]    -0.197181  1.32134e-06
S_pars_est[93]   -0.0804743 -8.45907e-06
log_fbar[1]  -0.00171416  0.000133518
log_fbar[2]     -5.58759  4.21841e-05
log_fdev[1](1)     -1.56652   4.0313e-05
log_fdev[1](2)     -1.86349  0.000121525
log_fdev[1](3)     -1.21812  9.13746e-05
log_fdev[1](4)    -0.849304  7.73165e-05
log_fdev[1](5)    -0.704844  6.24684e-05
log_fdev[1](6)    -0.328326 -9.43148e-05
log_fdev[1](7)    -0.260284 -6.34522e-05
log_fdev[1](8)     -0.18594  1.29643e-05
log_fdev[1](9)      1.02351  7.61389e-05
log_fdev[1](10)     0.599176 -9.00061e-05
log_fdev[1](11)     0.822798 -7.58294e-05
log_fdev[1](12)     0.843244 -5.81086e-05
log_fdev[1](13)      0.51156    3.235e-05
log_fdev[1](14)     0.674759 -3.95485e-05
log_fdev[1](15)     0.803154    2.024e-05
log_fdev[1](16)      1.07858  1.50883e-05
log_fdev[1](17)      1.08184 -8.47706e-05
log_fdev[1](18)     -0.16238 -5.86357e-05
log_fdev[1](19)    -0.112491  2.56462e-05
log_fdev[1](20)     0.424853  7.50998e-05
log_fdev[1](21)    -0.225635  5.85784e-05
log_fdev[1](22)     -1.90369 -4.86875e-05
log_fdev[1](23)    -0.944904 -6.57635e-05
log_fdev[1](24)    -0.940972 -0.000112933
log_fdev[1](25)    -0.342259  1.37507e-05
log_fdev[1](26)    0.0355566  0.000124258
log_fdev[1](27)    -0.175818  0.000104968
log_fdev[1](28)    -0.503154 -6.23804e-05
log_fdev[1](29)    -0.867146 -7.74156e-05
log_fdev[1](30)    -0.140539 -0.000128998
log_fdev[1](31)     0.320952 -1.45953e-05
log_fdev[1](32)     0.525871  2.28495e-05
log_fdev[1](33)      1.04123 -4.17658e-05
log_fdev[1](34)      1.06669 -0.000205453
log_fdev[1](35)     0.608166 -0.000120517
log_fdev[1](36)     0.662296  4.24513e-05
log_fdev[1](37)      1.05654  0.000101403
log_fdev[1](38)      1.48157  2.03178e-05
log_fdev[1](39)      1.22305  2.18605e-05
log_fdev[1](40)     -1.17189 -2.39653e-06
log_fdev[1](41)     -1.41769  0.000192535
log_fdev[2](1)     0.160215  1.69443e-06
log_fdev[2](2)     0.156946  1.97114e-05
log_fdev[2](3)    0.0288266 -4.27027e-06
log_fdev[2](4)    -0.129076  7.18968e-06
log_fdev[2](5)     -9.09319  -2.0594e-06
log_fdev[2](6)     -5.00136 -2.23029e-05
log_fdev[2](7)      -5.4273 -8.25224e-06
log_fdev[2](8)     -1.54452 -1.27755e-05
log_fdev[2](9)    -0.245409  2.74196e-05
log_fdev[2](10)      2.32857 -9.15717e-07
log_fdev[2](11)      1.79793    2.839e-07
log_fdev[2](12)      1.51526  1.19165e-05
log_fdev[2](13)      1.26721  1.80963e-05
log_fdev[2](14)      1.58722  8.10105e-06
log_fdev[2](15)      1.49678  3.57326e-05
log_fdev[2](16)     0.959107  4.17205e-05
log_fdev[2](17)      1.01386  2.96277e-05
log_fdev[2](18)     0.448117  2.53071e-05
log_fdev[2](19)     0.706177  2.74671e-05
log_fdev[2](20)     0.491968  2.30949e-05
log_fdev[2](21)    -0.270136  1.28228e-05
log_fdev[2](22)    -0.339213 -9.41949e-06
log_fdev[2](23)    -0.134938 -6.08673e-06
log_fdev[2](24)   -0.0167823  -1.1923e-05
log_fdev[2](25)     0.690066  7.92721e-06
log_fdev[2](26)     0.429952  1.79046e-05
log_fdev[2](27)    -0.140114 -2.09819e-06
log_fdev[2](28)     0.493925 -4.35021e-06
log_fdev[2](29)    -0.864553 -7.64074e-06
log_fdev[2](30)     -0.49127 -1.23492e-05
log_fdev[2](31)    -0.059964 -5.92188e-06
log_fdev[2](32)     0.115638  9.51653e-06
log_fdev[2](33)      1.69392 -1.81461e-05
log_fdev[2](34)      2.92189 -2.01894e-05
log_fdev[2](35)    -0.721935 -1.68915e-05
log_fdev[2](36)     0.330189  8.47057e-06
log_fdev[2](37)      1.61983  3.12617e-06
log_fdev[2](38)     0.993629  1.45037e-05
log_fdev[2](39)     0.917017  1.13799e-05
log_fdev[2](40)     0.390179 -6.15644e-06
log_fdev[2](41)    -0.383662  1.51823e-06
log_fdev[2](42)     0.247931  1.85687e-05
log_fdev[2](43)    0.0610668 -3.14036e-06
log_foff[1]     -6.65855 -0.000151928
log_fdov[1](1)      1.23836 -4.17907e-05
log_fdov[1](2)       1.4514  1.96396e-05
log_fdov[1](3)      1.06819   4.0988e-05
log_fdov[1](4)     0.949186  4.14096e-05
log_fdov[1](5)      1.73672  1.05673e-05
log_fdov[1](6)      1.51514 -8.53634e-05
log_fdov[1](7)       0.9416 -3.05858e-05
log_fdov[1](8)     0.662512 -2.52684e-05
log_fdov[1](9)       2.6758 -4.36769e-06
log_fdov[1](10)      1.13708 -6.51509e-05
log_fdov[1](11)      1.28583 -7.96401e-06
log_fdov[1](12)     0.577369  3.82409e-06
log_fdov[1](13)     0.703233 -2.06823e-05
log_fdov[1](14)    -0.355905  -3.1675e-05
log_fdov[1](15)     0.873074  5.37338e-06
log_fdov[1](16)     0.629927  -4.6635e-06
log_fdov[1](17)     -1.27362 -3.68372e-05
log_fdov[1](18)    -0.620574 -2.64572e-05
log_fdov[1](19)     -2.29396 -7.32585e-06
log_fdov[1](20)   -0.0486427 -1.32294e-05
log_fdov[1](21)     -1.49721 -7.73644e-06
log_fdov[1](22)     0.276641  1.23084e-05
log_fdov[1](23)    -0.919398  1.11935e-05
log_fdov[1](24)    -0.498861 -1.28029e-05
log_fdov[1](25)     -2.49173  5.00423e-06
log_fdov[1](26)    -0.217581 -1.16807e-05
log_fdov[1](27)    0.0903265 -6.08551e-06
log_fdov[1](28)     0.261209 -2.83183e-05
log_fdov[1](29)     0.622684  1.53682e-05
log_fdov[1](30)      2.65249   4.7643e-06
log_fdov[1](31)      0.65018  1.14382e-05
log_fdov[1](32)      1.15694 -6.20859e-06
log_fdov[1](33)      1.70575  1.14783e-05
log_fdov[1](34)     0.821384 -4.49263e-05
log_fdov[1](35)     0.165663 -2.40354e-05
log_fdov[1](36)  -0.00489741 -1.71412e-05
log_fdov[1](37)    -0.772455  2.13045e-05
log_fdov[1](38)      -1.3241  1.14365e-07
log_fdov[1](39)     -4.50586   4.4691e-05
log_fdov[1](40)     -4.91408  5.65295e-05
log_fdov[1](41)     -4.10983  1.79091e-06
rec_dev_est(1982)     0.561573  7.19845e-05
rec_dev_est(1983)     0.345913  0.000103221
rec_dev_est(1984)     0.936246 -0.000142346
rec_dev_est(1985)      1.51331  5.82361e-05
rec_dev_est(1986)     0.817047 -2.36856e-05
rec_dev_est(1987)       1.0404 -1.07051e-05
rec_dev_est(1988)    -0.202246  0.000203389
rec_dev_est(1989)    -0.304048  3.62675e-05
rec_dev_est(1990)     0.347833  0.000195771
rec_dev_est(1991)     0.904027  0.000545222
rec_dev_est(1992)    -0.110361  5.79464e-05
rec_dev_est(1993)   -0.0575584  4.16514e-05
rec_dev_est(1994)    -0.328624  4.79047e-05
rec_dev_est(1995)    -0.658326   4.5538e-05
rec_dev_est(1996)    -0.396035  9.65373e-06
rec_dev_est(1997)    -0.489915 -9.88866e-05
rec_dev_est(1998)     -1.35221 -5.27895e-06
rec_dev_est(1999)    -0.654689 -4.20423e-05
rec_dev_est(2000)    -0.838421  4.25421e-05
rec_dev_est(2001)    0.0289229  0.000216046
rec_dev_est(2002)       1.2302  9.08163e-05
rec_dev_est(2003)    -0.139873  -0.00024629
rec_dev_est(2004)     0.257956 -0.000379267
rec_dev_est(2005)     -0.62389 -8.07956e-05
rec_dev_est(2006)      -1.4681  -6.1923e-05
rec_dev_est(2007)    -0.605025 -0.000130213
rec_dev_est(2008)      1.08291 -0.000519564
rec_dev_est(2009)    -0.727511 -1.58102e-05
rec_dev_est(2010)    -0.578157  9.00468e-05
rec_dev_est(2011)    -0.727229  9.56084e-05
rec_dev_est(2012)    -0.439085  0.000166876
rec_dev_est(2013)    -0.552818  0.000131241
rec_dev_est(2014)     0.310835  9.17614e-05
rec_dev_est(2015)      0.20198  8.82082e-05
rec_dev_est(2016)    0.0807257  8.35609e-05
rec_dev_est(2017)     -1.65538  5.67128e-05
rec_dev_est(2018)     -1.33192  8.45477e-06
rec_dev_est(2019)     -1.06451   1.7835e-07
rec_dev_est(2020)     0.596658   1.8396e-05
rec_dev_est(2021)     0.497927 -1.96822e-06
rec_dev_est(2022)      1.22567  2.00515e-05
rec_dev_est(2023)     0.302203  9.01339e-06
rec_dev_est(2024)    -0.567072  3.14362e-05
logit_rec_prop_est(1982)      2.67605  3.60605e-05
logit_rec_prop_est(1983)      1.76239 -4.53978e-05
logit_rec_prop_est(1984)    0.0583221   0.00049604
logit_rec_prop_est(1985)    0.0882263 -0.000139735
logit_rec_prop_est(1986)      -2.5821 -0.000192709
logit_rec_prop_est(1987)     -0.59259  0.000540946
logit_rec_prop_est(1988)      1.14082  0.000399568
logit_rec_prop_est(1989)    -0.208748  0.000145479
logit_rec_prop_est(1990)      1.60849  8.61859e-06
logit_rec_prop_est(1991)      1.60921   0.00077811
logit_rec_prop_est(1992)   -0.0798676  0.000467133
logit_rec_prop_est(1993)     -2.33593 -0.000183235
logit_rec_prop_est(1994)     -1.21788   0.00016545
logit_rec_prop_est(1995)     -1.91851  0.000170552
logit_rec_prop_est(1996)      1.81374  0.000146091
logit_rec_prop_est(1997)      2.46783 -0.000121694
logit_rec_prop_est(1998)     -2.69494 -6.23981e-05
logit_rec_prop_est(1999)     0.952692 -0.000261866
logit_rec_prop_est(2000)     -1.70236 -7.81234e-05
logit_rec_prop_est(2001)      1.90728  0.000213209
logit_rec_prop_est(2002)     -1.38932  0.000422269
logit_rec_prop_est(2003)      2.66655 -7.49099e-05
logit_rec_prop_est(2004)      1.28003 -0.000967838
logit_rec_prop_est(2005)     0.213701 -0.000419479
logit_rec_prop_est(2006)      2.66186 -2.06326e-05
logit_rec_prop_est(2007)      1.28888 -0.000329947
logit_rec_prop_est(2008)     -1.05225  -0.00302976
logit_rec_prop_est(2009)     -0.86202   -0.0001402
logit_rec_prop_est(2010)     -0.53652  0.000380677
logit_rec_prop_est(2011)    -0.673937  0.000487677
logit_rec_prop_est(2012)    -0.521503  0.000873575
logit_rec_prop_est(2013)      1.71075 -4.50554e-05
logit_rec_prop_est(2014)    0.0356355 -3.54258e-05
logit_rec_prop_est(2015)     -3.42968  9.20858e-05
logit_rec_prop_est(2016)     -1.04652  0.000271484
logit_rec_prop_est(2017)     -2.74729  0.000342344
logit_rec_prop_est(2018)     -3.00925  6.81317e-05
logit_rec_prop_est(2019)    -0.456371 -9.23803e-05
logit_rec_prop_est(2020)     0.279856  3.98773e-05
logit_rec_prop_est(2021)    0.0160053 -9.12313e-05
logit_rec_prop_est(2022)     0.299482  3.30348e-05
logit_rec_prop_est(2023)    -0.362958 -0.000113837
logit_rec_prop_est(2024)      2.88275  -5.8096e-05
