ParName   Value   Gradient
T_pars_est[3]      13.7988  -0.00607254
T_pars_est[11]      9.41611   1.0593e-05
T_pars_est[12]      9.42745  -1.1178e-05
T_pars_est[13]      9.46494 -2.40161e-05
T_pars_est[14]      9.56088 -3.01967e-05
T_pars_est[15]      9.98446 -1.14397e-05
T_pars_est[16]      10.5138 -1.37954e-05
T_pars_est[17]      10.9329  2.91247e-05
T_pars_est[18]      11.1099  3.34463e-05
T_pars_est[19]       11.168   5.0528e-05
T_pars_est[20]      11.2031  1.76979e-05
T_pars_est[21]      11.1962 -2.58413e-06
T_pars_est[22]      11.0237 -4.17014e-05
T_pars_est[23]      10.8323 -5.29704e-05
T_pars_est[24]       10.734 -4.97595e-05
T_pars_est[25]      11.0166 -0.000271399
T_pars_est[26]      11.8311 -0.000175447
T_pars_est[27]      11.3043 -3.39468e-05
T_pars_est[28]      10.3468  8.86726e-05
T_pars_est[29]      9.31447 -5.05915e-06
T_pars_est[30]      8.32706 -4.42935e-05
T_pars_est[31]      7.51298  4.73954e-06
T_pars_est[32]      7.11821 -2.03637e-05
T_pars_est[33]       12.014 -7.64786e-05
T_pars_est[34]      12.0611 -8.10268e-05
T_pars_est[35]      12.3922  4.07707e-05
T_pars_est[36]      13.3594 -4.53918e-05
T_pars_est[37]      12.8813   -7.657e-06
T_pars_est[38]      13.0143  7.01182e-06
T_pars_est[39]      12.8352 -7.06542e-05
T_pars_est[40]      12.6239 -7.25426e-05
T_pars_est[41]      12.5213 -0.000125159
T_pars_est[42]      12.1177 -0.000148189
T_pars_est[43]      11.4927 -0.000143625
T_pars_est[44]      11.2631 -5.99668e-05
T_pars_est[45]      11.2754  -6.0166e-05
T_pars_est[46]      10.3635 -4.53741e-05
T_pars_est[47]      9.03935  -1.0317e-05
T_pars_est[48]      8.00127  2.12689e-05
T_pars_est[49]      7.25891  1.83136e-05
T_pars_est[50]      6.74347  3.48101e-06
T_pars_est[51]      6.37088  4.57446e-06
T_pars_est[52]      6.09478 -6.41189e-06
T_pars_est[53]      5.90183 -9.15079e-06
T_pars_est[54]       5.8009  3.81485e-06
T_pars_est[55]      11.8563 -2.70973e-05
T_pars_est[56]      11.8832 -1.01667e-05
T_pars_est[57]      11.9498  7.58777e-06
T_pars_est[58]      12.1913 -2.70981e-05
T_pars_est[59]      13.4121   3.3575e-05
T_pars_est[60]      13.5354 -2.79042e-05
T_pars_est[61]      12.9809 -2.34381e-05
T_pars_est[62]      12.1357 -4.16922e-05
T_pars_est[63]      11.0338 -4.34045e-05
T_pars_est[64]      9.95363  -4.7164e-05
T_pars_est[65]       9.2295  -5.2238e-05
T_pars_est[66]      8.77505 -4.46518e-05
T_pars_est[67]      8.48577 -5.12847e-05
T_pars_est[68]      8.39721 -5.53506e-05
T_pars_est[69]      8.30344 -9.09601e-05
T_pars_est[70]      8.16726 -0.000118622
T_pars_est[71]      8.01606 -0.000112742
T_pars_est[72]      7.87132 -9.20802e-05
T_pars_est[73]      7.73777 -3.23578e-05
T_pars_est[74]      7.61532 -6.48266e-05
T_pars_est[75]      7.52665 -0.000103521
T_pars_est[76]      7.47556 -0.000135661
T_pars_est[77]     -13.8506 -3.91992e-05
T_pars_est[78]     -13.9287 -1.32916e-05
T_pars_est[79]     -14.0739  2.26057e-05
T_pars_est[80]     -14.2531 -9.33436e-06
T_pars_est[81]     -13.7452 -7.50209e-05
T_pars_est[82]     -13.5188  0.000205919
T_pars_est[83]       -14.59 -5.50574e-05
T_pars_est[84]      -15.594 -9.96302e-06
T_pars_est[85]     -16.3998 -3.93501e-05
T_pars_est[86]     -17.0303  5.74682e-06
T_pars_est[87]      -17.488  1.98371e-05
T_pars_est[88]     -17.8336 -2.80396e-05
T_pars_est[89]      -18.107 -5.77389e-06
T_pars_est[90]     -18.3359 -8.41016e-06
T_pars_est[91]      -18.534 -1.48848e-05
T_pars_est[92]     -18.7084 -8.60087e-06
T_pars_est[93]     -18.8631  2.00213e-05
G_pars_est[1]      1.07585 -0.000554625
G_pars_est[2]    -0.239294   0.00133648
G_pars_est[4]     -4.59999 -0.000393481
G_pars_est[5]    -0.419095   0.00296213
S_pars_est[5]     -3.02618  1.15321e-05
S_pars_est[6]     -2.54938  4.94419e-05
S_pars_est[7]     -2.25757  3.34757e-05
S_pars_est[8]     -1.32825  -3.0099e-06
S_pars_est[9]     -1.28339 -4.26969e-05
S_pars_est[10]     -1.08429  2.18151e-05
S_pars_est[11]     -0.80391  6.49448e-06
S_pars_est[12]    -0.780474 -1.64576e-05
S_pars_est[13]    -0.893397  1.13238e-05
S_pars_est[14]    -0.889097 -1.38426e-05
S_pars_est[15]     -0.85862  2.79448e-05
S_pars_est[16]    -0.853617  1.81772e-05
S_pars_est[17]     -0.85862  8.58458e-06
S_pars_est[18]    -0.808109  8.60194e-06
S_pars_est[19]    -0.858386  7.04543e-06
S_pars_est[20]    -0.959247 -1.08052e-05
S_pars_est[21]    -0.808499  1.34983e-05
S_pars_est[22]    -0.715353  3.93582e-06
S_pars_est[23]    -0.499526   2.2136e-05
S_pars_est[24]    -0.326872 -2.73028e-05
S_pars_est[25]    -0.238743  -9.6213e-06
S_pars_est[26]     -0.31743   1.2038e-05
S_pars_est[27]     -3.31722 -8.70582e-06
S_pars_est[28]     -2.36777 -1.65481e-05
S_pars_est[29]     -1.76005 -2.28612e-05
S_pars_est[30]     -1.05855  8.37267e-05
S_pars_est[31]    -0.860717  7.64359e-06
S_pars_est[32]    -0.678713  -2.0334e-05
S_pars_est[33]    -0.504334   6.9396e-06
S_pars_est[34]    -0.462071 -5.54234e-06
S_pars_est[35]    -0.571161 -2.81659e-06
S_pars_est[36]    -0.624369 -2.33604e-05
S_pars_est[37]    -0.629317 -7.62303e-07
S_pars_est[38]     -0.61434 -2.62842e-05
S_pars_est[39]    -0.618012 -1.69991e-05
S_pars_est[40]    -0.529766 -3.57948e-05
S_pars_est[41]    -0.357741 -3.44318e-05
S_pars_est[42]    -0.238921  2.19135e-05
S_pars_est[43]    -0.261635  2.39054e-05
S_pars_est[44]    -0.274475 -2.14853e-05
S_pars_est[45]    -0.271819  2.39819e-05
S_pars_est[46]    -0.225154  1.89973e-05
S_pars_est[47]    -0.165067 -9.79593e-06
S_pars_est[48]    -0.169459   7.6381e-06
S_pars_est[51]     -4.59561   6.9306e-05
S_pars_est[52]     -4.76789 -1.56095e-05
S_pars_est[53]     -3.57628 -6.86159e-05
S_pars_est[54]      -1.5701  1.95894e-06
S_pars_est[55]     -1.05514 -3.49823e-05
S_pars_est[56]    -0.498737  3.52367e-06
S_pars_est[57]     -0.56672  6.70423e-06
S_pars_est[58]    -0.789872  2.77838e-05
S_pars_est[59]    -0.861513   -1.242e-05
S_pars_est[60]    -0.941567 -8.14188e-06
S_pars_est[61]    -0.921471  2.13133e-05
S_pars_est[62]    -0.872729  2.26299e-05
S_pars_est[63]    -0.836475 -6.45293e-06
S_pars_est[64]    -0.788854  8.09575e-06
S_pars_est[65]    -0.719605  2.60985e-05
S_pars_est[66]    -0.630285 -6.06272e-06
S_pars_est[67]    -0.529535 -1.84116e-05
S_pars_est[68]    -0.424133 -8.19469e-06
S_pars_est[69]    -0.314802  2.37622e-05
S_pars_est[70]     -0.20039  1.36124e-05
S_pars_est[71]   -0.0840663   1.4665e-05
S_pars_est[73]     -3.07077  1.80503e-05
S_pars_est[74]     -2.59003  4.61123e-05
S_pars_est[75]     -2.03621 -1.75766e-05
S_pars_est[76]    -0.812974  -6.1062e-05
S_pars_est[77]    -0.399173  3.65724e-05
S_pars_est[78]    -0.251763  1.21685e-05
S_pars_est[79]    -0.562987  -2.3326e-05
S_pars_est[80]     -1.23207 -3.69184e-05
S_pars_est[81]     -1.46777 -3.91444e-05
S_pars_est[82]     -1.87536  6.00999e-07
S_pars_est[83]     -1.85404 -1.48363e-05
S_pars_est[84]     -1.21866 -8.06106e-06
S_pars_est[85]     -0.85084  9.28448e-06
S_pars_est[86]    -0.779189 -1.93627e-05
S_pars_est[87]     -0.71082 -2.32925e-05
S_pars_est[88]    -0.623425 -4.34517e-06
S_pars_est[89]     -0.52422  5.70769e-06
S_pars_est[90]    -0.419938  9.68706e-06
S_pars_est[91]    -0.311302  1.24627e-05
S_pars_est[92]    -0.197187  2.37116e-05
S_pars_est[93]   -0.0804796 -2.51401e-07
log_fbar[1]   -0.0442567  -0.00295934
log_fbar[2]     -5.62478 -0.000160992
log_fdev[1](1)     -1.60518 -0.000220758
log_fdev[1](2)     -1.98243 -0.000178169
log_fdev[1](3)     -1.37307 -7.63919e-05
log_fdev[1](4)     -0.99133  2.72643e-05
log_fdev[1](5)    -0.765732 -2.75519e-05
log_fdev[1](6)    -0.251236 -0.000211663
log_fdev[1](7)    -0.122626  7.98433e-05
log_fdev[1](8)   -0.0873456 -0.000295023
log_fdev[1](9)     0.915918 -0.000727409
log_fdev[1](10)     0.327231 -0.000869434
log_fdev[1](11)     0.638607 -0.000728193
log_fdev[1](12)     0.807238 -0.000215747
log_fdev[1](13)     0.535827  0.000228756
log_fdev[1](14)     0.607534 -0.000270597
log_fdev[1](15)     0.583364 -0.000340768
log_fdev[1](16)     0.413731 -0.000301189
log_fdev[1](17)      1.02781  -0.00041799
log_fdev[1](18)    -0.449547 -8.90784e-05
log_fdev[1](19)    -0.458229 -1.55162e-05
log_fdev[1](20)     0.165989  5.20194e-05
log_fdev[1](21)     0.256476 -0.000153137
log_fdev[1](22)    -0.507759 -7.66186e-05
log_fdev[1](23)    -0.718204 -6.70421e-06
log_fdev[1](24)    -0.898845 -7.84111e-06
log_fdev[1](25)    -0.289149 -0.000108782
log_fdev[1](26)       0.1031 -0.000211937
log_fdev[1](27)    -0.113135  3.17489e-05
log_fdev[1](28)    -0.426176    0.0001456
log_fdev[1](29)    -0.798228 -7.82784e-05
log_fdev[1](30)    -0.065247 -8.81442e-06
log_fdev[1](31)     0.431498 -5.11679e-06
log_fdev[1](32)     0.615559   0.00010096
log_fdev[1](33)      1.09359  0.000134003
log_fdev[1](34)      1.09596   0.00017249
log_fdev[1](35)     0.652423  0.000210187
log_fdev[1](36)     0.726303  7.36277e-05
log_fdev[1](37)      1.16527  -0.00019058
log_fdev[1](38)      1.55116 -4.08521e-05
log_fdev[1](39)      1.13553 -6.30183e-05
log_fdev[1](40)     -1.34049 -8.70709e-05
log_fdev[1](41)     -1.60616 -0.000247479
log_fdev[2](1)     0.133167 -2.10601e-05
log_fdev[2](2)    0.0548576 -7.33726e-06
log_fdev[2](3)    -0.108156 -4.88619e-05
log_fdev[2](4)    -0.248465 -1.20483e-06
log_fdev[2](5)     -9.12691 -1.41797e-05
log_fdev[2](6)     -4.91329  3.03125e-06
log_fdev[2](7)     -5.31197 -1.38262e-05
log_fdev[2](8)     -1.47608 -4.05412e-05
log_fdev[2](9)    -0.275318 -7.26877e-05
log_fdev[2](10)      2.22889 -4.64321e-05
log_fdev[2](11)       1.7086  4.40086e-05
log_fdev[2](12)      1.51435  8.02019e-05
log_fdev[2](13)      1.29136  4.96922e-05
log_fdev[2](14)      1.55693 -8.01072e-05
log_fdev[2](15)      1.40219 -6.34068e-05
log_fdev[2](16)     0.723574  -5.0845e-05
log_fdev[2](17)     0.840872  6.37841e-06
log_fdev[2](18)     0.297941   1.9534e-05
log_fdev[2](19)     0.546188 -5.15245e-06
log_fdev[2](20)     0.495979 -3.72222e-05
log_fdev[2](21)    0.0237461  1.58567e-06
log_fdev[2](22)    0.0477694 -5.39724e-06
log_fdev[2](23)    0.0893245  2.47352e-05
log_fdev[2](24)    0.0575054  3.68377e-05
log_fdev[2](25)     0.728155 -3.98966e-05
log_fdev[2](26)     0.480982  1.60914e-05
log_fdev[2](27)   -0.0812182  2.92261e-05
log_fdev[2](28)     0.560459 -1.08214e-05
log_fdev[2](29)    -0.793526   3.8114e-05
log_fdev[2](30)    -0.410882  1.53755e-05
log_fdev[2](31)    0.0308046 -1.05602e-05
log_fdev[2](32)     0.176863 -6.64697e-05
log_fdev[2](33)      1.73429 -2.31133e-05
log_fdev[2](34)      2.95856 -1.47773e-05
log_fdev[2](35)    -0.687165 -3.02312e-05
log_fdev[2](36)     0.366127 -5.83851e-05
log_fdev[2](37)      1.65919 -3.89836e-05
log_fdev[2](38)     0.989285 -6.87677e-05
log_fdev[2](39)     0.835743 -3.81542e-05
log_fdev[2](40)     0.271632 -7.17667e-05
log_fdev[2](41)    -0.491131 -1.89095e-05
log_fdev[2](42)     0.150309  -7.3208e-05
log_fdev[2](43)   -0.0315338 -1.79861e-05
log_foff[1]     -6.76771  -0.00197644
log_fdov[1](1)      1.63234  -8.0518e-05
log_fdov[1](2)      1.92571   -0.0001001
log_fdov[1](3)      1.57857  4.70132e-05
log_fdov[1](4)      1.44929 -3.27321e-06
log_fdov[1](5)      2.12948 -9.05662e-05
log_fdov[1](6)      1.64666  -7.6591e-05
log_fdov[1](7)     0.803031  9.00956e-05
log_fdov[1](8)     0.474069 -0.000131395
log_fdov[1](9)      2.77352 -0.000399203
log_fdov[1](10)      1.42325 -0.000441211
log_fdov[1](11)      1.61037 -0.000368198
log_fdov[1](12)      0.69741 -0.000284152
log_fdov[1](13)     0.700627 -0.000180973
log_fdov[1](14)    -0.586976 -0.000107589
log_fdov[1](15)      1.04424 -5.57558e-05
log_fdov[1](16)      1.25909 -0.000148057
log_fdov[1](17)     -1.80648 -0.000163371
log_fdov[1](18)    -0.175098 -0.000129964
log_fdov[1](19)     -2.25377 -0.000110661
log_fdov[1](20)     0.108281 -4.35919e-05
log_fdov[1](21)     -2.05996 -3.84805e-05
log_fdov[1](22)     -1.95972 -8.20365e-05
log_fdov[1](23)    -0.995762 -8.55237e-05
log_fdov[1](24)     -0.45789  -0.00012844
log_fdov[1](25)     -2.62905 -7.62914e-05
log_fdov[1](26)    -0.319321 -6.66388e-05
log_fdov[1](27)   -0.0186592  1.65412e-05
log_fdov[1](28)     0.107171  8.57892e-05
log_fdov[1](29)     0.374296   0.00010326
log_fdov[1](30)      2.50517  6.01905e-05
log_fdov[1](31)     0.708526  5.40447e-05
log_fdov[1](32)      1.29681  9.13629e-05
log_fdov[1](33)      1.86977  6.31209e-05
log_fdov[1](34)     0.983111  3.72764e-05
log_fdov[1](35)     0.240649   9.7138e-05
log_fdov[1](36)    0.0169642  0.000127934
log_fdov[1](37)    -0.792675  9.69006e-05
log_fdov[1](38)     -1.36824  0.000127082
log_fdov[1](39)     -4.29092  5.78355e-05
log_fdov[1](40)      -4.6347  0.000109401
log_fdov[1](41)     -5.00917  -3.5699e-05
rec_dev_est(1982)     0.523365 -0.000546376
rec_dev_est(1983)     0.284249 -2.28753e-05
rec_dev_est(1984)       1.0967  -0.00137003
rec_dev_est(1985)      1.75488  -0.00030317
rec_dev_est(1986)     0.864151 -0.000244897
rec_dev_est(1987)     0.461034   0.00113514
rec_dev_est(1988)    -0.351358  0.000212861
rec_dev_est(1989)   -0.0504441 -0.000117301
rec_dev_est(1990)      0.58189  -0.00112371
rec_dev_est(1991)       1.0241 -0.000432246
rec_dev_est(1992)     -0.33418 -4.37722e-05
rec_dev_est(1993)   -0.0815449  0.000274121
rec_dev_est(1994)    -0.844308  2.57298e-05
rec_dev_est(1995)       -1.138 -1.17582e-05
rec_dev_est(1996)    -0.231114  -0.00048501
rec_dev_est(1997)    -0.951461  0.000426438
rec_dev_est(1998)    -0.314469  0.000111463
rec_dev_est(1999)    -0.689274 -7.12597e-05
rec_dev_est(2000)     -1.68594  1.98943e-05
rec_dev_est(2001)    -0.132471  0.000291023
rec_dev_est(2002)      1.43751 -0.000339035
rec_dev_est(2003)    -0.158013 -1.37268e-06
rec_dev_est(2004)     0.305677  0.000325538
rec_dev_est(2005)    -0.534216 -1.86957e-05
rec_dev_est(2006)     -1.14844  3.30108e-05
rec_dev_est(2007)    0.0996541  6.09114e-05
rec_dev_est(2008)     0.699383  0.000640449
rec_dev_est(2009)    -0.898572  0.000103043
rec_dev_est(2010)    -0.564514 -0.000115414
rec_dev_est(2011)    -0.733117 -0.000301834
rec_dev_est(2012)    -0.263544 -0.000346481
rec_dev_est(2013)    -0.495182 -0.000430498
rec_dev_est(2014)     0.497761 -0.000904389
rec_dev_est(2015)    0.0774927 -3.00241e-05
rec_dev_est(2016)     0.118867 -0.000140316
rec_dev_est(2017)     -1.26032  1.10547e-06
rec_dev_est(2018)     -1.43215  3.33285e-05
rec_dev_est(2019)    -0.749556  9.77466e-05
rec_dev_est(2020)     0.394728   5.0362e-05
rec_dev_est(2021)     0.421092  6.22178e-05
rec_dev_est(2022)      1.37212  1.07603e-05
rec_dev_est(2023)   -0.0513284  -1.8162e-05
rec_dev_est(2024)    -0.511967 -1.58377e-05
logit_rec_prop_est(1982)      3.00294  0.000299543
logit_rec_prop_est(1983)      1.44558  -0.00112136
logit_rec_prop_est(1984)     0.218149   0.00171888
logit_rec_prop_est(1985)    -0.381683   0.00546218
logit_rec_prop_est(1986)     -3.33618  0.000801643
logit_rec_prop_est(1987)     0.233902   0.00134352
logit_rec_prop_est(1988)      1.32961  0.000652817
logit_rec_prop_est(1989)    -0.854173   0.00052733
logit_rec_prop_est(1990)      1.45965  -0.00100256
logit_rec_prop_est(1991)      1.35801  0.000812988
logit_rec_prop_est(1992)     -1.14291   0.00036772
logit_rec_prop_est(1993)    -0.711685   0.00154307
logit_rec_prop_est(1994)     -1.30956  0.000387944
logit_rec_prop_est(1995)    -0.470709  0.000139256
logit_rec_prop_est(1996)     -1.09626  -0.00119924
logit_rec_prop_est(1997)      2.93428  0.000231395
logit_rec_prop_est(1998)    -0.246832   0.00126037
logit_rec_prop_est(1999)     0.666598  0.000286675
logit_rec_prop_est(2000)     0.883871 -0.000174222
logit_rec_prop_est(2001)      2.28687 -0.000220472
logit_rec_prop_est(2002)     -1.59534  -0.00124388
logit_rec_prop_est(2003)      1.65339 -0.000148103
logit_rec_prop_est(2004)      1.07836   -0.0018983
logit_rec_prop_est(2005)    -0.261763 -0.000474607
logit_rec_prop_est(2006)    0.0128734 -0.000340401
logit_rec_prop_est(2007)     -0.30329  3.93316e-07
logit_rec_prop_est(2008)    -0.449074  0.000947819
logit_rec_prop_est(2009)    -0.567303 -2.23094e-05
logit_rec_prop_est(2010)    -0.696762   -0.0012228
logit_rec_prop_est(2011)    -0.713473  -0.00159767
logit_rec_prop_est(2012)    -0.735051  -0.00167551
logit_rec_prop_est(2013)     0.784801  -0.00425029
logit_rec_prop_est(2014)    0.0948045   -0.0040721
logit_rec_prop_est(2015)     -2.78605 -0.000938143
logit_rec_prop_est(2016)     -1.05474  -0.00120887
logit_rec_prop_est(2017)     -3.57144 -0.000145737
logit_rec_prop_est(2018)     -3.26845 -6.05933e-05
logit_rec_prop_est(2019)      1.80286  0.000437124
logit_rec_prop_est(2020)     -0.40936  0.000565815
logit_rec_prop_est(2021)      0.27734  -5.4785e-05
logit_rec_prop_est(2022)     0.152885 -0.000164084
logit_rec_prop_est(2023)      1.97803 -0.000154007
logit_rec_prop_est(2024)      2.30729 -0.000207299
