ParName   Value   Gradient
T_pars_est[3]      13.6961   0.00983713
T_pars_est[11]      8.51227 -1.78036e-05
T_pars_est[12]      8.52628  1.61918e-05
T_pars_est[13]      8.59044 -2.48344e-06
T_pars_est[14]      8.82579  2.31146e-05
T_pars_est[15]      9.33528  2.47775e-06
T_pars_est[16]        10.04 -4.01068e-06
T_pars_est[17]      10.7819 -3.20348e-05
T_pars_est[18]      11.1571 -1.72865e-05
T_pars_est[19]      11.2092  1.10301e-05
T_pars_est[20]      11.2634  3.54569e-06
T_pars_est[21]      11.2715 -1.30811e-06
T_pars_est[22]      11.0479  1.36907e-05
T_pars_est[23]      10.7367  5.60357e-06
T_pars_est[24]      10.5041  1.80184e-05
T_pars_est[25]       10.686  5.43392e-05
T_pars_est[26]      11.5334   0.00019277
T_pars_est[27]      11.0743  0.000137708
T_pars_est[28]      10.1072  0.000106265
T_pars_est[29]      9.12028  1.89907e-05
T_pars_est[30]      8.15618  3.30862e-05
T_pars_est[31]      7.34255  3.68704e-06
T_pars_est[32]      6.92965  1.06828e-05
T_pars_est[33]      11.8658  0.000154498
T_pars_est[34]      12.3282  0.000113577
T_pars_est[35]      12.9504  4.18902e-05
T_pars_est[36]      13.4733  0.000136967
T_pars_est[37]      12.6883  6.12995e-05
T_pars_est[38]      12.8606  5.38403e-05
T_pars_est[39]      12.7931   6.7932e-05
T_pars_est[40]      12.5959  8.34173e-05
T_pars_est[41]      12.4692  9.99896e-05
T_pars_est[42]      11.8994  7.82658e-05
T_pars_est[43]      11.1726  6.60038e-05
T_pars_est[44]      10.9573   7.8988e-05
T_pars_est[45]      11.0666  0.000123038
T_pars_est[46]      10.3085   8.1901e-05
T_pars_est[47]      9.00936  2.66821e-05
T_pars_est[48]      7.94672  2.12552e-05
T_pars_est[49]      7.16163  1.36418e-05
T_pars_est[50]      6.61513 -2.28847e-05
T_pars_est[51]      6.21625 -5.31256e-06
T_pars_est[52]      5.92073  1.93081e-05
T_pars_est[53]      5.71591  5.68664e-06
T_pars_est[54]      5.61039  1.13189e-05
T_pars_est[55]      9.83418  4.11157e-06
T_pars_est[56]      9.89989  1.62243e-05
T_pars_est[57]      10.2675  1.91622e-05
T_pars_est[58]      11.5483  4.14746e-05
T_pars_est[59]      13.2597 -4.26187e-05
T_pars_est[60]      13.9243 -7.26314e-05
T_pars_est[61]      13.2452 -5.81943e-05
T_pars_est[62]      12.2211 -0.000135729
T_pars_est[63]      11.0695 -0.000121088
T_pars_est[64]      9.93232 -7.29536e-05
T_pars_est[65]      9.16435 -7.91745e-05
T_pars_est[66]      8.72035 -7.54092e-05
T_pars_est[67]      8.53917 -0.000125593
T_pars_est[68]       8.4611 -0.000154002
T_pars_est[69]      8.33641 -0.000164655
T_pars_est[70]       8.1605 -0.000226277
T_pars_est[71]      7.96808 -0.000184197
T_pars_est[72]      7.79368 -0.000154295
T_pars_est[73]      7.62915 -0.000170375
T_pars_est[74]      7.48341 -8.84932e-05
T_pars_est[75]      7.38233 -6.92734e-05
T_pars_est[76]      7.32639 -3.53315e-05
T_pars_est[77]     -15.2348 -3.92999e-05
T_pars_est[78]     -15.3431  7.08588e-07
T_pars_est[79]     -15.5292 -1.29087e-05
T_pars_est[80]     -15.0323  1.75253e-05
T_pars_est[81]     -14.0438  2.21774e-05
T_pars_est[82]     -13.3199  1.57573e-05
T_pars_est[83]     -14.4235  1.01876e-05
T_pars_est[84]     -15.5266 -9.46029e-06
T_pars_est[85]     -16.3747    2.279e-05
T_pars_est[86]     -17.0311 -1.20322e-05
T_pars_est[87]     -17.4935 -4.82755e-06
T_pars_est[88]     -17.8377 -1.57928e-05
T_pars_est[89]     -18.1101 -4.76957e-06
T_pars_est[90]     -18.3385 -5.11062e-06
T_pars_est[91]     -18.5362  2.72405e-05
T_pars_est[92]     -18.7102 -1.84363e-05
T_pars_est[93]     -18.8641  9.12753e-06
log_fbar[1]   -0.0899477 -0.000200699
log_fbar[2]     -5.66877 -6.09549e-05
log_fdev[1](1)     -1.30726 -5.31152e-05
log_fdev[1](2)     -1.69735 -6.54084e-05
log_fdev[1](3)     -1.12346 -0.000101127
log_fdev[1](4)    -0.775219 -0.000110945
log_fdev[1](5)    -0.598965 -0.000157773
log_fdev[1](6)    -0.172539 -4.98812e-05
log_fdev[1](7)    -0.116674  0.000156275
log_fdev[1](8)   -0.0632712  0.000157148
log_fdev[1](9)     0.936185 -1.33031e-05
log_fdev[1](10)     0.333705 -0.000185948
log_fdev[1](11)     0.672384 -0.000123096
log_fdev[1](12)     0.815422  0.000148891
log_fdev[1](13)     0.471879  9.26136e-05
log_fdev[1](14)     0.569874 -0.000174401
log_fdev[1](15)     0.518998 -0.000394526
log_fdev[1](16)     0.329129 -0.000373683
log_fdev[1](17)     0.945839 -0.000382029
log_fdev[1](18)    -0.538512  0.000132251
log_fdev[1](19)    -0.541104  8.39133e-05
log_fdev[1](20)    0.0905874 -0.000162953
log_fdev[1](21)     0.143996 -0.000113007
log_fdev[1](22)    -0.512022  0.000212334
log_fdev[1](23)    -0.760947  0.000101496
log_fdev[1](24)    -0.933277  0.000196772
log_fdev[1](25)    -0.300163  7.28618e-05
log_fdev[1](26)    0.0497394 -5.78368e-05
log_fdev[1](27)    -0.184979  0.000216991
log_fdev[1](28)     -0.47803  0.000545053
log_fdev[1](29)    -0.848926   0.00034821
log_fdev[1](30)    -0.124973  2.64207e-05
log_fdev[1](31)     0.381687  0.000267834
log_fdev[1](32)     0.576842  0.000393173
log_fdev[1](33)      1.02177 -8.65969e-05
log_fdev[1](34)      1.02653 -0.000201288
log_fdev[1](35)     0.608342  0.000160189
log_fdev[1](36)     0.729412  8.32985e-05
log_fdev[1](37)      1.11815  1.52746e-06
log_fdev[1](38)      1.44177 -2.09025e-05
log_fdev[1](39)      1.11113  0.000238865
log_fdev[1](40)     -1.32265   0.00011085
log_fdev[1](41)     -1.49306 -0.000761107
log_fdev[2](1)     0.394386  9.70067e-07
log_fdev[2](2)      0.30677  1.24407e-05
log_fdev[2](3)     0.123068  2.49323e-05
log_fdev[2](4)    -0.049734  6.67875e-06
log_fdev[2](5)     -8.98211  -1.4807e-05
log_fdev[2](6)     -4.86456 -2.55482e-06
log_fdev[2](7)     -5.30475  3.19654e-05
log_fdev[2](8)     -1.43881 -4.77179e-06
log_fdev[2](9)    -0.235444  4.59094e-05
log_fdev[2](10)      2.25486  6.27666e-05
log_fdev[2](11)      1.74951   5.6179e-05
log_fdev[2](12)      1.51333 -2.58808e-05
log_fdev[2](13)      1.24742 -3.55825e-05
log_fdev[2](14)      1.51839 -7.88311e-05
log_fdev[2](15)      1.33349 -7.60945e-05
log_fdev[2](16)     0.625741 -6.13793e-05
log_fdev[2](17)     0.744872  -4.4885e-06
log_fdev[2](18)     0.226129 -7.73099e-06
log_fdev[2](19)     0.479904  1.32763e-05
log_fdev[2](20)     0.433221   4.5776e-06
log_fdev[2](21)   -0.0345752  4.37451e-07
log_fdev[2](22)    0.0330705  1.25982e-05
log_fdev[2](23)    0.0503802  4.95387e-05
log_fdev[2](24)    0.0249324 -3.95647e-06
log_fdev[2](25)     0.713871  3.24679e-05
log_fdev[2](26)     0.438404  3.35122e-06
log_fdev[2](27)    -0.136281  0.000106461
log_fdev[2](28)     0.513569   -2.073e-05
log_fdev[2](29)    -0.851835  4.30268e-05
log_fdev[2](30)    -0.492656  7.44377e-05
log_fdev[2](31)   -0.0468763  8.74507e-05
log_fdev[2](32)     0.105308  7.21056e-05
log_fdev[2](33)      1.65384  5.34265e-06
log_fdev[2](34)      2.90155  5.55819e-05
log_fdev[2](35)    -0.730004  1.54887e-05
log_fdev[2](36)     0.336516  1.29023e-05
log_fdev[2](37)      1.62248 -1.68434e-05
log_fdev[2](38)     0.972143 -3.22577e-05
log_fdev[2](39)     0.855201 -4.24305e-05
log_fdev[2](40)     0.299326 -4.04632e-05
log_fdev[2](41)    -0.478599 -3.18105e-05
log_fdev[2](42)     0.172705 -7.52149e-05
log_fdev[2](43)    0.0018303 -8.03446e-05
log_foff[1]     -6.67959  -0.00244761
log_fdov[1](1)      1.31299  -0.00017611
log_fdov[1](2)      1.61945 -0.000188761
log_fdov[1](3)      1.30794 -0.000215517
log_fdov[1](4)      1.21356  -0.00013775
log_fdov[1](5)      1.98834 -0.000103163
log_fdov[1](6)      1.09699 -0.000115524
log_fdov[1](7)     0.429573 -0.000185581
log_fdov[1](8)     0.599129 -0.000172655
log_fdov[1](9)      3.23531 -8.87278e-05
log_fdov[1](10)      2.05362 -0.000114218
log_fdov[1](11)      2.29863 -0.000136457
log_fdov[1](12)      1.08932 -8.06763e-05
log_fdov[1](13)     0.697433 -0.000111166
log_fdov[1](14)    -0.681099 -6.67819e-05
log_fdov[1](15)      1.04298 -4.12714e-05
log_fdov[1](16)      1.40291 -0.000110663
log_fdov[1](17)     -1.61446 -6.95683e-05
log_fdov[1](18)   -0.0410955 -5.38791e-05
log_fdov[1](19)     -2.19798 -6.97448e-05
log_fdov[1](20)     0.115407 -8.61626e-05
log_fdov[1](21)     -1.93865 -5.40507e-05
log_fdov[1](22)      -1.9491 -9.88321e-05
log_fdov[1](23)     -1.07463 -7.23431e-05
log_fdov[1](24)    -0.497235 -0.000136337
log_fdov[1](25)     -2.63438  -0.00022911
log_fdov[1](26)    -0.248286 -0.000213063
log_fdov[1](27)     0.141991 -0.000158155
log_fdov[1](28)     0.289481 -3.94602e-05
log_fdov[1](29)     0.558303 -0.000125573
log_fdov[1](30)      2.47328 -9.42055e-05
log_fdov[1](31)     0.392949 -3.60901e-05
log_fdov[1](32)      0.94396     1.58e-06
log_fdov[1](33)      1.61191  -5.6274e-05
log_fdov[1](34)     0.843492 -0.000183097
log_fdov[1](35)     0.106842 -3.84885e-05
log_fdov[1](36)    -0.238041 -2.14827e-05
log_fdov[1](37)    -0.877494 -8.45946e-05
log_fdov[1](38)     -1.18066  1.46674e-05
log_fdov[1](39)      -4.0552  0.000121837
log_fdov[1](40)     -4.45919  0.000187868
log_fdov[1](41)     -5.17831  -8.0893e-06
rec_dev_est(1982)     0.685264    0.0003477
rec_dev_est(1983)     0.104208  0.000397708
rec_dev_est(1984)      1.82108 -0.000398885
rec_dev_est(1985)       1.3349  0.000231008
rec_dev_est(1986)    -0.742221  0.000275786
rec_dev_est(1987)    0.0182856  0.000184101
rec_dev_est(1988)     -0.24428 -0.000124744
rec_dev_est(1989)     -1.15562 -0.000129864
rec_dev_est(1990)      1.50601 -0.000911462
rec_dev_est(1991)       1.2695 -0.000579521
rec_dev_est(1992)    -0.356842 -5.25745e-05
rec_dev_est(1993)    -0.441673  0.000454052
rec_dev_est(1994)     -1.54361  0.000185536
rec_dev_est(1995)    -0.658376 -5.46555e-05
rec_dev_est(1996)    0.0675379  0.000268301
rec_dev_est(1997)    -0.537524  0.000615952
rec_dev_est(1998)    -0.342183   0.00092275
rec_dev_est(1999)    -0.840559  0.000724752
rec_dev_est(2000)    -0.799731 -6.09148e-06
rec_dev_est(2001)    0.0449705   0.00141501
rec_dev_est(2002)       1.4935  0.000274021
rec_dev_est(2003)     0.123044   0.00143758
rec_dev_est(2004)     0.312257   0.00133382
rec_dev_est(2005)    -0.707939  0.000504206
rec_dev_est(2006)    -0.850114  2.66398e-05
rec_dev_est(2007)    -0.364791  0.000299859
rec_dev_est(2008)      1.50923  0.000417468
rec_dev_est(2009)    -0.400405 -3.56911e-05
rec_dev_est(2010)     -0.46157  0.000149369
rec_dev_est(2011)     -1.04182  9.79644e-06
rec_dev_est(2012)    -0.858048 -2.53863e-05
rec_dev_est(2013)     0.425813 -0.000318046
rec_dev_est(2014)     0.492939 -0.000695646
rec_dev_est(2015)    -0.334064 -0.000409727
rec_dev_est(2016)    -0.418264 -0.000442706
rec_dev_est(2017)    -0.871481 -2.06255e-05
rec_dev_est(2018)     -1.04253  7.92379e-05
rec_dev_est(2019)    -0.794548 -0.000152425
rec_dev_est(2020)     0.657573 -5.04704e-05
rec_dev_est(2021)     0.944801 -0.000101411
rec_dev_est(2022)      1.23957  8.58885e-05
rec_dev_est(2023)    -0.533851  3.48674e-05
rec_dev_est(2024)     -1.29302 -7.76368e-06
logit_rec_prop_est(1982)      3.10911 -0.000166017
logit_rec_prop_est(1983)      4.22831  -0.00104563
logit_rec_prop_est(1984)      -1.0569   0.00256578
logit_rec_prop_est(1985)      1.06521   0.00188685
logit_rec_prop_est(1986)     -2.63569 -0.000841497
logit_rec_prop_est(1987)      3.48241  -3.5998e-05
logit_rec_prop_est(1988)      4.57764  0.000470825
logit_rec_prop_est(1989)      3.12802 -0.000731256
logit_rec_prop_est(1990)    -0.892632  -0.00382541
logit_rec_prop_est(1991)      1.74902  -0.00179868
logit_rec_prop_est(1992)     -1.89468  -0.00015988
logit_rec_prop_est(1993)     0.460839  0.000937962
logit_rec_prop_est(1994)     0.684426 -0.000651224
logit_rec_prop_est(1995)     -3.44005  -0.00060971
logit_rec_prop_est(1996)    -0.561777    0.0015636
logit_rec_prop_est(1997)     -0.62586   0.00282587
logit_rec_prop_est(1998)     0.816429   0.00241145
logit_rec_prop_est(1999)      2.23162     0.001194
logit_rec_prop_est(2000)     -4.30384 -0.000425162
logit_rec_prop_est(2001)      2.04836   0.00139332
logit_rec_prop_est(2002)      -1.3631   0.00569883
logit_rec_prop_est(2003)     0.306987   0.00340983
logit_rec_prop_est(2004)      2.34192    0.0021909
logit_rec_prop_est(2005)      1.79265  5.38019e-05
logit_rec_prop_est(2006)     -2.72824 -0.000757881
logit_rec_prop_est(2007)     0.763667  0.000943415
logit_rec_prop_est(2008)     -1.29342   0.00312078
logit_rec_prop_est(2009)     -1.26819 -0.000691012
logit_rec_prop_est(2010)    -0.639633    0.0002464
logit_rec_prop_est(2011)    -0.113297 -0.000689816
logit_rec_prop_est(2012)    0.0422577  -0.00122087
logit_rec_prop_est(2013)    -0.541846  -0.00240025
logit_rec_prop_est(2014)      0.15337  -0.00388916
logit_rec_prop_est(2015)     -1.94007  -0.00266223
logit_rec_prop_est(2016)     0.224785  -0.00271528
logit_rec_prop_est(2017)     -4.44011  -0.00133837
logit_rec_prop_est(2018)     -4.64303 -0.000859837
logit_rec_prop_est(2019)     -2.23404   -0.0016756
logit_rec_prop_est(2020)     0.745407  -0.00029742
logit_rec_prop_est(2021)    -0.814192 -0.000667714
logit_rec_prop_est(2022)     0.234847 -0.000222843
logit_rec_prop_est(2023)     0.954949  -0.00090084
logit_rec_prop_est(2024)      2.28836 -0.000784638
