ParName   Value   Gradient
T_pars_est[3]      13.5879   0.00393901
T_pars_est[11]       8.3912  0.000109564
T_pars_est[12]      8.40084 -0.000320478
T_pars_est[13]      8.45337  0.000156093
T_pars_est[14]      8.71485  4.15093e-05
T_pars_est[15]      9.28057 -0.000195186
T_pars_est[16]      10.0311 -0.000160584
T_pars_est[17]      10.7879  1.39406e-05
T_pars_est[18]       11.155  0.000302369
T_pars_est[19]      11.2128  0.000338744
T_pars_est[20]      11.2815 -0.000443134
T_pars_est[21]         11.3 -0.000775721
T_pars_est[22]      11.0756   0.00010713
T_pars_est[23]      10.7602  0.000167704
T_pars_est[24]      10.5225  0.000973048
T_pars_est[25]      10.7017  3.56127e-06
T_pars_est[26]       11.546 -0.000111207
T_pars_est[27]      11.0849 -0.000416892
T_pars_est[28]      10.1197  0.000121846
T_pars_est[29]      9.13277  4.99104e-05
T_pars_est[30]      8.16714  0.000633004
T_pars_est[31]      7.35121  0.000127529
T_pars_est[32]      6.93675  0.000337495
T_pars_est[33]      14.7669 -5.50855e-05
T_pars_est[34]      13.5476 -0.000305515
T_pars_est[35]      13.0086 -0.000155742
T_pars_est[36]        13.18  4.32258e-05
T_pars_est[37]      12.8158   0.00037518
T_pars_est[38]      12.9841  3.32101e-05
T_pars_est[39]      12.7962   0.00104315
T_pars_est[40]      12.5555  0.000982462
T_pars_est[41]      12.4427   0.00117447
T_pars_est[42]      11.8501  0.000341297
T_pars_est[43]      11.1351  0.000707672
T_pars_est[44]      10.9305 -0.000282689
T_pars_est[45]      11.0516  0.000406606
T_pars_est[46]      10.3056 -0.000965097
T_pars_est[47]       9.0076   0.00410584
T_pars_est[48]      7.94293  0.000600263
T_pars_est[49]      7.15674  0.000575459
T_pars_est[50]      6.60914  0.000361447
T_pars_est[51]      6.20981  0.000322163
T_pars_est[52]      5.91444  0.000148536
T_pars_est[53]       5.7101  0.000106116
T_pars_est[54]      5.60491   0.00138832
T_pars_est[55]      9.83731  -7.5304e-06
T_pars_est[56]      9.88817 -0.000291588
T_pars_est[57]      10.1886 -0.000206424
T_pars_est[58]      11.4526 -2.83353e-05
T_pars_est[59]       13.247 -6.22395e-05
T_pars_est[60]      13.9811 -0.000396662
T_pars_est[61]        13.33  0.000199822
T_pars_est[62]       12.266 -0.000224228
T_pars_est[63]      11.1103  0.000249503
T_pars_est[64]      9.99152 -0.000284817
T_pars_est[65]      9.24903  3.40402e-05
T_pars_est[66]      8.82309 -0.000134813
T_pars_est[67]       8.6067 -0.000101135
T_pars_est[68]      8.50058 -0.000494319
T_pars_est[69]      8.36426 -0.000248553
T_pars_est[70]      8.18764  8.58165e-05
T_pars_est[71]      7.99899  0.000177079
T_pars_est[72]      7.82424  0.000180909
T_pars_est[73]      7.66053  0.000229711
T_pars_est[74]      7.51535 -2.30273e-05
T_pars_est[75]      7.41182 -0.000381709
T_pars_est[76]      7.35395 -3.32701e-05
T_pars_est[77]     -15.2348  0.000217545
T_pars_est[78]     -15.3431 -3.71805e-05
T_pars_est[79]     -15.5292 -7.82742e-05
T_pars_est[80]     -15.0322  0.000496386
T_pars_est[81]     -14.0438 -0.000223225
T_pars_est[82]     -13.3198  -0.00068541
T_pars_est[83]     -14.4235  0.000241594
T_pars_est[84]     -15.5266  0.000141655
T_pars_est[85]     -16.3746  0.000278897
T_pars_est[86]     -17.0311 -0.000234342
T_pars_est[87]     -17.4935 -0.000876441
T_pars_est[88]     -17.8377  0.000582452
T_pars_est[89]     -18.1101 -0.000434821
T_pars_est[90]     -18.3385  0.000442638
T_pars_est[91]     -18.5362 -5.03525e-05
T_pars_est[92]     -18.7102 -0.000246869
T_pars_est[93]     -18.8641  0.000144003
log_fbar[1]    -0.103376   0.00248839
log_fbar[2]     -5.66972  -0.00197338
log_fdev[1](1)      -1.3053  0.000884443
log_fdev[1](2)     -1.67837   0.00162473
log_fdev[1](3)     -1.09464  -0.00178378
log_fdev[1](4)     -0.75632  -0.00128549
log_fdev[1](5)    -0.607127   0.00161659
log_fdev[1](6)    -0.272632  0.000358286
log_fdev[1](7)    -0.100553  -0.00090618
log_fdev[1](8)    0.0477494 -0.000403245
log_fdev[1](9)     0.984103   0.00182116
log_fdev[1](10)     0.366013  0.000122793
log_fdev[1](11)     0.684396  0.000181636
log_fdev[1](12)      0.83839 -0.000230456
log_fdev[1](13)     0.517022 -0.000402878
log_fdev[1](14)     0.526757 -0.000548879
log_fdev[1](15)      0.48818 -0.000200254
log_fdev[1](16)     0.390257  3.02277e-05
log_fdev[1](17)      1.01395 -0.000799009
log_fdev[1](18)    -0.494201 -0.000203925
log_fdev[1](19)    -0.500996   0.00138628
log_fdev[1](20)    0.0849115   0.00107751
log_fdev[1](21)     0.119771   0.00217728
log_fdev[1](22)    -0.554461   0.00090469
log_fdev[1](23)    -0.747687 -0.000185769
log_fdev[1](24)    -0.896183 -0.000121388
log_fdev[1](25)    -0.236581 -0.000678258
log_fdev[1](26)     0.103186 -0.000232146
log_fdev[1](27)    -0.238044 -0.000363894
log_fdev[1](28)    -0.552152  7.69685e-05
log_fdev[1](29)    -0.847959 -0.000394189
log_fdev[1](30)    -0.103118 -0.000243965
log_fdev[1](31)     0.411545 -0.000694866
log_fdev[1](32)     0.613753  -0.00080717
log_fdev[1](33)       1.0425 -0.000800804
log_fdev[1](34)      1.00008 -0.000133991
log_fdev[1](35)      0.58406  6.18065e-05
log_fdev[1](36)     0.720354 -0.000193529
log_fdev[1](37)      1.08325  0.000197721
log_fdev[1](38)      1.45113 -4.27051e-06
log_fdev[1](39)      1.08001 -0.000187861
log_fdev[1](40)     -1.44792 -2.21635e-05
log_fdev[1](41)     -1.71712   0.00234866
log_fdev[2](1)     0.383092 -2.23635e-07
log_fdev[2](2)     0.310624 -0.000215475
log_fdev[2](3)     0.133551 -0.000324201
log_fdev[2](4)   -0.0521064 -6.64115e-05
log_fdev[2](5)      -9.0144   0.00017609
log_fdev[2](6)     -4.93311  -7.4906e-05
log_fdev[2](7)     -5.27589  8.38118e-05
log_fdev[2](8)     -1.36361  -0.00036736
log_fdev[2](9)    -0.207287 -0.000438351
log_fdev[2](10)      2.26511 -0.000197861
log_fdev[2](11)      1.74281 -0.000210066
log_fdev[2](12)      1.51925 -0.000307161
log_fdev[2](13)      1.24362 -0.000306156
log_fdev[2](14)      1.47229 -0.000259625
log_fdev[2](15)      1.31822 -0.000100435
log_fdev[2](16)     0.668767   -0.0001173
log_fdev[2](17)     0.788941 -0.000198608
log_fdev[2](18)     0.250115 -9.31593e-05
log_fdev[2](19)     0.498743 -0.000126562
log_fdev[2](20)     0.421506  3.87297e-05
log_fdev[2](21)   -0.0653281 -0.000160522
log_fdev[2](22) -0.000406872 -8.21254e-05
log_fdev[2](23)     0.057529 -8.00942e-05
log_fdev[2](24)    0.0688132 -4.49602e-05
log_fdev[2](25)     0.774343  -0.00031127
log_fdev[2](26)      0.45913 -0.000299533
log_fdev[2](27)    -0.198527 -0.000342442
log_fdev[2](28)     0.446719  -0.00029462
log_fdev[2](29)    -0.863739 -1.46719e-05
log_fdev[2](30)    -0.465613 -0.000266215
log_fdev[2](31)    0.0159313 -0.000181733
log_fdev[2](32)      0.16371 -0.000194535
log_fdev[2](33)      1.69391 -0.000282515
log_fdev[2](34)       2.9313 -0.000133852
log_fdev[2](35)    -0.692009 -0.000172188
log_fdev[2](36)     0.375136 -1.97723e-05
log_fdev[2](37)         1.65 -0.000271564
log_fdev[2](38)      1.00982  -0.00030868
log_fdev[2](39)     0.850636  -0.00014804
log_fdev[2](40)      0.23116   -0.0001876
log_fdev[2](41)    -0.556221 -0.000265188
log_fdev[2](42)    0.0670226 -0.000302496
log_fdev[2](43)    -0.123571 -0.000140003
log_foff[1]     -6.56127  -0.00250423
log_fdov[1](1)       1.1598  0.000149386
log_fdov[1](2)      1.44918 -6.71213e-05
log_fdov[1](3)       1.1261 -2.53067e-06
log_fdov[1](4)     0.981178  0.000371922
log_fdov[1](5)      1.48957  0.000202089
log_fdov[1](6)      1.06379 -0.000171651
log_fdov[1](7)     0.476711 -0.000246991
log_fdov[1](8)     0.401134 -0.000189775
log_fdov[1](9)      3.00753  0.000473237
log_fdov[1](10)      1.65535 -0.000252688
log_fdov[1](11)      1.75517 -3.98278e-05
log_fdov[1](12)     0.733572  5.17819e-05
log_fdov[1](13)       0.4409  0.000325423
log_fdov[1](14)    -0.977351 -7.84306e-05
log_fdov[1](15)     0.731743 -0.000181645
log_fdov[1](16)      1.00636  4.74497e-05
log_fdov[1](17)     -1.96311  7.06735e-05
log_fdov[1](18)    -0.209135  0.000149244
log_fdov[1](19)     -2.24089 -6.86434e-05
log_fdov[1](20)         0.11 -0.000279512
log_fdov[1](21)     -2.04262  0.000520476
log_fdov[1](22)     -2.08026  0.000317303
log_fdov[1](23)     -1.25686 -0.000341331
log_fdov[1](24)    -0.451607 -0.000225815
log_fdov[1](25)     -2.37269  -3.0708e-05
log_fdov[1](26)    -0.141824  0.000259143
log_fdov[1](27)    0.0957558  0.000160644
log_fdov[1](28)     0.198219 -0.000421999
log_fdov[1](29)     0.433292 -0.000700728
log_fdov[1](30)      2.62212 -0.000526276
log_fdov[1](31)     0.854843 -0.000117866
log_fdov[1](32)      1.47684 -0.000286183
log_fdov[1](33)      2.16018 -0.000404294
log_fdov[1](34)      1.39242 -2.73691e-05
log_fdov[1](35)     0.586649   -0.0001736
log_fdov[1](36)     0.139845  3.51859e-07
log_fdov[1](37)    -0.535834  9.50525e-05
log_fdov[1](38)     -0.88377 -5.75648e-05
log_fdov[1](39)     -3.69839 -0.000267024
log_fdov[1](40)     -3.90786  9.71847e-05
log_fdov[1](41)     -4.78604 -0.000156216
rec_dev_est(1982)    -0.436194 -0.000748685
rec_dev_est(1983)     0.771798  1.71354e-05
rec_dev_est(1984)      1.47761  -0.00141793
rec_dev_est(1985)      1.73204  0.000185769
rec_dev_est(1986)    -0.509076 -0.000468034
rec_dev_est(1987)      0.62578  -0.00197265
rec_dev_est(1988)     0.615431  -0.00116227
rec_dev_est(1989)     -0.98155  0.000498958
rec_dev_est(1990)      1.41114   0.00297896
rec_dev_est(1991)      1.64188   0.00104982
rec_dev_est(1992)    -0.103007   0.00173771
rec_dev_est(1993)    -0.281784 -0.000575363
rec_dev_est(1994)     -1.47695   0.00573798
rec_dev_est(1995)     -1.31867   0.00116637
rec_dev_est(1996)    -0.352731   -0.0011373
rec_dev_est(1997)    -0.400366  0.000990782
rec_dev_est(1998)   -0.0421387   0.00129874
rec_dev_est(1999)     -0.28529 -9.83442e-05
rec_dev_est(2000)     -1.34191  -0.00261016
rec_dev_est(2001)     0.374023  -0.00227957
rec_dev_est(2002)      1.04345 -0.000361712
rec_dev_est(2003)     0.420802   0.00178646
rec_dev_est(2004)     0.982923  -0.00139148
rec_dev_est(2005)    -0.432479  -0.00235347
rec_dev_est(2006)     -1.23364  -0.00250365
rec_dev_est(2007)    -0.102457 -0.000182221
rec_dev_est(2008)     0.826177  -0.00140752
rec_dev_est(2009)    -0.812673   0.00329703
rec_dev_est(2010)    -0.829323  0.000356619
rec_dev_est(2011)    -0.963903  0.000610875
rec_dev_est(2012)    -0.749706 -4.41427e-05
rec_dev_est(2013)     0.328673  0.000376663
rec_dev_est(2014)     0.492344  0.000403175
rec_dev_est(2015)    -0.376635  -0.00035672
rec_dev_est(2016)    -0.453176 -0.000204012
rec_dev_est(2017)     -1.82011   0.00093437
rec_dev_est(2018)     -1.73859   0.00020966
rec_dev_est(2019)    -0.841069   0.00115545
rec_dev_est(2020)      0.95674  0.000214732
rec_dev_est(2021)     0.536779 -0.000702462
rec_dev_est(2022)      1.39544 -0.000432293
rec_dev_est(2023)    -0.193607  3.48928e-05
rec_dev_est(2024)     -1.13079 -2.31689e-05
