ParName   Value   Gradient
T_pars_est[3]       13.796   0.00471823
T_pars_est[11]       9.8262  1.02501e-05
T_pars_est[12]      9.83128 -3.34463e-06
T_pars_est[13]      9.85698 -8.59631e-06
T_pars_est[14]      9.96172  2.16206e-06
T_pars_est[15]      10.4635 -6.75018e-07
T_pars_est[16]      11.0727 -2.63712e-06
T_pars_est[17]      11.5402 -1.22111e-06
T_pars_est[18]      11.7079 -1.44221e-05
T_pars_est[19]      11.7306 -3.51341e-06
T_pars_est[20]      11.6937 -1.22446e-05
T_pars_est[21]      11.6102 -4.88546e-07
T_pars_est[22]      11.3236 -1.26825e-05
T_pars_est[23]      10.9738    2.529e-05
T_pars_est[24]      10.6874  8.91511e-06
T_pars_est[25]      10.8328  7.76537e-05
T_pars_est[26]      11.4723  0.000178176
T_pars_est[27]      11.0189  0.000154541
T_pars_est[28]      10.2381 -3.20346e-05
T_pars_est[29]      9.25921  9.93537e-06
T_pars_est[30]      8.26356  1.27695e-06
T_pars_est[31]      7.42151 -5.98314e-06
T_pars_est[32]      7.00153  1.10121e-05
T_pars_est[33]       12.802  3.92152e-05
T_pars_est[34]      13.3742  0.000103489
T_pars_est[35]      13.3147  8.57739e-05
T_pars_est[36]       13.374    8.864e-05
T_pars_est[37]      12.8225  8.15728e-05
T_pars_est[38]      12.8683  5.20065e-05
T_pars_est[39]      12.5915  2.27949e-05
T_pars_est[40]      12.3223  3.83198e-05
T_pars_est[41]      12.1911  2.68804e-05
T_pars_est[42]      11.7338  2.67558e-05
T_pars_est[43]      11.1557  3.05367e-05
T_pars_est[44]      10.9937  2.35968e-05
T_pars_est[45]      10.9768 -6.46521e-07
T_pars_est[46]      10.0904 -9.60429e-06
T_pars_est[47]      8.83061  9.88606e-07
T_pars_est[48]      7.81632  3.09292e-06
T_pars_est[49]      7.05546  4.41185e-06
T_pars_est[50]       6.5047  5.91223e-06
T_pars_est[51]      6.10473  3.09748e-06
T_pars_est[52]      5.81252  5.06859e-06
T_pars_est[53]       5.6121 -7.91868e-07
T_pars_est[54]      5.50912  7.45246e-06
T_pars_est[55]      11.9159  8.91347e-06
T_pars_est[56]        11.94  9.58722e-06
T_pars_est[57]      12.0032   3.4796e-05
T_pars_est[58]      12.2263   6.9016e-06
T_pars_est[59]      13.4384 -8.05117e-05
T_pars_est[60]      13.5455 -9.34829e-05
T_pars_est[61]      12.9791   0.00014159
T_pars_est[62]      12.1313  4.26155e-06
T_pars_est[63]      11.0294  3.52381e-05
T_pars_est[64]       9.9494  9.14324e-06
T_pars_est[65]       9.2267  -2.9132e-06
T_pars_est[66]      8.76888  3.54892e-06
T_pars_est[67]      8.47539   6.2226e-06
T_pars_est[68]      8.38736  6.46691e-06
T_pars_est[69]       8.2955  9.35823e-06
T_pars_est[70]      8.16084  1.68324e-05
T_pars_est[71]      8.01107  2.48162e-05
T_pars_est[72]      7.86687  2.06797e-05
T_pars_est[73]      7.73483  1.10494e-05
T_pars_est[74]      7.61353  2.70691e-05
T_pars_est[75]      7.52506  1.95573e-05
T_pars_est[76]      7.47378  4.62002e-06
T_pars_est[77]     -13.8349  6.54199e-06
T_pars_est[78]     -13.9077  2.60647e-05
T_pars_est[79]     -14.0435 -4.99822e-06
T_pars_est[80]     -14.2202   1.6984e-05
T_pars_est[81]     -13.7203 -9.01185e-05
T_pars_est[82]     -13.5074  3.59088e-05
T_pars_est[83]     -14.5884 -1.33457e-05
T_pars_est[84]     -15.5947 -2.94861e-06
T_pars_est[85]     -16.4012   1.7491e-05
T_pars_est[86]     -17.0319  8.64494e-06
T_pars_est[87]     -17.4893 -2.60984e-06
T_pars_est[88]     -17.8347  7.91136e-07
T_pars_est[89]     -18.1078 -1.05945e-05
T_pars_est[90]     -18.3364  3.51235e-05
T_pars_est[91]     -18.5343  3.18155e-06
T_pars_est[92]     -18.7086  1.19685e-05
T_pars_est[93]     -18.8632 -2.27802e-06
G_pars_est[1]      1.09385   0.00026355
G_pars_est[2]    -0.239017 -0.000584233
G_pars_est[4]     -4.59543  3.25185e-05
G_pars_est[5]    -0.418936   0.00011721
S_pars_est[5]     -3.39482 -3.04799e-06
S_pars_est[6]     -2.72516 -8.87056e-07
S_pars_est[7]     -2.38308 -8.57552e-06
S_pars_est[8]     -1.53982  9.69916e-06
S_pars_est[9]      -1.5937   4.6816e-06
S_pars_est[10]     -1.38922  7.86616e-06
S_pars_est[11]     -1.10251   -5.214e-06
S_pars_est[12]     -1.05692 -9.95627e-06
S_pars_est[13]     -1.12846 -1.09192e-05
S_pars_est[14]     -1.05988  -1.3908e-05
S_pars_est[15]    -0.964236 -1.32234e-07
S_pars_est[16]     -0.90121 -1.87192e-06
S_pars_est[17]     -0.86462  -1.1481e-06
S_pars_est[18]    -0.770428  9.61699e-06
S_pars_est[19]    -0.764176  3.92718e-06
S_pars_est[20]     -0.90138 -1.01732e-06
S_pars_est[21]    -0.773405  1.35028e-06
S_pars_est[22]     -0.60149 -2.47062e-06
S_pars_est[23]    -0.432926 -2.19305e-07
S_pars_est[24]    -0.281697 -4.96255e-06
S_pars_est[25]     -0.17944 -3.38336e-06
S_pars_est[26]    -0.194919 -8.80379e-06
S_pars_est[27]      -3.8917    7.984e-06
S_pars_est[28]     -3.00782 -3.83786e-05
S_pars_est[29]     -2.37324 -8.58245e-06
S_pars_est[30]     -1.63184 -1.32509e-05
S_pars_est[31]     -1.50021 -7.23763e-06
S_pars_est[32]     -1.30944  3.44409e-05
S_pars_est[33]     -1.09566  3.31672e-05
S_pars_est[34]     -1.02164  1.41361e-05
S_pars_est[35]     -1.07866  1.32643e-05
S_pars_est[36]     -1.07462 -1.45877e-05
S_pars_est[37]     -1.02694 -5.12797e-06
S_pars_est[38]    -0.952423  9.10531e-06
S_pars_est[39]      -0.9012  3.18732e-06
S_pars_est[40]    -0.765534  6.36975e-06
S_pars_est[41]    -0.545922  -1.3255e-05
S_pars_est[42]    -0.330756 -2.05064e-05
S_pars_est[43]    -0.229806  1.10693e-05
S_pars_est[44]    -0.169359  2.13257e-06
S_pars_est[45]     -0.14936 -1.21596e-05
S_pars_est[46]    -0.114152 -1.23185e-06
S_pars_est[47]   -0.0676545 -1.30257e-06
S_pars_est[48]   -0.0528395  9.79804e-06
S_pars_est[51]      -4.7037   -5.356e-05
S_pars_est[52]     -4.86838  2.51485e-05
S_pars_est[53]     -3.66911  3.41187e-05
S_pars_est[54]     -1.60738 -1.59092e-06
S_pars_est[55]     -1.08084 -9.74269e-06
S_pars_est[56]    -0.510235 -2.64017e-06
S_pars_est[57]    -0.566045  1.74044e-05
S_pars_est[58]    -0.787759 -5.29259e-06
S_pars_est[59]     -0.85969  1.05643e-06
S_pars_est[60]    -0.939713 -5.43635e-07
S_pars_est[61]    -0.920202  3.94529e-06
S_pars_est[62]    -0.872514 -3.33598e-06
S_pars_est[63]    -0.836392  3.20179e-06
S_pars_est[64]    -0.788782 -3.44015e-06
S_pars_est[65]    -0.719561 -3.92527e-06
S_pars_est[66]    -0.630261  3.49826e-06
S_pars_est[67]    -0.529524 -4.29811e-06
S_pars_est[68]    -0.424125  4.52199e-06
S_pars_est[69]      -0.3148 -5.00838e-06
S_pars_est[70]    -0.200391  4.08497e-06
S_pars_est[71]   -0.0840671  5.72084e-06
S_pars_est[73]     -3.14213  2.64587e-05
S_pars_est[74]     -2.59499  1.57054e-05
S_pars_est[75]     -2.03827 -2.92034e-05
S_pars_est[76]    -0.811596 -4.73187e-07
S_pars_est[77]    -0.395797  -4.5934e-05
S_pars_est[78]    -0.245512  4.47341e-05
S_pars_est[79]    -0.553058  6.85681e-06
S_pars_est[80]     -1.22542 -4.22581e-06
S_pars_est[81]     -1.45687  1.17385e-06
S_pars_est[82]     -1.86347 -6.79308e-06
S_pars_est[83]      -1.8439 -3.57031e-06
S_pars_est[84]     -1.21336 -8.78209e-06
S_pars_est[85]    -0.850074  6.57104e-06
S_pars_est[86]    -0.779134 -7.80295e-07
S_pars_est[87]    -0.710825 -1.13844e-06
S_pars_est[88]    -0.623434 -1.54782e-06
S_pars_est[89]    -0.524229   1.6307e-07
S_pars_est[90]    -0.419947 -4.01432e-06
S_pars_est[91]     -0.31131  4.00854e-06
S_pars_est[92]    -0.197195   2.2131e-06
S_pars_est[93]   -0.0804884 -6.87381e-06
log_fbar[1]    0.0780208  0.000747568
log_fbar[2]     -5.51713  0.000230026
log_fdev[1](1)     -1.49738  9.62445e-05
log_fdev[1](2)     -1.82118  8.12982e-05
log_fdev[1](3)     -1.19454   3.1466e-05
log_fdev[1](4)    -0.828711 -3.65518e-06
log_fdev[1](5)    -0.691481 -3.19136e-05
log_fdev[1](6)    -0.331399  6.15894e-05
log_fdev[1](7)    -0.300299  7.86991e-05
log_fdev[1](8)     -0.29451  0.000103376
log_fdev[1](9)      0.70554  9.18978e-05
log_fdev[1](10)     0.231056  0.000109573
log_fdev[1](11)     0.553323  9.05876e-05
log_fdev[1](12)     0.694486 -1.57767e-05
log_fdev[1](13)     0.423913 -6.03075e-05
log_fdev[1](14)     0.553017 -5.72582e-06
log_fdev[1](15)     0.501589  3.23577e-05
log_fdev[1](16)     0.337907 -6.10397e-05
log_fdev[1](17)      1.04131 -0.000194074
log_fdev[1](18)    -0.355268  5.15854e-05
log_fdev[1](19)    -0.453481  5.35723e-05
log_fdev[1](20)     0.203533 -2.77871e-05
log_fdev[1](21)     0.284144  3.52434e-05
log_fdev[1](22)    -0.430769  1.25247e-05
log_fdev[1](23)    -0.707356  5.71901e-05
log_fdev[1](24)    -0.913706  2.73561e-05
log_fdev[1](25)    -0.355977  1.74119e-05
log_fdev[1](26)    0.0474219  6.39972e-05
log_fdev[1](27)    -0.268499  1.02559e-05
log_fdev[1](28)    -0.648946 -0.000106281
log_fdev[1](29)    -0.762432 -4.92958e-05
log_fdev[1](30)    -0.175168  0.000124507
log_fdev[1](31)     0.329836  0.000165105
log_fdev[1](32)     0.707361  3.72283e-05
log_fdev[1](33)      1.11259  6.48498e-06
log_fdev[1](34)      1.21779 -2.84692e-06
log_fdev[1](35)     0.770972  2.59015e-05
log_fdev[1](36)     0.849353  3.67057e-05
log_fdev[1](37)      1.37843 -7.30716e-05
log_fdev[1](38)       1.5266 -1.66492e-05
log_fdev[1](39)      1.35897 -7.57504e-05
log_fdev[1](40)     -1.12591    0.0001301
log_fdev[1](41)     -1.67214  6.59602e-05
log_fdev[2](1)     0.213269  4.50227e-06
log_fdev[2](2)     0.197731 -3.60826e-06
log_fdev[2](3)    0.0562751  8.03126e-07
log_fdev[2](4)    -0.105374  9.96918e-06
log_fdev[2](5)     -9.07928 -2.74232e-06
log_fdev[2](6)     -5.01002  1.58344e-06
log_fdev[2](7)     -5.48208 -4.14573e-06
log_fdev[2](8)     -1.66922  7.38385e-06
log_fdev[2](9)    -0.442685 -2.46485e-06
log_fdev[2](10)      2.13939  2.40981e-06
log_fdev[2](11)      1.61977 -1.47502e-06
log_fdev[2](12)      1.39129  1.74795e-05
log_fdev[2](13)      1.20287   3.4899e-05
log_fdev[2](14)      1.51575  2.05883e-05
log_fdev[2](15)       1.3629  3.10134e-05
log_fdev[2](16)     0.699601  1.78647e-05
log_fdev[2](17)     0.896643  1.16645e-05
log_fdev[2](18)     0.352332  1.63841e-05
log_fdev[2](19)     0.546347  2.11192e-05
log_fdev[2](20)     0.512408  2.70934e-05
log_fdev[2](21)    0.0371909  2.67499e-05
log_fdev[2](22)    0.0919828  1.72007e-05
log_fdev[2](23)    0.0993139  1.44915e-05
log_fdev[2](24)    0.0398718  2.74139e-05
log_fdev[2](25)     0.670457  1.64357e-06
log_fdev[2](26)     0.418252 -2.29949e-05
log_fdev[2](27)    -0.211894  -4.8587e-06
log_fdev[2](28)      0.39065 -4.93987e-06
log_fdev[2](29)    -0.768218 -1.59685e-05
log_fdev[2](30)    -0.512839 -4.26099e-05
log_fdev[2](31)   -0.0232851 -6.38479e-05
log_fdev[2](32)     0.249455  -4.2474e-05
log_fdev[2](33)      1.78269 -1.12375e-05
log_fdev[2](34)       3.0485 -1.46427e-05
log_fdev[2](35)     -0.60266 -9.80478e-06
log_fdev[2](36)     0.463715 -8.56749e-06
log_fdev[2](37)      1.76571 -4.53271e-06
log_fdev[2](38)      1.01844 -2.42179e-06
log_fdev[2](39)     0.985691 -8.01289e-06
log_fdev[2](40)     0.417597 -9.34815e-06
log_fdev[2](41)    -0.381131  1.36454e-06
log_fdev[2](42)     0.191975  8.77323e-06
log_fdev[2](43)   -0.0893988  8.45326e-06
log_foff[1]     -6.88902  9.49336e-05
log_fdov[1](1)      1.52832  4.55622e-06
log_fdov[1](2)      1.76864  6.33486e-05
log_fdov[1](3)       1.4047   6.6184e-05
log_fdov[1](4)      1.29431  3.77784e-05
log_fdov[1](5)      2.07167   1.8852e-05
log_fdov[1](6)       1.7411  1.57961e-05
log_fdov[1](7)     0.956062  3.79351e-07
log_fdov[1](8)     0.614215  -1.2467e-06
log_fdov[1](9)      2.88801  4.65652e-05
log_fdov[1](10)      1.41177  7.11004e-05
log_fdov[1](11)      1.60386  9.59847e-05
log_fdov[1](12)     0.771198  8.66628e-06
log_fdov[1](13)     0.817013 -1.86688e-06
log_fdov[1](14)    -0.490324 -2.83688e-05
log_fdov[1](15)      1.18993  -3.5386e-05
log_fdov[1](16)      1.40682 -1.98179e-05
log_fdov[1](17)     -1.74679 -2.33925e-05
log_fdov[1](18)    -0.214311 -5.70832e-07
log_fdov[1](19)     -2.23307  4.16065e-06
log_fdov[1](20)    0.0789852 -5.61704e-05
log_fdov[1](21)     -2.09877  3.71488e-05
log_fdov[1](22)     -2.06496 -2.14674e-05
log_fdov[1](23)     -1.05151 -4.80552e-05
log_fdov[1](24)    -0.458983 -6.56129e-05
log_fdov[1](25)     -2.55591 -1.05118e-05
log_fdov[1](26)    -0.250792  3.18945e-05
log_fdov[1](27)     0.151631  1.06616e-05
log_fdov[1](28)     0.346535  1.70449e-05
log_fdov[1](29)     0.352252  2.44887e-06
log_fdov[1](30)        2.625  8.04255e-05
log_fdov[1](31)     0.819121   0.00015062
log_fdov[1](32)      1.21655  0.000134003
log_fdov[1](33)      1.86185  2.39133e-05
log_fdov[1](34)     0.870874  6.64861e-05
log_fdov[1](35)      0.12901  5.89898e-05
log_fdov[1](36)    -0.106605  4.36911e-05
log_fdov[1](37)     -1.00714  5.92247e-06
log_fdov[1](38)      -1.3451  8.73023e-06
log_fdov[1](39)     -4.51359  2.82987e-06
log_fdov[1](40)      -4.8472  3.18761e-05
log_fdov[1](41)     -4.93439  1.27796e-05
rec_dev_est(1982)     0.554728  0.000233409
rec_dev_est(1983)     0.381046   0.00016674
rec_dev_est(1984)      1.10118   0.00034864
rec_dev_est(1985)      1.91865  0.000525562
rec_dev_est(1986)      1.04821 -5.71905e-05
rec_dev_est(1987)     0.560099  0.000225343
rec_dev_est(1988)    -0.204618  0.000163736
rec_dev_est(1989)    -0.211805  5.41446e-05
rec_dev_est(1990)     0.477947  0.000134745
rec_dev_est(1991)      1.06748  0.000534651
rec_dev_est(1992)    -0.228004  0.000135689
rec_dev_est(1993)   -0.0857585  9.78044e-05
rec_dev_est(1994)    -0.822005  8.96505e-05
rec_dev_est(1995)     -1.12491  2.29883e-05
rec_dev_est(1996)    -0.274365 -8.64956e-05
rec_dev_est(1997)    -0.770795  0.000123407
rec_dev_est(1998)     -0.39335  0.000130506
rec_dev_est(1999)    -0.600851  0.000137062
rec_dev_est(2000)     -1.71308 -5.58082e-07
rec_dev_est(2001)    -0.012535 -0.000159164
rec_dev_est(2002)      1.42117  6.06018e-05
rec_dev_est(2003)    -0.166275 -0.000180302
rec_dev_est(2004)     0.245449  -0.00021295
rec_dev_est(2005)    -0.494794 -5.99786e-06
rec_dev_est(2006)     -1.18113 -4.25076e-05
rec_dev_est(2007)    0.0769291 -0.000228932
rec_dev_est(2008)     0.639851  0.000250761
rec_dev_est(2009)    -0.887447 -0.000134921
rec_dev_est(2010)    -0.579647  0.000198687
rec_dev_est(2011)    -0.819395 -1.22367e-05
rec_dev_est(2012)    -0.310015  2.36475e-05
rec_dev_est(2013)    -0.799585 -8.06215e-07
rec_dev_est(2014)     0.583839  0.000373672
rec_dev_est(2015)    0.0887225 -7.45364e-05
rec_dev_est(2016)    0.0848783 -2.44843e-05
rec_dev_est(2017)     -1.26785  3.29532e-05
rec_dev_est(2018)      -1.4346  1.23752e-05
rec_dev_est(2019)    -0.872857  2.60944e-07
rec_dev_est(2020)     0.409887   1.5132e-05
rec_dev_est(2021)     0.436541  3.11875e-05
rec_dev_est(2022)      1.30419  3.26959e-05
rec_dev_est(2023)    -0.178199  9.80692e-06
rec_dev_est(2024)    -0.557636 -6.86053e-06
logit_rec_prop_est(1982)      3.15483 -9.39827e-05
logit_rec_prop_est(1983)      1.62989 -0.000141492
logit_rec_prop_est(1984)     0.224325   0.00139733
logit_rec_prop_est(1985)    -0.183915   0.00162125
logit_rec_prop_est(1986)     -3.41443 -8.71413e-05
logit_rec_prop_est(1987)     0.190947  0.000549921
logit_rec_prop_est(1988)     0.910106   0.00015871
logit_rec_prop_est(1989)     0.248487  0.000160659
logit_rec_prop_est(1990)      1.60181   0.00110218
logit_rec_prop_est(1991)      1.76229  0.000799439
logit_rec_prop_est(1992)     -0.33794   0.00043694
logit_rec_prop_est(1993)    -0.466862  0.000794352
logit_rec_prop_est(1994)    -0.897843  0.000304712
logit_rec_prop_est(1995)    -0.302007  5.97555e-05
logit_rec_prop_est(1996)      -2.1193 -0.000216695
logit_rec_prop_est(1997)      3.40911 -7.07066e-05
logit_rec_prop_est(1998)    -0.729092  0.000671933
logit_rec_prop_est(1999)     0.628945    4.251e-05
logit_rec_prop_est(2000)     0.119768 -9.97103e-05
logit_rec_prop_est(2001)      2.19468 -0.000354662
logit_rec_prop_est(2002)     -1.56949  -0.00012154
logit_rec_prop_est(2003)      1.90967 -0.000268689
logit_rec_prop_est(2004)     0.977976 -0.000394049
logit_rec_prop_est(2005)   -0.0317106  -0.00046348
logit_rec_prop_est(2006)    -0.190072 -0.000355876
logit_rec_prop_est(2007)    -0.353273 -0.000955561
logit_rec_prop_est(2008)    -0.614389  -0.00115801
logit_rec_prop_est(2009)    -0.382691 -3.33725e-05
logit_rec_prop_est(2010)    -0.683471  0.000424773
logit_rec_prop_est(2011)     -1.18749 -0.000390044
logit_rec_prop_est(2012)    -0.761205 -0.000508746
logit_rec_prop_est(2013)   -0.0291742  -0.00026585
logit_rec_prop_est(2014)     0.280157 -0.000296078
logit_rec_prop_est(2015)     -2.86468 -6.30617e-05
logit_rec_prop_est(2016)     -1.14566 -0.000298289
logit_rec_prop_est(2017)     -3.55984 -0.000208377
logit_rec_prop_est(2018)      -3.3656 -0.000175039
logit_rec_prop_est(2019)       1.7099 -9.79305e-05
logit_rec_prop_est(2020)    -0.334879 -0.000175263
logit_rec_prop_est(2021)     0.315632 -0.000164558
logit_rec_prop_est(2022)    0.0308754 -0.000151811
logit_rec_prop_est(2023)       1.8407 -0.000282387
logit_rec_prop_est(2024)      2.38493 -0.000214821
