ParName   Value   Gradient
T_pars_est[3]       13.641  -0.00410503
T_pars_est[11]      8.45109 -3.05639e-06
T_pars_est[12]      8.46186  2.32958e-05
T_pars_est[13]      8.51295 -2.66943e-05
T_pars_est[14]       8.7544  -2.9431e-06
T_pars_est[15]      9.27017  1.16988e-07
T_pars_est[16]      10.0135 -4.60314e-06
T_pars_est[17]      10.7725  2.50332e-05
T_pars_est[18]      11.1879  8.63542e-06
T_pars_est[19]      11.2684 -1.01092e-05
T_pars_est[20]      11.3438  1.75777e-05
T_pars_est[21]      11.3685     6.43e-06
T_pars_est[22]      11.1423 -9.38344e-08
T_pars_est[23]      10.8101 -1.82916e-05
T_pars_est[24]      10.5487 -9.94866e-06
T_pars_est[25]      10.7141  1.52462e-07
T_pars_est[26]      11.5013  7.16288e-05
T_pars_est[27]      11.0513 -4.66953e-05
T_pars_est[28]      10.1264 -8.01143e-07
T_pars_est[29]      9.14265  3.36151e-06
T_pars_est[30]      8.16525  7.51787e-06
T_pars_est[31]       7.3337 -6.04036e-06
T_pars_est[32]      6.89506  -5.1218e-06
T_pars_est[33]      13.6897  0.000743653
T_pars_est[34]      13.4112  0.000111556
T_pars_est[35]      13.1656  6.36811e-05
T_pars_est[36]      13.3136  2.49534e-05
T_pars_est[37]      12.6579  3.79152e-05
T_pars_est[38]      12.7775  5.74681e-05
T_pars_est[39]      12.6216  1.49266e-05
T_pars_est[40]      12.3914 -9.35646e-06
T_pars_est[41]      12.2645 -3.50697e-05
T_pars_est[42]      11.6586 -4.65584e-05
T_pars_est[43]      10.9111 -3.02399e-05
T_pars_est[44]      10.6705 -1.64582e-05
T_pars_est[45]      10.7748 -8.74117e-06
T_pars_est[46]      10.1405 -1.85598e-05
T_pars_est[47]      8.88407  1.39094e-05
T_pars_est[48]       7.8013  4.35316e-05
T_pars_est[49]      6.98912 -1.08273e-05
T_pars_est[50]      6.41779  1.81212e-05
T_pars_est[51]      6.00489 -1.40458e-06
T_pars_est[52]      5.70519 -5.29711e-06
T_pars_est[53]      5.50199  -1.0741e-06
T_pars_est[54]      5.39869 -1.05184e-05
T_pars_est[55]      9.81604 -8.62161e-06
T_pars_est[56]      9.88147 -9.52786e-06
T_pars_est[57]      10.2479 -1.88482e-05
T_pars_est[58]      11.5327 -7.73645e-05
T_pars_est[59]      13.2369  2.42016e-05
T_pars_est[60]      13.9189  5.50985e-05
T_pars_est[61]      13.2431  -6.5204e-05
T_pars_est[62]      12.2256  -0.00022542
T_pars_est[63]      11.0806 -0.000136933
T_pars_est[64]      9.95295 -0.000136352
T_pars_est[65]      9.21361 -0.000138382
T_pars_est[66]      8.79742 -0.000179404
T_pars_est[67]      8.55391 -0.000176955
T_pars_est[68]      8.44137  -0.00017551
T_pars_est[69]      8.30894 -0.000202367
T_pars_est[70]      8.13885 -0.000169441
T_pars_est[71]      7.95853 -0.000113565
T_pars_est[72]      7.78973 -0.000126276
T_pars_est[73]      7.63443 -0.000135056
T_pars_est[74]      7.49601 -0.000113938
T_pars_est[75]      7.39683 -0.000123258
T_pars_est[76]       7.3407 -0.000136181
T_pars_est[77]     -15.2348 -1.89967e-05
T_pars_est[78]     -15.3431  2.00331e-05
T_pars_est[79]     -15.5292  1.44847e-05
T_pars_est[80]     -15.0323 -1.00434e-05
T_pars_est[81]     -14.0438 -2.52566e-05
T_pars_est[82]     -13.3199 -1.00071e-06
T_pars_est[83]     -14.4235  3.51518e-05
T_pars_est[84]     -15.5266  4.06016e-06
T_pars_est[85]     -16.3747  8.71278e-06
T_pars_est[86]     -17.0311  1.71746e-05
T_pars_est[87]     -17.4935 -6.27116e-06
T_pars_est[88]     -17.8377 -2.18579e-06
T_pars_est[89]     -18.1101 -2.79085e-05
T_pars_est[90]     -18.3385  5.87832e-06
T_pars_est[91]     -18.5362  5.17147e-07
T_pars_est[92]     -18.7102  3.76564e-06
T_pars_est[93]     -18.8641 -1.53961e-05
log_fbar[1]    0.0913509 -0.000368864
log_fbar[2]     -5.49757 -0.000309246
log_fdev[1](1)     -1.46601 -0.000100165
log_fdev[1](2)     -1.73743 -0.000138794
log_fdev[1](3)     -1.13799  -0.00015978
log_fdev[1](4)     -0.78783 -0.000211184
log_fdev[1](5)    -0.650597 -0.000345929
log_fdev[1](6)    -0.350016  -0.00073058
log_fdev[1](7)    -0.354572 -0.000286529
log_fdev[1](8)    -0.318757  0.000438222
log_fdev[1](9)     0.676795  0.000488073
log_fdev[1](10)     0.194561   6.7462e-05
log_fdev[1](11)     0.544935 -3.17621e-05
log_fdev[1](12)     0.690312  3.40964e-05
log_fdev[1](13)     0.312929 -0.000156488
log_fdev[1](14)     0.652041  6.51714e-05
log_fdev[1](15)     0.594911  0.000159202
log_fdev[1](16)     0.307186  0.000148217
log_fdev[1](17)     0.998662 -8.24636e-05
log_fdev[1](18)    -0.344029  0.000265322
log_fdev[1](19)    -0.446706  0.000345009
log_fdev[1](20)     0.192806  0.000393171
log_fdev[1](21)     0.269778 -2.03325e-05
log_fdev[1](22)    -0.457415 -0.000272117
log_fdev[1](23)    -0.762185  2.61353e-05
log_fdev[1](24)    -0.940944  0.000262071
log_fdev[1](25)    -0.369786  0.000319539
log_fdev[1](26)   0.00692536 -1.74583e-05
log_fdev[1](27)     -0.28271 -0.000346026
log_fdev[1](28)    -0.665442 -0.000256657
log_fdev[1](29)     -0.83022  9.32786e-06
log_fdev[1](30)    -0.251755  3.34794e-05
log_fdev[1](31)     0.275308  7.31678e-05
log_fdev[1](32)     0.669276  5.63399e-05
log_fdev[1](33)      1.06202  0.000230684
log_fdev[1](34)      1.18861  7.30571e-05
log_fdev[1](35)     0.751641  -0.00024381
log_fdev[1](36)     0.807951 -0.000127253
log_fdev[1](37)      1.35842 -0.000215741
log_fdev[1](38)      1.49889  -0.00020032
log_fdev[1](39)        1.365 -0.000123594
log_fdev[1](40)     -1.02852  0.000116387
log_fdev[1](41)     -1.23604 -6.92383e-06
log_fdev[2](1)     0.254047 -1.10107e-05
log_fdev[2](2)     0.264975  2.07127e-05
log_fdev[2](3)     0.106735  6.35039e-06
log_fdev[2](4)   -0.0722206  3.26005e-05
log_fdev[2](5)     -9.05541   1.6739e-06
log_fdev[2](6)     -5.03992   1.3075e-05
log_fdev[2](7)     -5.52069 -2.80914e-05
log_fdev[2](8)     -1.66853  1.24385e-05
log_fdev[2](9)    -0.434577 -1.48135e-05
log_fdev[2](10)      2.12522 -5.57917e-05
log_fdev[2](11)      1.61367 -5.40226e-05
log_fdev[2](12)      1.35971  -4.4003e-05
log_fdev[2](13)      1.14139 -3.75048e-05
log_fdev[2](14)      1.55322 -1.74631e-05
log_fdev[2](15)      1.39294 -2.79808e-05
log_fdev[2](16)      0.66728 -1.67092e-06
log_fdev[2](17)     0.867229 -2.33604e-05
log_fdev[2](18)      0.35501 -1.65972e-06
log_fdev[2](19)     0.542095  2.79331e-05
log_fdev[2](20)     0.499049 -4.44723e-06
log_fdev[2](21)    0.0232682 -4.57896e-05
log_fdev[2](22)    0.0623367   -1.168e-05
log_fdev[2](23)     0.048647  -1.5674e-05
log_fdev[2](24)   0.00705038  9.62503e-06
log_fdev[2](25)     0.650049  3.02214e-05
log_fdev[2](26)     0.388573 -1.32843e-05
log_fdev[2](27)    -0.226064 -5.20493e-05
log_fdev[2](28)      0.36424 -7.99908e-06
log_fdev[2](29)    -0.838238 -3.89719e-06
log_fdev[2](30)    -0.603801  1.15721e-06
log_fdev[2](31)    -0.106725  -1.8567e-05
log_fdev[2](32)     0.175743  5.76448e-06
log_fdev[2](33)      1.71389 -3.52802e-06
log_fdev[2](34)      3.00452 -3.99866e-06
log_fdev[2](35)    -0.625127 -3.40284e-05
log_fdev[2](36)     0.450928  5.92451e-06
log_fdev[2](37)      1.74063 -4.50323e-06
log_fdev[2](38)     0.992056 -8.28418e-06
log_fdev[2](39)     0.999936  4.11717e-05
log_fdev[2](40)     0.496879  3.34675e-05
log_fdev[2](41)    -0.224806  2.50178e-05
log_fdev[2](42)     0.405537 -6.77564e-08
log_fdev[2](43)     0.149247 -2.76126e-05
log_foff[1]     -6.83139 -0.000524422
log_fdov[1](1)      1.43462 -0.000144159
log_fdov[1](2)      1.62257 -0.000134156
log_fdov[1](3)      1.28589 -0.000131044
log_fdov[1](4)      1.19504 -8.55187e-05
log_fdov[1](5)      2.03065 -0.000291972
log_fdov[1](6)      1.39416 -0.000590583
log_fdov[1](7)      0.85435 -0.000316191
log_fdov[1](8)      1.10041 -4.04758e-05
log_fdov[1](9)      3.76489  4.67667e-05
log_fdov[1](10)       2.0685   9.7238e-06
log_fdov[1](11)      1.75853  3.07019e-05
log_fdov[1](12)     0.732217  8.03846e-05
log_fdov[1](13)     0.759321 -5.42445e-06
log_fdov[1](14)    -0.744133  9.25218e-05
log_fdov[1](15)      1.03449  0.000144032
log_fdov[1](16)      1.51618  6.53032e-05
log_fdov[1](17)     -1.56574  6.88795e-05
log_fdov[1](18)    -0.153561  0.000104495
log_fdov[1](19)     -2.23826  0.000145253
log_fdov[1](20)    0.0655062  0.000135341
log_fdov[1](21)      -2.0161  0.000110312
log_fdov[1](22)     -1.95833  4.29422e-05
log_fdov[1](23)     -1.02152  2.06997e-05
log_fdov[1](24)    -0.469244 -2.47733e-06
log_fdov[1](25)     -2.56217  9.53597e-05
log_fdov[1](26)    -0.190829  8.66424e-05
log_fdov[1](27)     0.260249  1.85511e-05
log_fdov[1](28)     0.502406   2.8833e-05
log_fdov[1](29)     0.572634  7.12576e-05
log_fdov[1](30)      2.63098 -4.82238e-06
log_fdov[1](31)     0.527312 -3.55494e-05
log_fdov[1](32)     0.881763  8.09511e-06
log_fdov[1](33)      1.59917  8.53718e-05
log_fdov[1](34)     0.703223  9.87314e-06
log_fdov[1](35)    0.0783254   3.1905e-05
log_fdov[1](36)    0.0155007 -0.000109599
log_fdov[1](37)    -0.975888 -0.000181583
log_fdov[1](38)      -1.4573 -6.59838e-05
log_fdov[1](39)     -4.56076 -6.22499e-05
log_fdov[1](40)     -4.94695 -8.56696e-05
log_fdov[1](41)     -5.52809  -9.4398e-06
rec_dev_est(1982)     0.585423 -0.000311417
rec_dev_est(1983)     0.321321  0.000323977
rec_dev_est(1984)      1.72197 -0.000167741
rec_dev_est(1985)      1.41693  -0.00132662
rec_dev_est(1986)    -0.781382 -0.000160058
rec_dev_est(1987)    -0.177752 -0.000373141
rec_dev_est(1988)       1.5691 -0.000353705
rec_dev_est(1989)    -0.454374  2.65771e-05
rec_dev_est(1990)     0.799828  0.000314937
rec_dev_est(1991)      1.34089   0.00088603
rec_dev_est(1992)    -0.351929  0.000157475
rec_dev_est(1993)    -0.539807  0.000448798
rec_dev_est(1994)     -1.55677  0.000172017
rec_dev_est(1995)    -0.457783  -2.8606e-05
rec_dev_est(1996)    -0.149855  -0.00020312
rec_dev_est(1997)     -0.21315 -1.91673e-05
rec_dev_est(1998)    -0.615579  4.69205e-05
rec_dev_est(1999)    -0.793106  0.000132625
rec_dev_est(2000)    -0.779391 -2.74352e-05
rec_dev_est(2001)     0.114432 -0.000807834
rec_dev_est(2002)      1.51844 -4.10254e-05
rec_dev_est(2003)     0.087148 -0.000257861
rec_dev_est(2004)     0.325949  0.000265883
rec_dev_est(2005)    -0.721191  9.14206e-05
rec_dev_est(2006)    -0.852301   1.9631e-05
rec_dev_est(2007)    -0.389678  1.14784e-05
rec_dev_est(2008)      1.47402 -0.000489092
rec_dev_est(2009)    -0.382756 -0.000179473
rec_dev_est(2010)    -0.454764 -0.000440477
rec_dev_est(2011)      -1.0658 -0.000135245
rec_dev_est(2012)     -0.70816  2.62585e-05
rec_dev_est(2013)    -0.876575 -0.000358327
rec_dev_est(2014)     0.205896  0.000373911
rec_dev_est(2015)      1.04596  2.92771e-05
rec_dev_est(2016)    -0.749845  2.17607e-05
rec_dev_est(2017)     -1.57057  -3.5748e-05
rec_dev_est(2018)      -0.7259 -9.54467e-05
rec_dev_est(2019)    -0.724737 -4.34097e-05
rec_dev_est(2020)     0.501006 -5.41062e-05
rec_dev_est(2021)     0.916285 -3.01134e-05
rec_dev_est(2022)       1.0038   -2.794e-05
rec_dev_est(2023)    -0.826281  5.50219e-05
rec_dev_est(2024)     -1.60934   9.0174e-06
logit_rec_prop_est(1982)      3.18436   0.00127405
logit_rec_prop_est(1983)      4.70699   0.00275048
logit_rec_prop_est(1984)    -0.835077   0.00242938
logit_rec_prop_est(1985)      1.93402  -0.00596113
logit_rec_prop_est(1986)     0.478124 -0.000540769
logit_rec_prop_est(1987)      2.85095 -0.000821026
logit_rec_prop_est(1988)     -1.10695  -0.00295032
logit_rec_prop_est(1989)      -0.6558  0.000277767
logit_rec_prop_est(1990)    -0.538604   1.3448e-05
logit_rec_prop_est(1991)      2.24066 -0.000457757
logit_rec_prop_est(1992)    -0.328975  0.000287426
logit_rec_prop_est(1993)     0.833177   0.00232861
logit_rec_prop_est(1994)      1.41801  0.000663368
logit_rec_prop_est(1995)    -0.987684 -0.000264385
logit_rec_prop_est(1996)     -2.32334   -0.0013148
logit_rec_prop_est(1997)     0.351985  -0.00124107
logit_rec_prop_est(1998)     0.260503 -2.23859e-05
logit_rec_prop_est(1999)      2.42373   0.00082837
logit_rec_prop_est(2000)     -3.78046  0.000283872
logit_rec_prop_est(2001)      2.95815 -0.000626358
logit_rec_prop_est(2002)     -1.57815   -0.0019261
logit_rec_prop_est(2003)     0.669067 -0.000919066
logit_rec_prop_est(2004)        2.372   0.00204545
logit_rec_prop_est(2005)      1.91096  0.000803189
logit_rec_prop_est(2006)     -2.15351  0.000508252
logit_rec_prop_est(2007)     0.853413  1.02372e-05
logit_rec_prop_est(2008)     -1.51192  -0.00117902
logit_rec_prop_est(2009)    -0.943129 -0.000688495
logit_rec_prop_est(2010)     -0.65935  -0.00193677
logit_rec_prop_est(2011)    -0.531338 -0.000502639
logit_rec_prop_est(2012)    0.0308223  0.000244467
logit_rec_prop_est(2013)     0.170758   -0.0004013
logit_rec_prop_est(2014)       1.9772   0.00163666
logit_rec_prop_est(2015)      -2.8306   0.00295263
logit_rec_prop_est(2016)    -0.766834   0.00101734
logit_rec_prop_est(2017)     -4.54227  0.000131009
logit_rec_prop_est(2018)     -5.22767 -0.000551412
logit_rec_prop_est(2019)     -1.05169  0.000125269
logit_rec_prop_est(2020)     0.448769  -9.3394e-05
logit_rec_prop_est(2021)     -1.27781  0.000203522
logit_rec_prop_est(2022)    -0.307671  0.000103732
logit_rec_prop_est(2023)   -0.0354176  0.000230409
logit_rec_prop_est(2024)       1.9006  0.000255248
