ParName   Value   Gradient
T_pars_est[3]      14.3817  -0.00554801
T_pars_est[11]      9.82973 -1.67029e-05
T_pars_est[12]      9.83636  3.27654e-05
T_pars_est[13]      9.86528  1.94445e-06
T_pars_est[14]      9.98304  1.44976e-05
T_pars_est[15]      10.4539  -1.3491e-05
T_pars_est[16]      11.0336  2.87083e-05
T_pars_est[17]      11.4714 -1.62183e-06
T_pars_est[18]      11.6587 -8.78116e-06
T_pars_est[19]      11.7518  6.40205e-07
T_pars_est[20]      11.7964 -2.55977e-06
T_pars_est[21]      11.7666  1.08438e-05
T_pars_est[22]      11.5138  8.40691e-06
T_pars_est[23]        11.17 -5.46008e-06
T_pars_est[24]      10.8083  1.81919e-05
T_pars_est[25]       10.785  6.11782e-05
T_pars_est[26]      11.5308 -6.43977e-06
T_pars_est[27]      11.0498 -1.58721e-05
T_pars_est[28]      10.2355   3.8782e-05
T_pars_est[29]      9.24059  2.60288e-05
T_pars_est[30]       8.2533  -5.6965e-06
T_pars_est[31]      7.43822  1.06389e-05
T_pars_est[32]      7.03993  3.09447e-06
T_pars_est[33]      12.3422  2.80335e-05
T_pars_est[34]      12.4597   2.5252e-05
T_pars_est[35]      13.3061  8.94312e-05
T_pars_est[36]      13.7871  0.000188642
T_pars_est[37]      13.0688  0.000108985
T_pars_est[38]      13.1495  0.000163539
T_pars_est[39]      12.8638  0.000135978
T_pars_est[40]      12.6163  0.000158941
T_pars_est[41]       12.532  0.000159316
T_pars_est[42]      11.9943  0.000134095
T_pars_est[43]      11.3821  8.24465e-05
T_pars_est[44]        11.31  5.29348e-05
T_pars_est[45]      11.3783   8.5168e-05
T_pars_est[46]      10.3362  5.84923e-05
T_pars_est[47]      8.98415  2.30388e-05
T_pars_est[48]      7.97981  8.46099e-06
T_pars_est[49]       7.2315  8.18661e-06
T_pars_est[50]      6.68782 -1.81074e-05
T_pars_est[51]      6.28749  1.58781e-05
T_pars_est[52]      5.98796  2.09368e-06
T_pars_est[53]      5.77765 -7.01638e-06
T_pars_est[54]      5.66799  3.08363e-06
T_pars_est[55]      12.1558  1.18463e-05
T_pars_est[56]      12.1749 -3.79869e-05
T_pars_est[57]      12.2221 -3.88181e-06
T_pars_est[58]      12.3622  9.03986e-06
T_pars_est[59]      13.5228 -9.56744e-06
T_pars_est[60]       13.585 -4.17888e-06
T_pars_est[61]      12.9922   5.9922e-06
T_pars_est[62]       12.153  2.54383e-05
T_pars_est[63]      11.0257 -8.37096e-06
T_pars_est[64]      9.97229 -2.29753e-05
T_pars_est[65]      9.24636 -8.66967e-06
T_pars_est[66]      8.82714 -7.57777e-07
T_pars_est[67]      8.62827 -2.65264e-05
T_pars_est[68]      8.57712 -2.07292e-05
T_pars_est[69]      8.47821 -3.06296e-05
T_pars_est[70]      8.27963 -3.04053e-05
T_pars_est[71]      8.02151 -3.15156e-05
T_pars_est[72]      7.76426 -7.55211e-06
T_pars_est[73]      7.52114  -3.8641e-06
T_pars_est[74]      7.29124 -7.13447e-06
T_pars_est[75]       7.1336  1.44386e-05
T_pars_est[76]      7.04179 -1.69007e-06
T_pars_est[77]     -13.8259  1.55833e-05
T_pars_est[78]      -13.877 -1.56332e-05
T_pars_est[79]     -13.9744 -5.67326e-06
T_pars_est[80]     -14.1297 -1.70722e-05
T_pars_est[81]     -13.6463  2.28741e-05
T_pars_est[82]     -13.4763  5.09878e-06
T_pars_est[83]     -14.5969  3.10729e-06
T_pars_est[84]     -15.6167 -2.58247e-05
T_pars_est[85]      -16.423  7.60074e-06
T_pars_est[86]     -17.0497  -1.2875e-06
T_pars_est[87]     -17.5026 -9.51875e-06
T_pars_est[88]     -17.8438 -8.84149e-06
T_pars_est[89]      -18.114 -6.05566e-06
T_pars_est[90]     -18.3405  9.33513e-06
T_pars_est[91]     -18.5369 -1.18531e-06
T_pars_est[92]     -18.7101  4.16063e-06
T_pars_est[93]     -18.8638 -7.64548e-06
G_pars_est[1]     0.979136 -0.000100006
G_pars_est[2]    -0.241502  0.000261202
G_pars_est[4]     -4.80561 -8.62501e-05
G_pars_est[5]    -0.426172  0.000521621
M_pars_est[1]      0.29311  0.000469212
M_pars_est[2]      1.46112  0.000115288
M_pars_est[3]     0.111964   1.6007e-05
M_pars_est[5]   0.00658718  0.000481127
M_pars_est[7]      2.27041  0.000603003
M_pars_est[9]     0.268118 -0.000113904
M_pars_est[10]     -0.74652  9.08631e-06
M_pars_est[11]     0.938929 -8.75471e-05
M_pars_est[13]            1 -1.71823e-06
M_pars_est[14]      1.62703  1.02723e-05
M_pars_est[15]      7.15157  1.57158e-07
S_pars_est[1]      4.66165   -0.0015019
S_pars_est[2]      1.63679  0.000326067
S_pars_est[3]      4.77953   0.00053183
S_pars_est[4]      2.38181 -0.000375854
S_pars_est[5]     -3.31182 -5.59932e-07
S_pars_est[6]     -2.77569  -6.2354e-07
S_pars_est[7]     -2.29918 -3.33636e-06
S_pars_est[8]      -1.5534  6.63218e-06
S_pars_est[9]     -1.52791 -1.02533e-05
S_pars_est[10]     -1.34399  2.56545e-05
S_pars_est[11]     -1.04024  8.94497e-06
S_pars_est[12]     -1.01733 -7.24981e-07
S_pars_est[13]     -1.14192 -7.96528e-06
S_pars_est[14]     -1.12006  7.41296e-06
S_pars_est[15]     -1.05154 -5.32415e-07
S_pars_est[16]     -1.00591  1.95343e-06
S_pars_est[17]    -0.975184   1.6359e-06
S_pars_est[18]    -0.856681  -9.5022e-06
S_pars_est[19]     -0.82799  -1.4213e-05
S_pars_est[20]    -0.970437  1.32018e-05
S_pars_est[21]    -0.855924 -1.53818e-05
S_pars_est[22]    -0.662013  4.55746e-06
S_pars_est[23]    -0.475865  1.15209e-06
S_pars_est[24]    -0.315592  6.37287e-06
S_pars_est[25]    -0.226124   9.1046e-06
S_pars_est[26]    -0.291265 -2.16333e-07
S_pars_est[27]     -4.51186  9.67084e-06
S_pars_est[28]     -3.30047 -2.85667e-05
S_pars_est[29]     -2.57103  -3.2884e-05
S_pars_est[30]     -1.90127  1.61595e-05
S_pars_est[31]     -1.70581  -1.2298e-05
S_pars_est[32]     -1.43297  1.05676e-05
S_pars_est[33]      -1.2093 -3.12818e-05
S_pars_est[34]     -1.12794    4.753e-06
S_pars_est[35]        -1.19   6.7786e-06
S_pars_est[36]     -1.19669 -4.24257e-06
S_pars_est[37]     -1.16351  -4.6706e-06
S_pars_est[38]     -1.10872 -8.65229e-06
S_pars_est[39]     -1.06997 -4.23513e-06
S_pars_est[40]    -0.926991 -3.42045e-06
S_pars_est[41]    -0.715269 -5.03601e-06
S_pars_est[42]    -0.399121  1.59133e-05
S_pars_est[43]    -0.283966  6.79691e-06
S_pars_est[44]    -0.191153   5.6275e-06
S_pars_est[45]    -0.158673 -3.26521e-06
S_pars_est[46]    -0.129961  2.50154e-05
S_pars_est[47]    -0.117857  2.31206e-05
S_pars_est[48]    -0.145974 -1.09671e-06
S_pars_est[49]      4.21458 -0.000791831
S_pars_est[50]     0.987817  0.000123854
S_pars_est[51]     -5.14993  7.87037e-06
S_pars_est[52]     -5.25282 -3.93447e-06
S_pars_est[53]     -4.04202  1.28807e-05
S_pars_est[54]     -1.71222 -2.08922e-05
S_pars_est[55]     -1.15789  3.84875e-06
S_pars_est[56]    -0.540793  4.29863e-06
S_pars_est[57]    -0.547824  4.04458e-06
S_pars_est[58]    -0.753449  1.76001e-05
S_pars_est[59]    -0.831441  -1.5294e-05
S_pars_est[60]    -0.922331   -4.468e-06
S_pars_est[61]    -0.909797 -3.51102e-06
S_pars_est[62]    -0.871224 -9.39583e-06
S_pars_est[63]    -0.838343   -2.069e-06
S_pars_est[64]    -0.791326  3.71459e-06
S_pars_est[65]    -0.721681  6.28788e-08
S_pars_est[66]    -0.631245  1.12307e-06
S_pars_est[67]    -0.529491 -5.41016e-07
S_pars_est[68]    -0.423558  4.66527e-06
S_pars_est[69]    -0.314017  1.24742e-06
S_pars_est[70]    -0.199491 -3.19054e-06
S_pars_est[71]   -0.0829811  4.80289e-06
S_pars_est[73]     -4.19024  2.49345e-06
S_pars_est[74]     -3.13159  2.00681e-06
S_pars_est[75]     -2.72899  2.29371e-05
S_pars_est[76]     -1.00288 -4.54158e-05
S_pars_est[77]    -0.514437  3.41696e-06
S_pars_est[78]    -0.245388 -3.65791e-05
S_pars_est[79]    -0.340447  2.05345e-05
S_pars_est[80]    -0.899238 -2.06121e-05
S_pars_est[81]     -1.05112 -4.67558e-06
S_pars_est[82]     -1.26523 -3.95324e-06
S_pars_est[83]     -1.24283 -5.00325e-06
S_pars_est[84]     -0.95031 -7.78946e-06
S_pars_est[85]    -0.827475   1.7327e-06
S_pars_est[86]      -0.7779 -2.65679e-06
S_pars_est[87]    -0.710711   3.3775e-06
S_pars_est[88]     -0.62339 -2.92349e-06
S_pars_est[89]    -0.524209  4.83922e-06
S_pars_est[90]    -0.419945  2.73006e-06
S_pars_est[91]     -0.31132  7.30491e-07
S_pars_est[92]    -0.197214  1.31526e-07
S_pars_est[93]    -0.080516  6.68504e-07
S_pars_est[95]      4.58425    0.0170292
S_pars_est[96]     -1.13772  -0.00020738
log_fbar[1]    -0.153593    0.0010539
log_fbar[2]     -5.13042 -0.000587455
log_fdev[1](1)     -1.27988  -3.9737e-05
log_fdev[1](2)      -1.7441  8.28964e-05
log_fdev[1](3)      -1.1434  0.000140414
log_fdev[1](4)    -0.800069  0.000164782
log_fdev[1](5)    -0.661367  0.000110573
log_fdev[1](6)    -0.262542 -2.69656e-05
log_fdev[1](7)    -0.215095  8.90729e-05
log_fdev[1](8)    -0.143686  5.06001e-05
log_fdev[1](9)      1.05545 -1.28356e-05
log_fdev[1](10)     0.653008 -2.73649e-05
log_fdev[1](11)     0.861073 -4.51904e-05
log_fdev[1](12)     0.839342  -4.4973e-05
log_fdev[1](13)     0.492174  5.69757e-05
log_fdev[1](14)     0.658659  0.000189398
log_fdev[1](15)     0.802355  0.000181326
log_fdev[1](16)      1.08997  0.000188015
log_fdev[1](17)      1.07672  0.000207995
log_fdev[1](18)     -0.19005 -5.79458e-05
log_fdev[1](19)    -0.166238  7.45679e-05
log_fdev[1](20)     0.382677  -5.2767e-05
log_fdev[1](21)    -0.177317  -0.00021796
log_fdev[1](22)     -1.81775 -9.53475e-05
log_fdev[1](23)    -0.832192 -1.56203e-05
log_fdev[1](24)     -0.80985 -0.000134887
log_fdev[1](25)      -0.2048 -0.000198019
log_fdev[1](26)     0.184565  -0.00014798
log_fdev[1](27)   -0.0456394  0.000118961
log_fdev[1](28)    -0.382928  0.000514905
log_fdev[1](29)    -0.744579  0.000609485
log_fdev[1](30)   -0.0398166   0.00051994
log_fdev[1](31)     0.374168  0.000481535
log_fdev[1](32)     0.543389 -2.17093e-05
log_fdev[1](33)     0.996002 -1.54953e-05
log_fdev[1](34)     0.972042  1.40411e-05
log_fdev[1](35)     0.456009  2.19412e-05
log_fdev[1](36)     0.231304 -0.000125245
log_fdev[1](37)      1.04263 -0.000238935
log_fdev[1](38)     0.305838  0.000257836
log_fdev[1](39)      0.82586  2.86401e-05
log_fdev[1](40)      -1.1262 -0.000300714
log_fdev[1](41)     -1.05571 -4.59803e-05
log_fdev[2](1)     0.302367 -8.06994e-06
log_fdev[2](2)     0.135784  6.27201e-06
log_fdev[2](3)   -0.0890042 -1.21623e-05
log_fdev[2](4)    -0.284014 -6.13225e-07
log_fdev[2](5)     -9.23604  5.58292e-06
log_fdev[2](6)      -5.0591 -1.51563e-05
log_fdev[2](7)     -5.47352 -6.74657e-06
log_fdev[2](8)     -1.58179 -6.13829e-06
log_fdev[2](9)    -0.197598  -3.2206e-05
log_fdev[2](10)      2.29225 -3.14029e-05
log_fdev[2](11)      1.77705 -5.90171e-06
log_fdev[2](12)       1.5532  -7.8702e-06
log_fdev[2](13)      1.36187 -2.87623e-05
log_fdev[2](14)      1.72004 -4.34397e-05
log_fdev[2](15)      1.59367 -6.29068e-05
log_fdev[2](16)     0.981907 -0.000118133
log_fdev[2](17)     0.983619 -0.000106118
log_fdev[2](18)      0.41959 -3.81569e-05
log_fdev[2](19)     0.700314 -3.28706e-05
log_fdev[2](20)     0.571818 -5.50292e-05
log_fdev[2](21)    -0.208584 -7.47954e-05
log_fdev[2](22)    -0.398675 -5.65703e-05
log_fdev[2](23)    -0.224107 -1.12949e-05
log_fdev[2](24)   -0.0513195  5.01179e-06
log_fdev[2](25)     0.756559 -1.51209e-05
log_fdev[2](26)     0.519921   8.3791e-06
log_fdev[2](27)   -0.0993375  6.30173e-05
log_fdev[2](28)     0.517756  9.86572e-05
log_fdev[2](29)    -0.962677  8.61648e-05
log_fdev[2](30)    -0.547284  9.06482e-05
log_fdev[2](31)    -0.025739  4.56986e-05
log_fdev[2](32)     0.179174 -6.24841e-05
log_fdev[2](33)      1.74721 -4.68011e-05
log_fdev[2](34)      2.97995 -3.01767e-05
log_fdev[2](35)    -0.716831 -6.97694e-05
log_fdev[2](36)     0.108575 -2.90082e-05
log_fdev[2](37)      1.61757 -1.24413e-05
log_fdev[2](38)     0.433523  -1.0244e-05
log_fdev[2](39)     0.803365 -2.11716e-05
log_fdev[2](40)     0.434055 -3.15706e-05
log_fdev[2](41)    -0.222683 -3.82855e-05
log_fdev[2](42)     0.488118 -1.07683e-05
log_fdev[2](43)     0.399024 -7.75877e-06
log_foff[1]     -6.84409  0.000390217
log_fdov[1](1)      1.21925  1.70659e-05
log_fdov[1](2)      1.59651 -1.57174e-06
log_fdov[1](3)      1.25497  1.32642e-05
log_fdov[1](4)      1.14543   1.7719e-05
log_fdov[1](5)      1.87324 -8.88137e-05
log_fdov[1](6)      1.42345 -0.000179494
log_fdov[1](7)     0.663037 -7.68796e-05
log_fdov[1](8)     0.446174  2.70396e-05
log_fdov[1](9)      2.57336  2.40872e-05
log_fdov[1](10)      1.01363  3.86105e-05
log_fdov[1](11)      1.29498 -2.83267e-06
log_fdov[1](12)     0.596717 -7.01058e-05
log_fdov[1](13)     0.689394 -1.08872e-06
log_fdov[1](14)    -0.670518  3.66453e-06
log_fdov[1](15)     0.801163  6.94735e-05
log_fdov[1](16)      0.57452  7.38721e-05
log_fdov[1](17)      -1.8536  9.70738e-05
log_fdov[1](18)    -0.511563  3.58193e-05
log_fdov[1](19)     -2.61836  5.92255e-05
log_fdov[1](20)    -0.188468  8.73403e-05
log_fdov[1](21)      -1.6976  8.50562e-05
log_fdov[1](22)    -0.709439   0.00010361
log_fdov[1](23)    -0.939003  8.19524e-05
log_fdov[1](24)     -0.72064  4.79796e-05
log_fdov[1](25)     -2.63476  4.41631e-06
log_fdov[1](26)    -0.232321 -3.38722e-06
log_fdov[1](27)     0.137986 -6.55418e-06
log_fdov[1](28)      0.37757  8.35146e-06
log_fdov[1](29)     0.760424  6.74077e-05
log_fdov[1](30)       2.3603 -5.52816e-05
log_fdov[1](31)     0.448968 -7.41616e-05
log_fdov[1](32)      1.06676 -0.000131788
log_fdov[1](33)      1.71007 -8.94411e-05
log_fdov[1](34)     0.872831 -5.61196e-05
log_fdov[1](35)     0.267951 -3.91093e-05
log_fdov[1](36)     0.359911 -1.93111e-05
log_fdov[1](37)    -0.930934   7.9168e-05
log_fdov[1](38)     0.197176  8.45341e-05
log_fdov[1](39)     -3.20823  3.03045e-05
log_fdov[1](40)     -3.91665  5.38952e-05
log_fdov[1](41)     -4.89367  0.000105383
rec_dev_est(1982)     0.352143  5.00536e-05
rec_dev_est(1983)    0.0198147 -0.000115728
rec_dev_est(1984)     0.861875 -0.000322498
rec_dev_est(1985)      1.66088 -0.000191028
rec_dev_est(1986)     0.885735 -3.16035e-06
rec_dev_est(1987)     0.965849  0.000177625
rec_dev_est(1988)    -0.460164  9.89012e-05
rec_dev_est(1989)    -0.198057  3.99377e-05
rec_dev_est(1990)     0.184969 -0.000583701
rec_dev_est(1991)     0.639524  -0.00172987
rec_dev_est(1992)    -0.234708 -0.000189834
rec_dev_est(1993)    -0.249596  5.17859e-05
rec_dev_est(1994)    -0.671825 -0.000112567
rec_dev_est(1995)     -1.14583 -8.73874e-05
rec_dev_est(1996)     0.217647  -0.00070528
rec_dev_est(1997)    -0.905422 -0.000534357
rec_dev_est(1998)    -0.800349  3.58983e-05
rec_dev_est(1999)    -0.771876 -1.67668e-05
rec_dev_est(2000)     -1.75042  5.42672e-05
rec_dev_est(2001)    -0.459817  0.000602358
rec_dev_est(2002)      1.28998   0.00109583
rec_dev_est(2003)    -0.236935   0.00123539
rec_dev_est(2004)    -0.133976   0.00166987
rec_dev_est(2005)     -1.07494  0.000296493
rec_dev_est(2006)     -1.88882  1.67408e-05
rec_dev_est(2007)     -1.15214 -0.000725324
rec_dev_est(2008)      1.45688 -0.000896428
rec_dev_est(2009)    -0.791955 -0.000266446
rec_dev_est(2010)    -0.599577 -0.000485029
rec_dev_est(2011)    -0.774102  -0.00037617
rec_dev_est(2012)   -0.0194226 -0.000427255
rec_dev_est(2013)    -0.568598 -0.000416467
rec_dev_est(2014)      1.19105 -0.000262203
rec_dev_est(2015)      1.14229 -0.000122389
rec_dev_est(2016)      1.52138 -1.17932e-05
rec_dev_est(2017)    -0.537127 -6.35116e-06
rec_dev_est(2018)    -0.429156 -0.000169468
rec_dev_est(2019)    -0.941675   2.2378e-05
rec_dev_est(2020)   -0.0525106 -6.49358e-05
rec_dev_est(2021)     0.168315  4.36312e-05
rec_dev_est(2022)      1.01415 -1.69138e-05
rec_dev_est(2023)     0.254815     1.93e-06
rec_dev_est(2024)    -0.566815 -2.67104e-05
logit_rec_prop_est(1982)       2.5572  0.000731002
logit_rec_prop_est(1983)      0.83057  0.000928789
logit_rec_prop_est(1984)    -0.513184  0.000319346
logit_rec_prop_est(1985)    -0.933212 -0.000557638
logit_rec_prop_est(1986)     -3.10525   0.00044765
logit_rec_prop_est(1987)     -1.08888   0.00101511
logit_rec_prop_est(1988)     0.642907  2.32405e-05
logit_rec_prop_est(1989)     -1.11676 -0.000110058
logit_rec_prop_est(1990)     0.789222  0.000103561
logit_rec_prop_est(1991)     0.847552 -0.000677576
logit_rec_prop_est(1992)    -0.697971  -0.00140221
logit_rec_prop_est(1993)     -2.41349 -0.000201391
logit_rec_prop_est(1994)     -1.25253 -0.000764344
logit_rec_prop_est(1995)     -1.57518 -0.000539509
logit_rec_prop_est(1996)    -0.958868  -0.00369128
logit_rec_prop_est(1997)      3.31441  0.000164328
logit_rec_prop_est(1998)     -4.05477  0.000242245
logit_rec_prop_est(1999)    -0.141781  0.000254798
logit_rec_prop_est(2000)    -0.126147  0.000394281
logit_rec_prop_est(2001)       1.6281  0.000781181
logit_rec_prop_est(2002)     -1.92945   0.00896555
logit_rec_prop_est(2003)     0.874088    0.0019172
logit_rec_prop_est(2004)     0.830904   0.00396127
logit_rec_prop_est(2005)      1.17946   0.00200185
logit_rec_prop_est(2006)      3.88148  5.69429e-05
logit_rec_prop_est(2007)      1.94838   -0.0015564
logit_rec_prop_est(2008)     -1.95005  -0.00482433
logit_rec_prop_est(2009)     -1.44529 -0.000839153
logit_rec_prop_est(2010)    -0.949596  -0.00186255
logit_rec_prop_est(2011)     -1.04663   -0.0017608
logit_rec_prop_est(2012)    -0.598123  -0.00197416
logit_rec_prop_est(2013)      1.17096 -0.000373754
logit_rec_prop_est(2014)      1.07616  -0.00103666
logit_rec_prop_est(2015)     0.293614 -0.000683637
logit_rec_prop_est(2016)      -2.4749 -0.000141403
logit_rec_prop_est(2017)     -1.49054 -5.17143e-05
logit_rec_prop_est(2018)      5.79571  0.000247846
logit_rec_prop_est(2019)     -2.78389  0.000190828
logit_rec_prop_est(2020)     0.532641    1.307e-05
logit_rec_prop_est(2021)     0.501626  0.000327687
logit_rec_prop_est(2022)     0.549342  0.000328699
logit_rec_prop_est(2023)    -0.201761  0.000275599
logit_rec_prop_est(2024)      3.60393  0.000359543
