ParName   Value   Gradient
T_pars_est[3]      13.6059   0.00775908
T_pars_est[11]       8.4918  4.84773e-06
T_pars_est[12]      8.50452  4.33316e-06
T_pars_est[13]      8.56414  6.74334e-06
T_pars_est[14]      8.79099  1.03276e-05
T_pars_est[15]      9.29395 -4.10758e-05
T_pars_est[16]      9.99089  2.00425e-06
T_pars_est[17]      10.7278  3.98335e-05
T_pars_est[18]      11.1312 -1.20506e-06
T_pars_est[19]      11.2058  1.96838e-05
T_pars_est[20]      11.2779  2.57828e-05
T_pars_est[21]      11.3026 -2.82705e-05
T_pars_est[22]      11.0965 -1.30218e-05
T_pars_est[23]      10.7828  4.09641e-06
T_pars_est[24]      10.5321 -1.21218e-05
T_pars_est[25]       10.696  2.59044e-05
T_pars_est[26]      11.5259  1.53274e-05
T_pars_est[27]        11.08 -1.86101e-05
T_pars_est[28]      10.1259 -2.67616e-06
T_pars_est[29]      9.13926 -1.28689e-05
T_pars_est[30]      8.17174   1.1637e-05
T_pars_est[31]      7.35181  1.12962e-05
T_pars_est[32]      6.93395  2.97031e-06
T_pars_est[33]      11.9203  4.39274e-05
T_pars_est[34]      12.4406  2.87343e-05
T_pars_est[35]      13.1009  -4.2225e-05
T_pars_est[36]      13.5997 -3.48488e-05
T_pars_est[37]      12.6836 -4.33087e-05
T_pars_est[38]      12.8093 -4.13315e-05
T_pars_est[39]      12.7007 -3.58875e-05
T_pars_est[40]      12.4864 -3.70532e-05
T_pars_est[41]      12.3745 -1.78372e-05
T_pars_est[42]      11.8043 -7.14115e-06
T_pars_est[43]      11.0665  2.28221e-05
T_pars_est[44]      10.8389 -6.04206e-06
T_pars_est[45]       10.958  2.64546e-06
T_pars_est[46]      10.2647 -6.68866e-06
T_pars_est[47]      8.97557  2.24639e-05
T_pars_est[48]      7.90022 -6.44791e-06
T_pars_est[49]      7.10076  1.78533e-05
T_pars_est[50]      6.54104  -4.1365e-05
T_pars_est[51]      6.13306 -1.30708e-06
T_pars_est[52]      5.83248 -1.88422e-05
T_pars_est[53]      5.62563   2.5932e-05
T_pars_est[54]      5.51932  1.72718e-05
T_pars_est[55]      9.76572 -2.96463e-06
T_pars_est[56]      9.83274 -2.86003e-06
T_pars_est[57]      10.1968  6.30775e-06
T_pars_est[58]       11.437 -9.27045e-06
T_pars_est[59]      13.2478 -1.63273e-05
T_pars_est[60]       13.937  4.20339e-05
T_pars_est[61]      13.2787 -6.50191e-05
T_pars_est[62]      12.1776 -6.23466e-06
T_pars_est[63]      11.0058 -2.70772e-05
T_pars_est[64]      9.89417 -1.28214e-05
T_pars_est[65]      9.19509 -6.45327e-06
T_pars_est[66]      8.82691 -2.81883e-05
T_pars_est[67]      8.71151 -1.54509e-05
T_pars_est[68]      8.62478 -3.52105e-05
T_pars_est[69]      8.47291 -6.36027e-05
T_pars_est[70]      8.27137 -6.26189e-05
T_pars_est[71]      8.05688 -5.69025e-05
T_pars_est[72]      7.86187 -2.07346e-05
T_pars_est[73]      7.68577 -1.41072e-05
T_pars_est[74]      7.53299  6.93472e-06
T_pars_est[75]      7.42545  3.06796e-05
T_pars_est[76]      7.36576 -2.06105e-06
T_pars_est[77]     -15.2348 -7.24277e-07
T_pars_est[78]     -15.3431 -9.01271e-07
T_pars_est[79]     -15.5292  2.67849e-06
T_pars_est[80]     -15.0323   1.2295e-05
T_pars_est[81]     -14.0438  3.50248e-06
T_pars_est[82]     -13.3199  5.22827e-06
T_pars_est[83]     -14.4235 -1.11908e-05
T_pars_est[84]     -15.5266 -2.25006e-06
T_pars_est[85]     -16.3747  1.64817e-05
T_pars_est[86]     -17.0311  7.44418e-07
T_pars_est[87]     -17.4935 -9.01986e-06
T_pars_est[88]     -17.8377 -7.62306e-06
T_pars_est[89]     -18.1101   5.3964e-06
T_pars_est[90]     -18.3385  3.09253e-06
T_pars_est[91]     -18.5362 -3.14785e-05
T_pars_est[92]     -18.7102  1.29757e-05
T_pars_est[93]     -18.8641 -1.42577e-05
log_fbar[1]   0.00586897 -7.43096e-05
log_fbar[2]     -5.57584  0.000350216
log_fdev[1](1)     -1.40414  -5.4223e-05
log_fdev[1](2)     -1.74423 -1.10857e-05
log_fdev[1](3)     -1.14038  2.12062e-05
log_fdev[1](4)    -0.794268  2.60876e-05
log_fdev[1](5)     -0.65775 -0.000117116
log_fdev[1](6)    -0.294467 -0.000122185
log_fdev[1](7)    -0.294707  2.64684e-05
log_fdev[1](8)    -0.205542  3.78975e-05
log_fdev[1](9)     0.991837  -0.00012859
log_fdev[1](10)     0.550631 -4.54108e-05
log_fdev[1](11)     0.809699  3.44203e-05
log_fdev[1](12)     0.813123  6.12512e-05
log_fdev[1](13)     0.418656  0.000215498
log_fdev[1](14)       0.7207 -8.36075e-06
log_fdev[1](15)     0.835621 -9.60907e-05
log_fdev[1](16)     0.997249 -0.000125853
log_fdev[1](17)     0.995043 -0.000191862
log_fdev[1](18)    -0.215791  0.000234349
log_fdev[1](19)    -0.120808  0.000463486
log_fdev[1](20)     0.401398  5.43358e-05
log_fdev[1](21)    -0.350676 -0.000451029
log_fdev[1](22)      -2.0037 -0.000429868
log_fdev[1](23)    -0.991054 -0.000189706
log_fdev[1](24)    -0.900873 -0.000201534
log_fdev[1](25)    -0.254142  2.63162e-05
log_fdev[1](26)    0.0529696  0.000109252
log_fdev[1](27)    -0.202641  8.98895e-05
log_fdev[1](28)    -0.523516  5.37933e-05
log_fdev[1](29)      -0.9279  0.000104276
log_fdev[1](30)    -0.210665 -8.29497e-06
log_fdev[1](31)      0.29301  5.10113e-05
log_fdev[1](32)     0.518484 -7.62412e-05
log_fdev[1](33)      1.00471 -9.18158e-05
log_fdev[1](34)      1.04242 -0.000120575
log_fdev[1](35)     0.598365  2.29387e-05
log_fdev[1](36)     0.681923  8.06121e-05
log_fdev[1](37)      1.05164 -0.000180405
log_fdev[1](38)        1.461 -0.000112706
log_fdev[1](39)      1.22216 -0.000149612
log_fdev[1](40)     -1.11209  0.000379913
log_fdev[1](41)     -1.11132  0.000997612
log_fdev[2](1)     0.301548 -7.02814e-06
log_fdev[2](2)     0.257881  8.78869e-07
log_fdev[2](3)    0.0990083  6.50388e-06
log_fdev[2](4)   -0.0774686  1.53725e-05
log_fdev[2](5)     -9.05112   9.8862e-07
log_fdev[2](6)     -4.98146  2.05122e-05
log_fdev[2](7)     -5.46208 -1.96556e-06
log_fdev[2](8)     -1.57237  1.62762e-06
log_fdev[2](9)    -0.267267 -5.18688e-06
log_fdev[2](10)      2.30447  -7.4547e-06
log_fdev[2](11)      1.79727  -1.1725e-05
log_fdev[2](12)      1.47507  2.05856e-05
log_fdev[2](13)      1.20329 -1.70913e-05
log_fdev[2](14)      1.58862  4.97718e-07
log_fdev[2](15)      1.48043  8.70867e-06
log_fdev[2](16)     0.890905   3.1759e-05
log_fdev[2](17)     0.954141  1.68568e-05
log_fdev[2](18)     0.415208  2.12385e-05
log_fdev[2](19)      0.68094  3.87351e-05
log_fdev[2](20)     0.431677  -3.1623e-05
log_fdev[2](21)    -0.377683 -6.55885e-05
log_fdev[2](22)    -0.429468 -1.89083e-05
log_fdev[2](23)    -0.173716  2.32356e-05
log_fdev[2](24)   0.00721124  1.26264e-05
log_fdev[2](25)     0.727891  2.83661e-06
log_fdev[2](26)     0.426511  3.49837e-06
log_fdev[2](27)    -0.169686  6.85624e-05
log_fdev[2](28)      0.46018  4.30866e-05
log_fdev[2](29)    -0.927452  4.04706e-06
log_fdev[2](30)    -0.567927  2.06095e-05
log_fdev[2](31)    -0.110714  1.98579e-05
log_fdev[2](32)    0.0767967  1.89718e-05
log_fdev[2](33)      1.64732  7.81409e-06
log_fdev[2](34)      2.88567  7.96071e-06
log_fdev[2](35)    -0.757841  4.98455e-05
log_fdev[2](36)      0.29584  2.68791e-05
log_fdev[2](37)       1.5945  2.12743e-05
log_fdev[2](38)     0.998842  5.05104e-05
log_fdev[2](39)      0.95205    5.268e-05
log_fdev[2](40)     0.475088  7.25592e-05
log_fdev[2](41)    -0.215243  6.92443e-05
log_fdev[2](42)      0.45887  8.37947e-05
log_fdev[2](43)     0.254264  5.35769e-05
log_foff[1]     -6.64075 -0.000498014
log_fdov[1](1)      1.20962 -3.22036e-05
log_fdov[1](2)      1.46613 -2.61719e-05
log_fdov[1](3)      1.12488  -5.7118e-05
log_fdov[1](4)       1.0384 -3.95467e-05
log_fdov[1](5)      1.91551  3.87502e-05
log_fdov[1](6)      2.06902 -5.60943e-06
log_fdov[1](7)     0.979167 -8.70196e-05
log_fdov[1](8)     0.430909 -3.63026e-05
log_fdov[1](9)      2.73742  -0.00010044
log_fdov[1](10)      1.48417 -6.08239e-05
log_fdov[1](11)      1.71273 -5.02232e-05
log_fdov[1](12)     0.808455 -2.06326e-05
log_fdov[1](13)     0.629684  0.000124055
log_fdov[1](14)    -0.622105  8.17355e-05
log_fdov[1](15)     0.725652  -4.7641e-05
log_fdov[1](16)     0.804905  1.12811e-05
log_fdov[1](17)     -0.95533  5.84462e-05
log_fdov[1](18)     -0.40831  5.55801e-05
log_fdov[1](19)     -2.31051  9.62039e-05
log_fdov[1](20)    -0.158405  7.77959e-05
log_fdov[1](21)     -1.49737  8.71607e-05
log_fdov[1](22)     0.312977  6.08752e-05
log_fdov[1](23)    -0.890116  3.32956e-05
log_fdov[1](24)    -0.612069 -7.35163e-05
log_fdov[1](25)     -2.70576 -5.84772e-05
log_fdov[1](26)    -0.343455  4.38412e-05
log_fdov[1](27)    0.0736507  7.55663e-06
log_fdov[1](28)     0.256791  -6.7042e-05
log_fdov[1](29)     0.571357  3.29607e-05
log_fdov[1](30)      2.46318 -2.18461e-05
log_fdov[1](31)     0.366191 -4.43235e-05
log_fdov[1](32)     0.895536 -9.88379e-05
log_fdov[1](33)      1.53369 -0.000105784
log_fdov[1](34)     0.735317 -0.000135299
log_fdov[1](35)    0.0457283  -7.1425e-05
log_fdov[1](36)    -0.290919 -3.64015e-05
log_fdov[1](37)    -0.920445 -0.000118935
log_fdov[1](38)      -1.2296 -8.36094e-05
log_fdov[1](39)     -4.29358 -7.28961e-05
log_fdov[1](40)     -4.75763 -0.000141591
log_fdov[1](41)     -4.39548  2.95033e-05
rec_dev_est(1982)     0.924904  3.30987e-05
rec_dev_est(1983)     0.180642  9.41411e-05
rec_dev_est(1984)     0.362765   1.2921e-05
rec_dev_est(1985)      2.27658 -9.32343e-05
rec_dev_est(1986)    -0.121561  6.10952e-05
rec_dev_est(1987)     0.255928 -7.89908e-05
rec_dev_est(1988)   -0.0607596 -2.82741e-05
rec_dev_est(1989)    -0.946382 -0.000125423
rec_dev_est(1990)      1.34101  0.000114424
rec_dev_est(1991)      1.25508 -6.47308e-05
rec_dev_est(1992)   -0.0680424  0.000129099
rec_dev_est(1993)    -0.764476  0.000181288
rec_dev_est(1994)     -1.54596  5.27122e-05
rec_dev_est(1995)    -0.586216 -3.53165e-05
rec_dev_est(1996)      0.43209  -0.00116953
rec_dev_est(1997)       0.0674 -0.000664811
rec_dev_est(1998)     -1.08494 -1.27109e-06
rec_dev_est(1999)    -0.966997  8.78223e-05
rec_dev_est(2000)    -0.812092  6.23898e-05
rec_dev_est(2001)    0.0307319  0.000427898
rec_dev_est(2002)       1.5843  0.000183341
rec_dev_est(2003)    0.0839854    0.0005128
rec_dev_est(2004)      0.41729  0.000398027
rec_dev_est(2005)    -0.664879  0.000186957
rec_dev_est(2006)    -0.825022 -5.61933e-05
rec_dev_est(2007)    -0.356678    0.0002895
rec_dev_est(2008)      1.58365  0.000715324
rec_dev_est(2009)    -0.404186   8.8019e-05
rec_dev_est(2010)    -0.400874  0.000136778
rec_dev_est(2011)     -1.03359  0.000152449
rec_dev_est(2012)    -0.872046   7.8345e-05
rec_dev_est(2013)     0.501617  0.000366959
rec_dev_est(2014)     0.437256   0.00138714
rec_dev_est(2015)   -0.0939955  0.000354261
rec_dev_est(2016)     -0.58348   0.00073314
rec_dev_est(2017)     -1.70024   7.7287e-05
rec_dev_est(2018)    -0.733184  2.06868e-05
rec_dev_est(2019)    -0.747828  8.90906e-05
rec_dev_est(2020)     0.516305  6.14121e-05
rec_dev_est(2021)     0.896968   -2.601e-05
rec_dev_est(2022)      1.01288  2.16165e-05
rec_dev_est(2023)    -0.800991   1.5709e-05
rec_dev_est(2024)      -1.5712 -1.66174e-05
logit_rec_prop_est(1982)       3.4176 -0.000565227
logit_rec_prop_est(1983)      3.97072 -0.000821383
logit_rec_prop_est(1984)       4.2794 -4.06757e-05
logit_rec_prop_est(1985)    -0.833301   0.00109455
logit_rec_prop_est(1986)     -1.96017 -0.000333107
logit_rec_prop_est(1987)      2.23428  -0.00158646
logit_rec_prop_est(1988)      4.06847 -0.000520884
logit_rec_prop_est(1989)      2.27605 -0.000234594
logit_rec_prop_est(1990)     -1.35279  -0.00186456
logit_rec_prop_est(1991)      1.85635  -0.00128472
logit_rec_prop_est(1992)    -0.452077 -5.77217e-05
logit_rec_prop_est(1993)    -0.357498  0.000350608
logit_rec_prop_est(1994)     0.808501  -0.00060802
logit_rec_prop_est(1995)      -3.5375 -0.000888187
logit_rec_prop_est(1996)    0.0410311  -0.00717042
logit_rec_prop_est(1997)     0.676666   -0.0021887
logit_rec_prop_est(1998)     -3.29284 -0.000518894
logit_rec_prop_est(1999)      2.01279 -0.000635187
logit_rec_prop_est(2000)     -3.44992 -0.000550803
logit_rec_prop_est(2001)      2.91844  0.000198533
logit_rec_prop_est(2002)     -1.35564  0.000760026
logit_rec_prop_est(2003)     0.578629  0.000924986
logit_rec_prop_est(2004)      2.44267   0.00021923
logit_rec_prop_est(2005)      1.94012 -0.000263909
logit_rec_prop_est(2006)     -2.20021 -0.000417195
logit_rec_prop_est(2007)     0.854963  0.000677523
logit_rec_prop_est(2008)     -1.44942   0.00451044
logit_rec_prop_est(2009)     -1.04841  0.000299832
logit_rec_prop_est(2010)    -0.576705  0.000641526
logit_rec_prop_est(2011)     0.101731  0.000374211
logit_rec_prop_est(2012)     0.235149  9.14098e-05
logit_rec_prop_est(2013)    -0.548032   0.00209723
logit_rec_prop_est(2014)    -0.154609   0.00650199
logit_rec_prop_est(2015)     -1.36941   0.00212995
logit_rec_prop_est(2016)     -1.22245    0.0030316
logit_rec_prop_est(2017)     -4.41356 -4.00801e-05
logit_rec_prop_est(2018)     -5.14052 -0.000769408
logit_rec_prop_est(2019)     -1.37319 -2.23775e-05
logit_rec_prop_est(2020)      0.45996  -0.00046296
logit_rec_prop_est(2021)     -1.11004 -0.000765651
logit_rec_prop_est(2022)    -0.257369 -0.000825817
logit_rec_prop_est(2023)     0.226234 -0.000570155
logit_rec_prop_est(2024)       2.0559 -0.000519484
