ParName   Value   Gradient
T_pars_est[3]      13.4907  -0.00674571
T_pars_est[11]      8.35926 -0.000149144
T_pars_est[12]      8.36702  0.000224861
T_pars_est[13]      8.41412 -0.000493324
T_pars_est[14]      8.67382  0.000197343
T_pars_est[15]      9.23751 -0.000211065
T_pars_est[16]      9.98638  8.66379e-05
T_pars_est[17]      10.7489  0.000109371
T_pars_est[18]      11.1438  0.000604538
T_pars_est[19]      11.2257  0.000552439
T_pars_est[20]      11.3139 -0.000412483
T_pars_est[21]      11.3494  0.000283498
T_pars_est[22]      11.1401 -0.000665952
T_pars_est[23]      10.8179 -0.000222573
T_pars_est[24]      10.5575 -0.000992146
T_pars_est[25]      10.7149  0.000792658
T_pars_est[26]      11.5396  0.000312287
T_pars_est[27]      11.0918 -0.000458041
T_pars_est[28]      10.1416 -0.000554699
T_pars_est[29]      9.15581 -0.000102485
T_pars_est[30]      8.18585 -0.000101632
T_pars_est[31]      7.36326  0.000248773
T_pars_est[32]       6.9442   -0.0019284
T_pars_est[33]      14.9645 -0.000122243
T_pars_est[34]      13.6667 -0.000574855
T_pars_est[35]      13.1297  0.000294224
T_pars_est[36]      13.3047  0.000942528
T_pars_est[37]      12.8632 -0.000409969
T_pars_est[38]      12.9737   0.00114593
T_pars_est[39]      12.7053 -0.000693961
T_pars_est[40]      12.4303  0.000432637
T_pars_est[41]      12.3386  0.000497897
T_pars_est[42]      11.7627   0.00018706
T_pars_est[43]      11.0468   -0.0028037
T_pars_est[44]      10.8294  -0.00238475
T_pars_est[45]      10.9539 -0.000814904
T_pars_est[46]      10.2644   0.00991217
T_pars_est[47]      8.97746    0.0026305
T_pars_est[48]      7.90357  0.000231438
T_pars_est[49]      7.10554  -0.00105457
T_pars_est[50]      6.54644  -0.00044716
T_pars_est[51]      6.13912 -0.000220909
T_pars_est[52]      5.83934 -0.000572546
T_pars_est[53]      5.63321 -0.000641122
T_pars_est[54]      5.52731  0.000534462
T_pars_est[55]      9.85724  8.06932e-05
T_pars_est[56]       9.9074 -4.97473e-05
T_pars_est[57]      10.2057  4.81789e-05
T_pars_est[58]      11.4728  0.000184211
T_pars_est[59]      13.2792  0.000221824
T_pars_est[60]      14.0106  0.000145592
T_pars_est[61]      13.3551  9.74688e-05
T_pars_est[62]      12.2757  6.40286e-05
T_pars_est[63]      11.1178 -0.000506157
T_pars_est[64]      9.99684  -0.00011971
T_pars_est[65]      9.25586  7.39589e-05
T_pars_est[66]      8.83628  0.000140013
T_pars_est[67]      8.62091  0.000438073
T_pars_est[68]      8.52206 -0.000449621
T_pars_est[69]      8.38826  0.000114995
T_pars_est[70]      8.20854 -0.000623691
T_pars_est[71]      8.01492   0.00075762
T_pars_est[72]      7.83564  0.000131841
T_pars_est[73]      7.66858 -9.66043e-05
T_pars_est[74]      7.52073 -0.000925416
T_pars_est[75]      7.41589  -0.00037321
T_pars_est[76]      7.35729  0.000811644
T_pars_est[77]     -15.2349 -0.000162151
T_pars_est[78]     -15.3432  0.000171103
T_pars_est[79]     -15.5292  0.000118764
T_pars_est[80]     -15.0323 -0.000333732
T_pars_est[81]     -14.0438  0.000313478
T_pars_est[82]     -13.3199 -0.000632659
T_pars_est[83]     -14.4236  0.000215515
T_pars_est[84]     -15.5266 -0.000213977
T_pars_est[85]     -16.3747  0.000165197
T_pars_est[86]     -17.0311 -0.000406699
T_pars_est[87]     -17.4935  0.000195936
T_pars_est[88]     -17.8377  -0.00090383
T_pars_est[89]     -18.1102  0.000667008
T_pars_est[90]     -18.3385  -0.00031352
T_pars_est[91]     -18.5362  6.28999e-05
T_pars_est[92]     -18.7102 -0.000198234
T_pars_est[93]     -18.8641 -2.48246e-05
log_fbar[1]    -0.018359  -0.00781869
log_fbar[2]     -5.58368   0.00127363
log_fdev[1](1)     -1.39461  -0.00312296
log_fdev[1](2)     -1.72158  -0.00404548
log_fdev[1](3)     -1.10575 -0.000498374
log_fdev[1](4)    -0.773028   0.00100863
log_fdev[1](5)    -0.667527  -0.00119064
log_fdev[1](6)    -0.404685 -0.000790392
log_fdev[1](7)    -0.286438 -1.75486e-05
log_fdev[1](8)   -0.0876428 -0.000405947
log_fdev[1](9)      1.08098 -0.000457053
log_fdev[1](10)     0.608096 -0.000495583
log_fdev[1](11)     0.832644 -0.000382861
log_fdev[1](12)     0.844462 -0.000496396
log_fdev[1](13)     0.489654  -0.00123417
log_fdev[1](14)     0.674861 -0.000471165
log_fdev[1](15)     0.761225 -0.000494043
log_fdev[1](16)      1.04074 -0.000295289
log_fdev[1](17)      1.06657 -4.90022e-05
log_fdev[1](18)    -0.182075  7.63026e-07
log_fdev[1](19)    -0.100432 -0.000254761
log_fdev[1](20)     0.297415 -0.000358748
log_fdev[1](21)    -0.423435  0.000831362
log_fdev[1](22)     -1.99195  0.000809531
log_fdev[1](23)    -0.972441 -0.000356744
log_fdev[1](24)    -0.878219  0.000426804
log_fdev[1](25)    -0.214285  0.000577844
log_fdev[1](26)     0.103502  6.08864e-05
log_fdev[1](27)    -0.244186 -0.000695095
log_fdev[1](28)    -0.584837 -0.000621673
log_fdev[1](29)    -0.919842 -0.000246987
log_fdev[1](30)    -0.181926 -0.000427348
log_fdev[1](31)     0.334522 -0.000741534
log_fdev[1](32)       0.5688 -0.000378162
log_fdev[1](33)      1.03571 -4.93828e-05
log_fdev[1](34)      1.02662  8.50915e-05
log_fdev[1](35)     0.584747  0.000897379
log_fdev[1](36)     0.687632  0.000516805
log_fdev[1](37)      1.04624  0.000205675
log_fdev[1](38)      1.46966  0.000690628
log_fdev[1](39)       1.2385  0.000107903
log_fdev[1](40)     -1.17631 -0.000711828
log_fdev[1](41)     -1.48138   0.00157992
log_fdev[2](1)     0.296881    0.0011418
log_fdev[2](2)     0.264158  -0.00018299
log_fdev[2](3)     0.111214 -0.000179669
log_fdev[2](4)     -0.08358 -0.000193513
log_fdev[2](5)     -9.09619  0.000161818
log_fdev[2](6)     -5.07637 -0.000448551
log_fdev[2](7)     -5.44348 -0.000228362
log_fdev[2](8)     -1.47035 -0.000133902
log_fdev[2](9)    -0.193687 -1.13695e-05
log_fdev[2](10)      2.34308 -0.000208954
log_fdev[2](11)       1.8079 -7.19663e-05
log_fdev[2](12)      1.50203 -0.000164777
log_fdev[2](13)       1.2242 -0.000388728
log_fdev[2](14)      1.53839 -0.000406932
log_fdev[2](15)      1.44662 -0.000245843
log_fdev[2](16)     0.926584 -0.000338017
log_fdev[2](17)     0.999979 -0.000357855
log_fdev[2](18)     0.423886 -0.000126609
log_fdev[2](19)     0.665215 -0.000233276
log_fdev[2](20)     0.361835  -0.00020769
log_fdev[2](21)    -0.430488 -0.000170085
log_fdev[2](22)    -0.432811 -0.000160621
log_fdev[2](23)    -0.167188 -0.000163432
log_fdev[2](24)    0.0357718 -5.81177e-05
log_fdev[2](25)     0.771625 -0.000328184
log_fdev[2](26)     0.440783 -0.000373235
log_fdev[2](27)    -0.227831 -0.000445391
log_fdev[2](28)     0.399212 -0.000217483
log_fdev[2](29)    -0.937005 -6.80642e-05
log_fdev[2](30)    -0.537125 -0.000267016
log_fdev[2](31)   -0.0382149 -0.000452031
log_fdev[2](32)     0.146145 -0.000217069
log_fdev[2](33)      1.69806 -0.000176423
log_fdev[2](34)      2.92676 -0.000320628
log_fdev[2](35)    -0.708904 -0.000201864
log_fdev[2](36)     0.352066 -7.58746e-05
log_fdev[2](37)       1.6456 -4.14961e-05
log_fdev[2](38)      1.05965 -0.000162828
log_fdev[2](39)     0.995608 -0.000339544
log_fdev[2](40)     0.446575 -0.000356093
log_fdev[2](41)    -0.321041 -6.93965e-05
log_fdev[2](42)      0.28305  2.72288e-06
log_fdev[2](43)     0.051377 -2.28675e-05
log_foff[1]     -6.60167  -0.00536315
log_fdov[1](1)      1.19174 -6.17631e-05
log_fdov[1](2)      1.43504 -0.000573567
log_fdov[1](3)      1.07997 -2.25105e-05
log_fdov[1](4)     0.941817 -0.000247864
log_fdov[1](5)      1.47629 -0.000391262
log_fdov[1](6)      1.18668    -0.000171
log_fdov[1](7)     0.709121 -0.000489101
log_fdov[1](8)     0.560473 -0.000817264
log_fdov[1](9)      2.91017 -0.000265151
log_fdov[1](10)      1.38493 -0.000444178
log_fdov[1](11)      1.56981 -0.000233871
log_fdov[1](12)     0.735286 -0.000540449
log_fdov[1](13)     0.530709  -0.00048853
log_fdov[1](14)     -1.07141 -0.000530307
log_fdov[1](15)     0.505463  -7.3487e-05
log_fdov[1](16)     0.415063 -0.000325344
log_fdov[1](17)     -1.94949 -0.000309535
log_fdov[1](18)    -0.528962   8.7032e-05
log_fdov[1](19)     -2.79852  -0.00031292
log_fdov[1](20)    -0.269858 -0.000207619
log_fdov[1](21)     -1.55408  -0.00020554
log_fdov[1](22)    -0.636251  0.000172877
log_fdov[1](23)     -1.03449 -0.000289822
log_fdov[1](24)    -0.475425 -2.98932e-05
log_fdov[1](25)     -2.40541 -0.000290715
log_fdov[1](26)    -0.164911 -0.000136972
log_fdov[1](27)    0.0659113 -0.000190106
log_fdov[1](28)     0.193918 -0.000435664
log_fdov[1](29)     0.472445 -0.000307714
log_fdov[1](30)      2.68767 -0.000217913
log_fdov[1](31)     0.939155 -0.000148539
log_fdov[1](32)      1.52822  9.52368e-05
log_fdov[1](33)      2.16509  0.000223344
log_fdov[1](34)      1.35875 -3.61402e-05
log_fdov[1](35)     0.579531  7.45004e-05
log_fdov[1](36)     0.189343 -0.000170387
log_fdov[1](37)    -0.440949  1.48915e-05
log_fdov[1](38)    -0.801854  1.64639e-05
log_fdov[1](39)     -3.72702 -0.000100863
log_fdov[1](40)     -4.04926  1.59387e-05
log_fdov[1](41)     -4.90468 -9.20884e-05
rec_dev_est(1982)    -0.354101   -0.0013689
rec_dev_est(1983)      0.99134   0.00142193
rec_dev_est(1984)      1.24326 -0.000539774
rec_dev_est(1985)      1.83905   -0.0015898
rec_dev_est(1986)    -0.370185  -0.00112903
rec_dev_est(1987)     0.868194  -0.00174804
rec_dev_est(1988)     0.734156  -0.00160062
rec_dev_est(1989)    -0.838993  7.32118e-05
rec_dev_est(1990)      1.18015  -0.00179741
rec_dev_est(1991)      1.67398  -0.00138809
rec_dev_est(1992)     0.143361 -0.000809867
rec_dev_est(1993)    -0.642833   0.00174064
rec_dev_est(1994)     -1.60553  0.000345748
rec_dev_est(1995)     -1.59191  0.000597056
rec_dev_est(1996)     0.714847   0.00110281
rec_dev_est(1997)     0.165772  0.000633183
rec_dev_est(1998)     -1.06369  -0.00096123
rec_dev_est(1999)    -0.844909  0.000600599
rec_dev_est(2000)    -0.802444   -0.0024906
rec_dev_est(2001)     0.404533 -0.000824418
rec_dev_est(2002)      1.11534   0.00015074
rec_dev_est(2003)     0.493959   0.00181972
rec_dev_est(2004)      1.12145 -0.000387687
rec_dev_est(2005)    -0.364422  -0.00154358
rec_dev_est(2006)     -1.18711 -0.000329596
rec_dev_est(2007)   -0.0518572 -0.000685153
rec_dev_est(2008)     0.796399  0.000533987
rec_dev_est(2009)    -0.736667  0.000753451
rec_dev_est(2010)    -0.663741  0.000466782
rec_dev_est(2011)    -0.875646   0.00226449
rec_dev_est(2012)    -0.655046   0.00115415
rec_dev_est(2013)      0.36686  0.000111717
rec_dev_est(2014)     0.399545 -0.000177163
rec_dev_est(2015)    -0.697057 -0.000378286
rec_dev_est(2016)    -0.758727  0.000263241
rec_dev_est(2017)     -2.00858  0.000826343
rec_dev_est(2018)     -1.44621  0.000567794
rec_dev_est(2019)    -0.869574  0.000677829
rec_dev_est(2020)     0.906891  -0.00045054
rec_dev_est(2021)     0.395729  0.000281015
rec_dev_est(2022)      1.10024    8.205e-05
rec_dev_est(2023)    -0.462565 -0.000146434
rec_dev_est(2024)      -1.3368  8.48978e-06
