ParName   Value   Gradient
T_pars_est[3]      13.7895  -0.00172541
T_pars_est[11]      9.49239 -3.58469e-05
T_pars_est[12]      9.50163   4.2637e-05
T_pars_est[13]      9.53463  4.61384e-06
T_pars_est[14]      9.64868  2.66945e-05
T_pars_est[15]      10.0717  5.65732e-05
T_pars_est[16]      10.6312  3.59026e-05
T_pars_est[17]      11.0702  1.12713e-05
T_pars_est[18]      11.2786  2.11657e-05
T_pars_est[19]      11.4039  1.44609e-05
T_pars_est[20]      11.4639 -3.09823e-06
T_pars_est[21]      11.4389 -8.01613e-06
T_pars_est[22]      11.2289  1.47773e-05
T_pars_est[23]      10.9621  3.42551e-06
T_pars_est[24]      10.7497 -2.11048e-05
T_pars_est[25]      10.9417  3.32931e-05
T_pars_est[26]      11.7203 -0.000193351
T_pars_est[27]      11.2427 -5.07691e-05
T_pars_est[28]      10.3199 -4.13174e-05
T_pars_est[29]      9.30239 -5.26702e-05
T_pars_est[30]      8.30997  2.82664e-05
T_pars_est[31]      7.48027 -3.36712e-06
T_pars_est[32]      7.07315 -1.11321e-05
T_pars_est[33]      12.1147  3.45191e-05
T_pars_est[34]       12.222   5.2034e-06
T_pars_est[35]      12.9954 -4.70836e-05
T_pars_est[36]      13.4235 -0.000167803
T_pars_est[37]      13.3218 -2.84882e-05
T_pars_est[38]      12.9224 -0.000122861
T_pars_est[39]      12.6392 -6.84292e-05
T_pars_est[40]      12.4028 -0.000118052
T_pars_est[41]      12.3246 -0.000150347
T_pars_est[42]       11.864 -0.000104548
T_pars_est[43]      11.1882 -2.89259e-05
T_pars_est[44]      10.9652  3.89726e-06
T_pars_est[45]      11.0252 -5.93226e-05
T_pars_est[46]      10.2199 -5.66127e-05
T_pars_est[47]      8.93065  7.72284e-06
T_pars_est[48]      7.88949 -2.29169e-06
T_pars_est[49]      7.12859   6.8922e-06
T_pars_est[50]      6.59357 -4.99058e-06
T_pars_est[51]      6.20575  5.40337e-06
T_pars_est[52]      5.92091  1.53086e-05
T_pars_est[53]       5.7249   3.5059e-06
T_pars_est[54]      5.62378 -1.04251e-05
T_pars_est[55]      11.9007 -1.41306e-05
T_pars_est[56]      11.9289 -2.49556e-05
T_pars_est[57]      11.9975 -2.01525e-05
T_pars_est[58]      12.2001  1.89833e-05
T_pars_est[59]      13.4007 -0.000201524
T_pars_est[60]      13.5396   0.00013848
T_pars_est[61]      12.9849 -1.14343e-05
T_pars_est[62]      12.1324 -7.42099e-05
T_pars_est[63]      11.0307  -3.7348e-05
T_pars_est[64]      9.96125 -6.17316e-05
T_pars_est[65]      9.26397 -4.85341e-05
T_pars_est[66]      8.84724 -7.88735e-05
T_pars_est[67]      8.64984 -0.000103871
T_pars_est[68]      8.57759 -9.83092e-05
T_pars_est[69]      8.46039 -7.23949e-05
T_pars_est[70]      8.29166 -6.06203e-05
T_pars_est[71]      8.10756 -2.24938e-05
T_pars_est[72]      7.93509 -1.20432e-05
T_pars_est[73]      7.78078 -4.34722e-05
T_pars_est[74]      7.64345 -2.40412e-05
T_pars_est[75]      7.54536 -1.02345e-05
T_pars_est[76]      7.48952 -3.62844e-05
T_pars_est[77]     -13.8298 -1.89386e-06
T_pars_est[78]     -13.9078 -3.01164e-06
T_pars_est[79]     -14.0524 -2.19019e-05
T_pars_est[80]     -14.2443 -7.99342e-06
T_pars_est[81]     -13.7549 -2.43647e-05
T_pars_est[82]     -13.5201 -6.00731e-06
T_pars_est[83]     -14.5907   8.0403e-06
T_pars_est[84]     -15.5964 -1.05363e-05
T_pars_est[85]     -16.4021 -1.80984e-05
T_pars_est[86]      -17.032  1.44699e-05
T_pars_est[87]     -17.4888  2.46947e-05
T_pars_est[88]     -17.8339 -3.80547e-05
T_pars_est[89]     -18.1069  1.67726e-05
T_pars_est[90]     -18.3356 -5.06455e-05
T_pars_est[91]     -18.5337  3.00757e-05
T_pars_est[92]     -18.7082  3.32511e-06
T_pars_est[93]      -18.863  3.68558e-07
G_pars_est[1]     0.998507  3.06785e-05
G_pars_est[2]    -0.241788  0.000100827
G_pars_est[4]     -4.68095    0.0004599
G_pars_est[5]    -0.421839  -0.00136442
S_pars_est[5]     -3.18072 -2.54876e-05
S_pars_est[6]     -2.65075  4.89143e-06
S_pars_est[7]      -2.1959 -2.72087e-05
S_pars_est[8]     -1.45286  1.93142e-05
S_pars_est[9]     -1.36598  2.75429e-05
S_pars_est[10]      -1.2359    6.497e-06
S_pars_est[11]    -0.967789 -1.60232e-05
S_pars_est[12]    -0.948818   1.7016e-05
S_pars_est[13]     -1.06322 -2.28255e-05
S_pars_est[14]     -1.05028  2.26823e-05
S_pars_est[15]    -0.992076  2.02971e-05
S_pars_est[16]    -0.956991   9.2888e-06
S_pars_est[17]    -0.936703  1.33694e-05
S_pars_est[18]    -0.837945 -6.24309e-06
S_pars_est[19]    -0.834331 -3.27193e-06
S_pars_est[20]    -0.891226 -4.33591e-05
S_pars_est[21]    -0.743835  1.95486e-06
S_pars_est[22]    -0.659446 -1.73341e-06
S_pars_est[23]    -0.463314  3.27974e-06
S_pars_est[24]    -0.301591   5.3331e-07
S_pars_est[25]    -0.207805   -1.421e-07
S_pars_est[26]    -0.253874 -5.46903e-06
S_pars_est[27]     -3.97299  1.17529e-05
S_pars_est[28]     -2.80975 -6.63945e-05
S_pars_est[29]      -2.2452 -3.89145e-05
S_pars_est[30]     -1.60408 -5.25478e-06
S_pars_est[31]     -1.46071 -2.34042e-05
S_pars_est[32]      -1.2331  1.58193e-05
S_pars_est[33]     -1.00399  1.31066e-05
S_pars_est[34]    -0.936193  2.28819e-05
S_pars_est[35]     -1.03595 -1.17989e-05
S_pars_est[36]      -1.0768 -4.55286e-06
S_pars_est[37]      -1.0538  3.64038e-06
S_pars_est[38]     -1.00808 -1.04772e-05
S_pars_est[39]    -0.976728 -2.24144e-05
S_pars_est[40]    -0.828916  3.69863e-05
S_pars_est[41]    -0.567189  5.59915e-06
S_pars_est[42]    -0.328515 -1.20904e-05
S_pars_est[43]    -0.233043  -7.2319e-06
S_pars_est[44]    -0.165781   8.2499e-06
S_pars_est[45]    -0.150582  2.63383e-07
S_pars_est[46]    -0.127489  1.11488e-05
S_pars_est[47]    -0.107306   1.2666e-05
S_pars_est[48]    -0.128248  3.02815e-05
S_pars_est[51]     -4.62087 -4.49775e-06
S_pars_est[52]     -4.80298 -2.44909e-05
S_pars_est[53]     -3.74184  3.46248e-06
S_pars_est[54]      -1.5821  3.28556e-05
S_pars_est[55]     -1.04014 -4.55727e-05
S_pars_est[56]    -0.498889  -5.1662e-06
S_pars_est[57]    -0.567319 -1.09101e-05
S_pars_est[58]    -0.786668  2.73667e-05
S_pars_est[59]    -0.859318  1.97564e-05
S_pars_est[60]    -0.940923  1.59172e-05
S_pars_est[61]     -0.92267  4.84171e-06
S_pars_est[62]    -0.874824  9.75605e-07
S_pars_est[63]    -0.839666  1.01586e-05
S_pars_est[64]    -0.791911   8.9337e-06
S_pars_est[65]    -0.721896   1.1452e-05
S_pars_est[66]    -0.631727  9.99123e-06
S_pars_est[67]    -0.530379 -5.02482e-06
S_pars_est[68]    -0.424626  4.17847e-06
S_pars_est[69]    -0.315097   1.3524e-05
S_pars_est[70]    -0.200591 -1.97993e-05
S_pars_est[71]   -0.0842465 -3.27115e-05
S_pars_est[73]     -3.05885  6.53382e-05
S_pars_est[74]     -2.56543 -3.65123e-05
S_pars_est[75]     -2.01605 -5.19095e-05
S_pars_est[76]    -0.793996  4.14807e-06
S_pars_est[77]    -0.388716 -2.07008e-05
S_pars_est[78]    -0.239916  9.29266e-05
S_pars_est[79]    -0.552554 -2.76614e-05
S_pars_est[80]     -1.22019 -3.02442e-05
S_pars_est[81]     -1.45759 -2.83631e-05
S_pars_est[82]     -1.86799  6.37689e-06
S_pars_est[83]      -1.8503 -2.17379e-05
S_pars_est[84]     -1.22256 -1.59342e-05
S_pars_est[85]    -0.851304 -2.00276e-05
S_pars_est[86]    -0.779152  2.44802e-08
S_pars_est[87]    -0.710786 -3.51374e-06
S_pars_est[88]    -0.623402  6.59195e-07
S_pars_est[89]    -0.524206  5.31956e-07
S_pars_est[90]     -0.41993  4.05409e-07
S_pars_est[91]    -0.311297  3.37591e-06
S_pars_est[92]    -0.197185 -5.25965e-07
S_pars_est[93]   -0.0804785 -1.11668e-05
log_fbar[1]  -0.00223448 -0.000525475
log_fbar[2]     -5.58837  7.23915e-05
log_fdev[1](1)      -1.5767 -2.68927e-05
log_fdev[1](2)     -1.86992 -0.000103119
log_fdev[1](3)     -1.22143 -0.000196295
log_fdev[1](4)     -0.88143 -0.000222408
log_fdev[1](5)    -0.740361 -0.000250965
log_fdev[1](6)    -0.306032 -3.89752e-06
log_fdev[1](7)    -0.248609 -0.000143967
log_fdev[1](8)    -0.182623 -0.000129551
log_fdev[1](9)      1.02459 -0.000208141
log_fdev[1](10)     0.597757 -8.09105e-05
log_fdev[1](11)     0.823428  0.000221407
log_fdev[1](12)     0.841739  0.000188285
log_fdev[1](13)     0.507824 -7.37285e-06
log_fdev[1](14)     0.673235 -0.000139162
log_fdev[1](15)     0.793302 -0.000218136
log_fdev[1](16)      1.07083 -3.90153e-05
log_fdev[1](17)      1.07555  0.000103788
log_fdev[1](18)    -0.165741 -6.31842e-05
log_fdev[1](19)    -0.119718 -0.000107899
log_fdev[1](20)      0.42285  -0.00013127
log_fdev[1](21)    -0.207784 -0.000140089
log_fdev[1](22)     -1.90328  0.000206406
log_fdev[1](23)    -0.943539  5.28112e-05
log_fdev[1](24)    -0.955317 -3.98228e-05
log_fdev[1](25)     -0.38878  2.05703e-05
log_fdev[1](26)    0.0131912  6.96296e-05
log_fdev[1](27)    -0.183903   0.00020976
log_fdev[1](28)    -0.506418  5.25191e-05
log_fdev[1](29)     -0.86958  -3.1405e-05
log_fdev[1](30)    -0.142331 -9.81993e-05
log_fdev[1](31)     0.338265 -0.000147403
log_fdev[1](32)     0.555491    0.0002004
log_fdev[1](33)      1.06686  0.000155379
log_fdev[1](34)      1.08529  0.000118689
log_fdev[1](35)     0.622808  8.76126e-05
log_fdev[1](36)     0.674376 -8.04829e-07
log_fdev[1](37)      1.07342 -7.23987e-05
log_fdev[1](38)      1.50453  -6.5865e-05
log_fdev[1](39)      1.25058  0.000177832
log_fdev[1](40)     -1.13079  0.000163185
log_fdev[1](41)     -1.47164 -0.000123266
log_fdev[2](1)     0.157891  5.24348e-05
log_fdev[2](2)     0.154426  5.30463e-05
log_fdev[2](3)    0.0236574  6.24022e-05
log_fdev[2](4)    -0.153726  3.49027e-05
log_fdev[2](5)     -9.11872 -1.57327e-05
log_fdev[2](6)     -4.98464  2.34554e-05
log_fdev[2](7)     -5.42443  2.24807e-05
log_fdev[2](8)     -1.55216  4.09716e-05
log_fdev[2](9)     -0.25181  5.79461e-05
log_fdev[2](10)      2.32658   4.1873e-05
log_fdev[2](11)      1.79799  1.43185e-05
log_fdev[2](12)       1.5114  3.63577e-05
log_fdev[2](13)      1.26026  1.92069e-05
log_fdev[2](14)      1.57956 -3.66028e-05
log_fdev[2](15)      1.48861 -9.29964e-07
log_fdev[2](16)     0.954098  3.62789e-05
log_fdev[2](17)      1.01308  1.95704e-05
log_fdev[2](18)     0.446856  1.20078e-05
log_fdev[2](19)       0.6968  3.75959e-05
log_fdev[2](20)     0.485495  4.07225e-05
log_fdev[2](21)    -0.267204  1.22074e-05
log_fdev[2](22)    -0.339878  2.58697e-05
log_fdev[2](23)    -0.136749  4.52096e-05
log_fdev[2](24)   -0.0366317   1.6018e-05
log_fdev[2](25)     0.644588  4.47734e-05
log_fdev[2](26)     0.400956  5.95843e-05
log_fdev[2](27)    -0.156411  1.41578e-05
log_fdev[2](28)     0.482568   1.6244e-05
log_fdev[2](29)     -0.87149  3.33764e-05
log_fdev[2](30)    -0.491504  4.92303e-05
log_fdev[2](31)   -0.0360062  4.78995e-05
log_fdev[2](32)     0.147454  3.44798e-05
log_fdev[2](33)      1.71994  3.58724e-05
log_fdev[2](34)      2.93805   4.6719e-05
log_fdev[2](35)    -0.714588  5.55721e-05
log_fdev[2](36)     0.332789  4.51826e-05
log_fdev[2](37)      1.62746  3.94759e-05
log_fdev[2](38)      1.00697  2.29828e-05
log_fdev[2](39)     0.936091  1.33296e-05
log_fdev[2](40)     0.419851  9.61785e-06
log_fdev[2](41)    -0.343972  2.85502e-05
log_fdev[2](42)     0.277488   1.1993e-05
log_fdev[2](43)    0.0490185  2.31651e-05
log_foff[1]     -6.69095 -0.000471267
log_fdov[1](1)       1.4177 -4.70245e-05
log_fdov[1](2)      1.62719 -0.000103514
log_fdov[1](3)      1.24112 -9.72448e-05
log_fdov[1](4)      1.15373 -0.000161403
log_fdov[1](5)      1.94113 -6.81518e-05
log_fdov[1](6)       1.5868 -2.52037e-05
log_fdov[1](7)     0.807414 -9.02288e-05
log_fdov[1](8)     0.433671 -0.000126792
log_fdov[1](9)      2.54303 -0.000139822
log_fdov[1](10)      1.14922 -0.000138563
log_fdov[1](11)      1.33162    2.137e-05
log_fdov[1](12)     0.590634 -6.51425e-05
log_fdov[1](13)     0.679818 -8.57374e-05
log_fdov[1](14)     -0.41035  8.55649e-05
log_fdov[1](15)     0.847906  7.21211e-05
log_fdov[1](16)     0.677077 -1.95735e-06
log_fdov[1](17)     -1.14326   2.4759e-05
log_fdov[1](18)    -0.507803 -2.50894e-05
log_fdov[1](19)     -2.29919 -3.51939e-05
log_fdov[1](20)    -0.127694 -3.00164e-05
log_fdov[1](21)     -1.64549   6.8998e-06
log_fdov[1](22)     0.218208  5.07591e-05
log_fdov[1](23)    -0.816253  4.03543e-05
log_fdov[1](24)     -0.48447  1.66873e-05
log_fdov[1](25)     -2.54916 -3.86445e-05
log_fdov[1](26)    -0.323987 -8.28912e-05
log_fdov[1](27)   -0.0416834  5.62031e-06
log_fdov[1](28)    0.0964205  7.19187e-05
log_fdov[1](29)     0.357721 -3.72278e-05
log_fdov[1](30)      2.48316 -1.67546e-05
log_fdov[1](31)     0.694985 -6.94599e-05
log_fdov[1](32)      1.25276  5.08515e-05
log_fdov[1](33)       1.7971  2.27575e-05
log_fdov[1](34)     0.885173 -1.43125e-05
log_fdov[1](35)     0.176286   4.0712e-05
log_fdov[1](36)    -0.044512  3.93929e-05
log_fdov[1](37)    -0.808248 -5.42749e-06
log_fdov[1](38)     -1.32353 -3.11465e-05
log_fdov[1](39)     -4.51249  1.35813e-05
log_fdov[1](40)     -4.95001  2.35969e-05
log_fdov[1](41)     -4.00175 -9.17914e-05
rec_dev_est(1982)     0.696508 -1.00023e-05
rec_dev_est(1983)     0.238028  6.17447e-05
rec_dev_est(1984)     0.970401  6.75024e-05
rec_dev_est(1985)      1.77696 -0.000375614
rec_dev_est(1986)     0.917403  0.000106263
rec_dev_est(1987)     0.496663 -0.000412274
rec_dev_est(1988)    -0.266863 -0.000183399
rec_dev_est(1989)   -0.0644792 -0.000270433
rec_dev_est(1990)     0.431689  -0.00107188
rec_dev_est(1991)     0.952931 -0.000559792
rec_dev_est(1992)   -0.0645119 -0.000410381
rec_dev_est(1993)    -0.296625  3.29883e-05
rec_dev_est(1994)    -0.759853 -4.26777e-05
rec_dev_est(1995)     -1.17811 -0.000107259
rec_dev_est(1996)     0.142283   2.9081e-05
rec_dev_est(1997)    -0.494806  0.000357676
rec_dev_est(1998)    -0.801009 -2.95245e-05
rec_dev_est(1999)    -0.737922  0.000160348
rec_dev_est(2000)     -1.45374  5.83111e-05
rec_dev_est(2001)    -0.162845  0.000383551
rec_dev_est(2002)      1.42826   2.3531e-05
rec_dev_est(2003)    -0.125125 -1.48628e-05
rec_dev_est(2004)     0.299451   0.00019013
rec_dev_est(2005)    -0.470488  7.67851e-05
rec_dev_est(2006)     -1.14998  3.88386e-05
rec_dev_est(2007)    0.0574534  0.000217779
rec_dev_est(2008)     0.684513   0.00018291
rec_dev_est(2009)     -0.89936 -4.93773e-05
rec_dev_est(2010)    -0.552291 -9.73217e-05
rec_dev_est(2011)    -0.720772 -6.21249e-05
rec_dev_est(2012)    -0.266726  6.78973e-05
rec_dev_est(2013)    -0.424318  0.000165502
rec_dev_est(2014)     0.384113  0.000481048
rec_dev_est(2015)    0.0278022 -9.15832e-06
rec_dev_est(2016)    0.0788249 -2.12711e-05
rec_dev_est(2017)      -1.2799   -4.171e-05
rec_dev_est(2018)     -1.43879  2.05928e-05
rec_dev_est(2019)    -0.741648  1.17026e-05
rec_dev_est(2020)      0.39298  7.89963e-05
rec_dev_est(2021)     0.392054 -4.09528e-05
rec_dev_est(2022)      1.26558  -8.2073e-05
rec_dev_est(2023)    -0.217379 -3.25532e-05
rec_dev_est(2024)    -0.657485 -4.81718e-05
logit_rec_prop_est(1982)       3.0889  0.000443447
logit_rec_prop_est(1983)      1.68354 -8.25463e-05
logit_rec_prop_est(1984)    0.0382785  0.000338642
logit_rec_prop_est(1985)    -0.414274   0.00155212
logit_rec_prop_est(1986)     -2.78633  0.000601644
logit_rec_prop_est(1987)     0.446946  0.000900083
logit_rec_prop_est(1988)      1.52339 -0.000604472
logit_rec_prop_est(1989)     -0.78126  -0.00125399
logit_rec_prop_est(1990)      1.29831  -0.00417851
logit_rec_prop_est(1991)      1.28274   -0.0017848
logit_rec_prop_est(1992)    -0.166533  -0.00133276
logit_rec_prop_est(1993)     -2.13178 -0.000234124
logit_rec_prop_est(1994)    -0.658282 -0.000150584
logit_rec_prop_est(1995)    -0.959263  9.36537e-05
logit_rec_prop_est(1996)    -0.179621 -0.000190834
logit_rec_prop_est(1997)      3.70233  0.000165126
logit_rec_prop_est(1998)     -3.54976  0.000249624
logit_rec_prop_est(1999)     0.815782  0.000253219
logit_rec_prop_est(2000)      2.10991 -0.000120206
logit_rec_prop_est(2001)      2.49499  0.000436053
logit_rec_prop_est(2002)     -1.57945   0.00128409
logit_rec_prop_est(2003)       2.0999 -4.72562e-05
logit_rec_prop_est(2004)       1.0622 -0.000633691
logit_rec_prop_est(2005)   -0.0354153  0.000283933
logit_rec_prop_est(2006)    0.0174334  0.000163272
logit_rec_prop_est(2007)    -0.387766   0.00100313
logit_rec_prop_est(2008)    -0.505995   0.00113407
logit_rec_prop_est(2009)    -0.497372  -4.4598e-05
logit_rec_prop_est(2010)     -0.64488 -0.000538957
logit_rec_prop_est(2011)    -0.661547 -0.000328397
logit_rec_prop_est(2012)    -0.818343 -0.000166001
logit_rec_prop_est(2013)     0.978974    0.0010486
logit_rec_prop_est(2014)    -0.137543   0.00163222
logit_rec_prop_est(2015)     -3.48121  8.07442e-05
logit_rec_prop_est(2016)     -1.14936  0.000386381
logit_rec_prop_est(2017)     -3.54812 -4.93803e-05
logit_rec_prop_est(2018)     -3.27817  0.000217348
logit_rec_prop_est(2019)      1.87249  0.000170604
logit_rec_prop_est(2020)    -0.374405   0.00111021
logit_rec_prop_est(2021)     0.238615  0.000186444
logit_rec_prop_est(2022)   -0.0231645 -0.000113686
logit_rec_prop_est(2023)      1.76824  0.000185386
logit_rec_prop_est(2024)      2.22686  0.000166277
