ParName   Value   Gradient
T_pars_est[3]      13.8006  0.000836444
T_pars_est[11]      9.41609  1.59911e-05
T_pars_est[12]      9.42747 -7.00981e-06
T_pars_est[13]        9.465  1.72675e-05
T_pars_est[14]      9.56087  1.86183e-06
T_pars_est[15]      9.98458 -4.27241e-06
T_pars_est[16]      10.5139 -1.13554e-05
T_pars_est[17]      10.9328  5.11764e-06
T_pars_est[18]      11.1098  -5.1258e-06
T_pars_est[19]      11.1679 -9.02794e-07
T_pars_est[20]       11.203 -7.81375e-06
T_pars_est[21]      11.1962  8.36687e-06
T_pars_est[22]      11.0237  6.45591e-06
T_pars_est[23]      10.8325  1.35452e-05
T_pars_est[24]      10.7343 -2.28533e-06
T_pars_est[25]       11.017  1.52939e-05
T_pars_est[26]      11.8314  7.77715e-05
T_pars_est[27]      11.3045 -5.01865e-06
T_pars_est[28]       10.347  8.42028e-06
T_pars_est[29]      9.31469  1.00092e-05
T_pars_est[30]      8.32726  1.29736e-05
T_pars_est[31]      7.51317 -8.72143e-06
T_pars_est[32]       7.1184  -4.0798e-06
T_pars_est[33]      12.0162 -3.58306e-06
T_pars_est[34]      12.0624  7.95132e-06
T_pars_est[35]      12.3929  8.12129e-06
T_pars_est[36]      13.3593  -1.3191e-05
T_pars_est[37]      12.8816  1.83111e-05
T_pars_est[38]      13.0144  3.21032e-05
T_pars_est[39]      12.8353  8.88515e-06
T_pars_est[40]       12.624  4.44171e-05
T_pars_est[41]      12.5215  0.000174904
T_pars_est[42]       12.118  3.01142e-05
T_pars_est[43]      11.4929  3.70549e-05
T_pars_est[44]      11.2633  1.06992e-05
T_pars_est[45]      11.2756  2.92055e-05
T_pars_est[46]      10.3637  6.82016e-06
T_pars_est[47]      9.03946 -6.63248e-06
T_pars_est[48]      8.00137  5.01389e-06
T_pars_est[49]      7.25902 -8.07922e-06
T_pars_est[50]      6.74359  6.61336e-06
T_pars_est[51]        6.371 -1.87776e-06
T_pars_est[52]      6.09491  -1.1183e-05
T_pars_est[53]      5.90196  3.46616e-06
T_pars_est[54]      5.80104 -4.78762e-06
T_pars_est[55]      11.8042  1.01129e-06
T_pars_est[56]      11.8291 -5.71199e-06
T_pars_est[57]      11.8943  1.93129e-06
T_pars_est[58]       12.225 -8.51746e-06
T_pars_est[59]      13.3846   5.0421e-05
T_pars_est[60]      13.5313 -1.84109e-05
T_pars_est[61]      12.9813 -6.33818e-05
T_pars_est[62]      12.1354 -4.27509e-05
T_pars_est[63]       11.035 -5.44187e-05
T_pars_est[64]      9.95347 -5.79104e-05
T_pars_est[65]      9.22787 -7.16721e-05
T_pars_est[66]      8.77152 -6.82028e-05
T_pars_est[67]      8.48038 -4.99719e-05
T_pars_est[68]      8.38923 -5.33123e-05
T_pars_est[69]      8.29357 -7.25691e-05
T_pars_est[70]      8.15654 -5.95329e-05
T_pars_est[71]      8.00506 -5.32719e-05
T_pars_est[72]      7.86029 -5.62692e-05
T_pars_est[73]      7.72682 -5.16875e-05
T_pars_est[74]      7.60464 -4.16842e-05
T_pars_est[75]      7.51618 -4.94936e-05
T_pars_est[76]      7.46524 -3.34551e-05
T_pars_est[77]     -13.8593  1.12166e-05
T_pars_est[78]     -13.9364  1.00084e-05
T_pars_est[79]     -14.0846 -2.46049e-05
T_pars_est[80]     -14.2272  5.70058e-06
T_pars_est[81]     -13.7554 -4.45841e-05
T_pars_est[82]     -13.5177 -2.43938e-05
T_pars_est[83]     -14.5867  6.97696e-05
T_pars_est[84]      -15.594   8.7783e-07
T_pars_est[85]     -16.4008  5.82974e-06
T_pars_est[86]     -17.0309  1.41243e-05
T_pars_est[87]      -17.488 -1.90566e-05
T_pars_est[88]     -17.8334  1.29269e-05
T_pars_est[89]     -18.1068 -9.89009e-06
T_pars_est[90]     -18.3357 -1.02817e-05
T_pars_est[91]     -18.5339  1.48794e-06
T_pars_est[92]     -18.7084  4.36137e-06
T_pars_est[93]     -18.8631  1.57569e-06
G_pars_est[1]      1.07633  0.000207492
G_pars_est[2]    -0.239288 -0.000332034
G_pars_est[4]     -4.60081   5.2691e-05
G_pars_est[5]    -0.419123 -0.000151255
S_pars_est[5]     -3.02493  4.10562e-06
S_pars_est[6]     -2.54914  3.53897e-06
S_pars_est[7]     -2.25834 -1.16599e-05
S_pars_est[8]     -1.32789 -4.25763e-06
S_pars_est[9]     -1.28376   2.0154e-06
S_pars_est[10]      -1.0842  1.10475e-05
S_pars_est[11]     -0.80373 -3.77148e-06
S_pars_est[12]    -0.780419   1.4495e-05
S_pars_est[13]    -0.893387 -3.66669e-06
S_pars_est[14]    -0.889164 -6.98098e-06
S_pars_est[15]    -0.858664 -3.74178e-06
S_pars_est[16]    -0.853647  8.41152e-06
S_pars_est[17]    -0.858652  2.27527e-06
S_pars_est[18]    -0.808172 -5.14771e-06
S_pars_est[19]    -0.858494  4.05972e-06
S_pars_est[20]    -0.959432  7.44529e-07
S_pars_est[21]    -0.808643 -1.07436e-06
S_pars_est[22]    -0.715468    2.526e-06
S_pars_est[23]    -0.499592 -2.23472e-06
S_pars_est[24]    -0.326915  -6.2655e-06
S_pars_est[25]    -0.238797  1.14125e-06
S_pars_est[26]    -0.317532 -6.38293e-07
S_pars_est[27]      -3.3178 -1.04928e-05
S_pars_est[28]       -2.367  1.66095e-05
S_pars_est[29]     -1.75993  -2.1387e-05
S_pars_est[30]     -1.05857  4.31536e-06
S_pars_est[31]    -0.860692  8.83135e-06
S_pars_est[32]    -0.678785  -2.7957e-06
S_pars_est[33]    -0.504346  9.58963e-06
S_pars_est[34]    -0.462079  4.40814e-06
S_pars_est[35]    -0.571181 -1.90276e-06
S_pars_est[36]    -0.624395  5.77633e-06
S_pars_est[37]    -0.629376 -1.48064e-05
S_pars_est[38]    -0.614431  3.56373e-06
S_pars_est[39]    -0.618136  1.41921e-06
S_pars_est[40]    -0.529924  2.06897e-06
S_pars_est[41]    -0.357902  1.17587e-05
S_pars_est[42]    -0.239004  3.65727e-06
S_pars_est[43]    -0.261693  9.91446e-07
S_pars_est[44]    -0.274534 -2.34091e-06
S_pars_est[45]    -0.271872 -1.18179e-06
S_pars_est[46]    -0.225197 -4.02477e-06
S_pars_est[47]    -0.165106  3.12312e-06
S_pars_est[48]    -0.169502 -5.59867e-06
S_pars_est[51]      -4.5899  1.28411e-05
S_pars_est[52]     -4.68734 -6.21736e-07
S_pars_est[53]     -3.34279 -3.30339e-06
S_pars_est[54]     -1.62176 -9.93929e-08
S_pars_est[55]     -1.03452 -1.83401e-07
S_pars_est[56]    -0.499352 -2.24369e-06
S_pars_est[57]    -0.571295  1.01481e-05
S_pars_est[58]    -0.787152 -3.77375e-06
S_pars_est[59]    -0.856797  8.02932e-06
S_pars_est[60]      -0.9385  3.20116e-06
S_pars_est[61]    -0.921371  4.42688e-06
S_pars_est[62]    -0.872871 -5.06265e-06
S_pars_est[63]    -0.836546  5.60854e-06
S_pars_est[64]    -0.788883   3.3632e-06
S_pars_est[65]    -0.719612 -2.92589e-06
S_pars_est[66]    -0.630285 -5.43759e-06
S_pars_est[67]    -0.529535 -4.72251e-06
S_pars_est[68]    -0.424134 -2.36825e-06
S_pars_est[69]    -0.314804  6.13178e-08
S_pars_est[70]    -0.200393 -1.49968e-07
S_pars_est[71]   -0.0840693 -6.33365e-06
S_pars_est[73]     -3.07295  6.95953e-06
S_pars_est[74]     -2.59294 -6.02323e-06
S_pars_est[75]      -2.0389  -3.1253e-06
S_pars_est[76]    -0.815406  3.72976e-06
S_pars_est[77]    -0.399872  1.88744e-05
S_pars_est[78]    -0.253025   1.2508e-05
S_pars_est[79]    -0.564177  -1.0219e-05
S_pars_est[80]     -1.23335 -5.82732e-06
S_pars_est[81]     -1.46932  2.24676e-06
S_pars_est[82]     -1.87671 -5.83586e-07
S_pars_est[83]      -1.8554 -1.67828e-06
S_pars_est[84]     -1.21949 -5.90144e-06
S_pars_est[85]    -0.850951 -2.22615e-06
S_pars_est[86]    -0.779198 -3.08082e-06
S_pars_est[87]    -0.710821  1.39128e-06
S_pars_est[88]    -0.623425  9.59665e-07
S_pars_est[89]     -0.52422 -1.06748e-06
S_pars_est[90]    -0.419939 -1.99857e-06
S_pars_est[91]    -0.311302 -6.47565e-07
S_pars_est[92]    -0.197188 -2.17861e-06
S_pars_est[93]   -0.0804799 -3.74891e-07
log_fbar[1]   -0.0446052  0.000131935
log_fbar[2]     -5.62509  7.05804e-06
log_fdev[1](1)     -1.60511 -8.28173e-05
log_fdev[1](2)     -1.98231 -8.22868e-05
log_fdev[1](3)     -1.37295 -1.92046e-05
log_fdev[1](4)    -0.991207 -2.42832e-05
log_fdev[1](5)    -0.765581 -6.88078e-05
log_fdev[1](6)    -0.250617 -7.97545e-05
log_fdev[1](7)    -0.121958 -4.16952e-05
log_fdev[1](8)   -0.0877419 -1.19138e-05
log_fdev[1](9)     0.916003  1.36086e-05
log_fdev[1](10)     0.327453  5.95432e-05
log_fdev[1](11)     0.638671  5.52437e-05
log_fdev[1](12)     0.807202 -4.48824e-05
log_fdev[1](13)     0.535053  2.70131e-05
log_fdev[1](14)     0.607483   9.7363e-05
log_fdev[1](15)     0.583248  4.71844e-05
log_fdev[1](16)     0.413717  1.31909e-05
log_fdev[1](17)      1.02786  5.87662e-05
log_fdev[1](18)    -0.449448   3.9764e-05
log_fdev[1](19)    -0.458078 -4.28542e-06
log_fdev[1](20)     0.166263 -9.48088e-05
log_fdev[1](21)     0.256643 -0.000105887
log_fdev[1](22)    -0.507607  3.75271e-06
log_fdev[1](23)    -0.717958  4.23003e-06
log_fdev[1](24)    -0.898328  0.000141313
log_fdev[1](25)    -0.288335  0.000191388
log_fdev[1](26)     0.103229  6.54234e-05
log_fdev[1](27)    -0.113023 -3.07188e-05
log_fdev[1](28)    -0.425593 -6.15792e-05
log_fdev[1](29)     -0.79796 -5.92995e-05
log_fdev[1](30)   -0.0653247 -1.43028e-05
log_fdev[1](31)     0.430691  1.38959e-05
log_fdev[1](32)     0.614293 -1.78364e-05
log_fdev[1](33)      1.09214  5.38261e-05
log_fdev[1](34)      1.09454  2.71966e-05
log_fdev[1](35)     0.651321 -4.41164e-05
log_fdev[1](36)     0.725737 -8.12603e-05
log_fdev[1](37)      1.16537  1.63726e-05
log_fdev[1](38)      1.55131  5.66034e-05
log_fdev[1](39)      1.13599  2.98621e-05
log_fdev[1](40)      -1.3397  1.90572e-05
log_fdev[1](41)     -1.60538 -1.72634e-05
log_fdev[2](1)     0.133911  1.11369e-05
log_fdev[2](2)    0.0553267  6.97627e-06
log_fdev[2](3)    -0.107798  1.06308e-05
log_fdev[2](4)    -0.248122  9.91231e-06
log_fdev[2](5)      -9.1264  6.50339e-07
log_fdev[2](6)     -4.91313 -5.22815e-06
log_fdev[2](7)      -5.3122 -5.08517e-07
log_fdev[2](8)      -1.4762 -5.92605e-06
log_fdev[2](9)    -0.274888  1.47781e-05
log_fdev[2](10)      2.22923   4.9098e-06
log_fdev[2](11)      1.70882 -7.50522e-06
log_fdev[2](12)      1.51435  -1.1886e-05
log_fdev[2](13)      1.29103  6.36518e-06
log_fdev[2](14)      1.55683  1.52118e-05
log_fdev[2](15)      1.40206  1.23523e-05
log_fdev[2](16)      0.72348 -5.16826e-07
log_fdev[2](17)     0.840813  8.93215e-06
log_fdev[2](18)     0.297802  8.75262e-06
log_fdev[2](19)     0.545999  1.29209e-05
log_fdev[2](20)     0.495722 -1.29945e-05
log_fdev[2](21)     0.023337  3.12772e-06
log_fdev[2](22)    0.0474853  8.76379e-06
log_fdev[2](23)    0.0892923  1.67358e-06
log_fdev[2](24)    0.0578353  1.25333e-05
log_fdev[2](25)     0.728705  3.09689e-05
log_fdev[2](26)     0.481155  5.02028e-06
log_fdev[2](27)   -0.0810555  2.13318e-06
log_fdev[2](28)     0.560818  7.14072e-07
log_fdev[2](29)    -0.793405  1.30068e-06
log_fdev[2](30)    -0.411093 -1.50207e-05
log_fdev[2](31)     0.030174 -1.32563e-05
log_fdev[2](32)     0.176041  4.20268e-06
log_fdev[2](33)      1.73339 -9.63468e-06
log_fdev[2](34)      2.95768 -6.44852e-06
log_fdev[2](35)    -0.687783 -5.97093e-06
log_fdev[2](36)     0.365808 -8.62144e-06
log_fdev[2](37)      1.65911 -2.85025e-09
log_fdev[2](38)     0.989228 -2.51056e-06
log_fdev[2](39)     0.835864 -1.04984e-05
log_fdev[2](40)     0.272018 -1.28919e-05
log_fdev[2](41)    -0.490699  8.96986e-07
log_fdev[2](42)     0.150691 -1.23057e-05
log_fdev[2](43)   -0.0312353  7.16206e-06
log_foff[1]     -6.76839 -0.000152878
log_fdov[1](1)      1.64028 -9.33161e-05
log_fdov[1](2)       1.9336 -7.19032e-05
log_fdov[1](3)      1.58654 -8.64639e-05
log_fdov[1](4)      1.46072 -7.60227e-05
log_fdov[1](5)      2.16965 -6.40956e-05
log_fdov[1](6)      1.64108  -6.0999e-05
log_fdov[1](7)     0.773185 -7.93719e-05
log_fdov[1](8)     0.472885 -2.35443e-05
log_fdov[1](9)      2.78034  1.86134e-05
log_fdov[1](10)      1.42812  3.84417e-05
log_fdov[1](11)      1.61388  3.05801e-05
log_fdov[1](12)     0.699273  2.77157e-05
log_fdov[1](13)     0.701644   1.2733e-05
log_fdov[1](14)     -0.58801  2.08457e-05
log_fdov[1](15)      1.04252  1.42151e-05
log_fdov[1](16)      1.25688  -2.3499e-06
log_fdov[1](17)     -1.80909  2.07733e-06
log_fdov[1](18)    -0.178426   8.9292e-06
log_fdov[1](19)     -2.25802  1.10043e-07
log_fdov[1](20)     0.103006  8.97324e-06
log_fdov[1](21)     -2.06659 -7.83151e-06
log_fdov[1](22)      -1.9681 -5.82558e-05
log_fdov[1](23)     -1.00566 -9.09581e-05
log_fdov[1](24)    -0.461488 -2.54027e-05
log_fdov[1](25)     -2.62951 -9.25251e-07
log_fdov[1](26)    -0.319167  1.21821e-05
log_fdov[1](27)   -0.0186376  4.39589e-05
log_fdov[1](28)     0.106652 -2.97788e-06
log_fdov[1](29)     0.373835 -2.11732e-05
log_fdov[1](30)      2.50478  4.26587e-05
log_fdov[1](31)     0.708683  2.71501e-05
log_fdov[1](32)       1.2972   1.9453e-05
log_fdov[1](33)       1.8703  2.40937e-05
log_fdov[1](34)     0.983729  1.12441e-05
log_fdov[1](35)     0.241009  4.57897e-05
log_fdov[1](36)    0.0166678  5.21418e-06
log_fdov[1](37)     -0.79372  2.76326e-05
log_fdov[1](38)     -1.36942  2.13657e-05
log_fdov[1](39)     -4.29248     3.09e-06
log_fdov[1](40)     -4.63667  2.76425e-05
log_fdov[1](41)     -5.01147  -8.9056e-06
rec_dev_est(1982)     0.512314  0.000103318
rec_dev_est(1983)      0.22884  3.48413e-05
rec_dev_est(1984)      1.17677  0.000133225
rec_dev_est(1985)      1.72825  0.000269265
rec_dev_est(1986)     0.834296  2.44893e-05
rec_dev_est(1987)     0.481287 -4.63589e-06
rec_dev_est(1988)    -0.355905  0.000107118
rec_dev_est(1989)   -0.0460598  4.11683e-05
rec_dev_est(1990)     0.582942  0.000226823
rec_dev_est(1991)      1.02447  6.50962e-05
rec_dev_est(1992)    -0.333121 -2.96146e-05
rec_dev_est(1993)   -0.0797327  -2.6382e-05
rec_dev_est(1994)     -0.84229  -8.5557e-05
rec_dev_est(1995)     -1.13548  5.52878e-06
rec_dev_est(1996)    -0.226168 -8.37598e-05
rec_dev_est(1997)    -0.950808  0.000342155
rec_dev_est(1998)    -0.309806  0.000206776
rec_dev_est(1999)    -0.681725  0.000251578
rec_dev_est(2000)     -1.68241 -3.33903e-05
rec_dev_est(2001)    -0.129523 -6.22513e-05
rec_dev_est(2002)      1.43295 -8.24493e-05
rec_dev_est(2003)     -0.15581 -0.000217751
rec_dev_est(2004)     0.304669 -0.000164163
rec_dev_est(2005)    -0.534095 -0.000119639
rec_dev_est(2006)     -1.14894 -1.14071e-06
rec_dev_est(2007)    0.0998941 -6.49223e-05
rec_dev_est(2008)     0.698674 -8.65856e-05
rec_dev_est(2009)    -0.897676  3.42952e-06
rec_dev_est(2010)    -0.564393 -0.000198999
rec_dev_est(2011)    -0.734595 -5.82345e-05
rec_dev_est(2012)    -0.264827 -7.73191e-06
rec_dev_est(2013)    -0.495892  2.39154e-05
rec_dev_est(2014)     0.497045 -4.55332e-05
rec_dev_est(2015)    0.0773196  1.93932e-05
rec_dev_est(2016)     0.118891 -2.33113e-05
rec_dev_est(2017)     -1.25938 -5.46589e-06
rec_dev_est(2018)     -1.43234   3.1989e-06
rec_dev_est(2019)    -0.750567   1.2517e-05
rec_dev_est(2020)     0.394672 -5.03818e-05
rec_dev_est(2021)      0.42018  1.46584e-05
rec_dev_est(2022)      1.37171 -7.83224e-07
rec_dev_est(2023)   -0.0508885 -7.29786e-06
rec_dev_est(2024)    -0.513444 -6.67511e-06
logit_rec_prop_est(1982)      3.13303  0.000208199
logit_rec_prop_est(1983)      1.83639  0.000220097
logit_rec_prop_est(1984)    0.0336337   0.00105979
logit_rec_prop_est(1985)    -0.336908  0.000112641
logit_rec_prop_est(1986)     -3.31234  1.81302e-05
logit_rec_prop_est(1987)     0.180963  1.89221e-05
logit_rec_prop_est(1988)      1.37302  0.000115295
logit_rec_prop_est(1989)    -0.877785  0.000244055
logit_rec_prop_est(1990)       1.4502  0.000668028
logit_rec_prop_est(1991)      1.34874  -9.0053e-06
logit_rec_prop_est(1992)     -1.15433 -2.12699e-05
logit_rec_prop_est(1993)    -0.713582  9.10949e-05
logit_rec_prop_est(1994)     -1.31862 -0.000145409
logit_rec_prop_est(1995)    -0.478136  9.04532e-05
logit_rec_prop_est(1996)     -1.10512  0.000150761
logit_rec_prop_est(1997)      2.89896  0.000344139
logit_rec_prop_est(1998)     -0.26012   0.00106918
logit_rec_prop_est(1999)     0.644415  0.000791208
logit_rec_prop_est(2000)     0.819295  0.000216486
logit_rec_prop_est(2001)       2.2586  7.72471e-06
logit_rec_prop_est(2002)     -1.59171 -0.000935749
logit_rec_prop_est(2003)      1.61343 -0.000190881
logit_rec_prop_est(2004)      1.07987 -0.000539707
logit_rec_prop_est(2005)    -0.259364 -7.30934e-05
logit_rec_prop_est(2006)   0.00678344  8.37624e-06
logit_rec_prop_est(2007)    -0.304393 -0.000197532
logit_rec_prop_est(2008)     -0.45034  -0.00136896
logit_rec_prop_est(2009)    -0.574827 -0.000107743
logit_rec_prop_est(2010)    -0.697523 -0.000981076
logit_rec_prop_est(2011)    -0.715643 -0.000283542
logit_rec_prop_est(2012)     -0.73625 -9.06542e-05
logit_rec_prop_est(2013)     0.779853  0.000124788
logit_rec_prop_est(2014)    0.0932389 -9.74229e-05
logit_rec_prop_est(2015)     -2.79606  9.69311e-05
logit_rec_prop_est(2016)     -1.05656   1.2272e-05
logit_rec_prop_est(2017)     -3.58231  6.92271e-05
logit_rec_prop_est(2018)     -3.27779  0.000155739
logit_rec_prop_est(2019)      1.79597  0.000108816
logit_rec_prop_est(2020)     -0.41203  -6.7878e-05
logit_rec_prop_est(2021)     0.274486  2.90894e-05
logit_rec_prop_est(2022)      0.14972  0.000103484
logit_rec_prop_est(2023)      1.94865  9.00979e-05
logit_rec_prop_est(2024)       2.2925  7.29491e-05
