ParName   Value   Gradient
T_pars_est[3]      13.5881  -0.00324941
T_pars_est[11]      8.39116  0.000102875
T_pars_est[12]      8.40081 -0.000386385
T_pars_est[13]      8.45334  0.000509957
T_pars_est[14]      8.71481  0.000434012
T_pars_est[15]      9.28053 -0.000245263
T_pars_est[16]       10.031  8.67238e-05
T_pars_est[17]      10.7879 -0.000834407
T_pars_est[18]      11.1549 -0.000217191
T_pars_est[19]      11.2127 -4.83028e-05
T_pars_est[20]      11.2813  -0.00173226
T_pars_est[21]      11.2998 -0.000547191
T_pars_est[22]      11.0755   0.00174105
T_pars_est[23]      10.7602 -0.000857696
T_pars_est[24]      10.5226  -0.00298593
T_pars_est[25]      10.7018  0.000566578
T_pars_est[26]      11.5461   0.00121948
T_pars_est[27]      11.0849  0.000648032
T_pars_est[28]      10.1197   0.00120782
T_pars_est[29]      9.13278  0.000585396
T_pars_est[30]      8.16715  0.000408371
T_pars_est[31]      7.35124 -0.000250415
T_pars_est[32]      6.93677  0.000331811
T_pars_est[33]      14.7669   0.00131904
T_pars_est[34]      13.5476 -0.000192897
T_pars_est[35]      13.0086   0.00163478
T_pars_est[36]        13.18 -0.000405153
T_pars_est[37]      12.8158  0.000766513
T_pars_est[38]      12.9841 -7.18667e-05
T_pars_est[39]      12.7962  -0.00043672
T_pars_est[40]      12.5556   0.00192535
T_pars_est[41]      12.4427 -0.000678208
T_pars_est[42]      11.8502  0.000460472
T_pars_est[43]      11.1351   0.00014472
T_pars_est[44]      10.9305   0.00084088
T_pars_est[45]      11.0516 -0.000943542
T_pars_est[46]      10.3056  -0.00126892
T_pars_est[47]      9.00759   -0.0018529
T_pars_est[48]      7.94293  0.000628552
T_pars_est[49]      7.15674   0.00152177
T_pars_est[50]      6.60914 -0.000501515
T_pars_est[51]      6.20981  -0.00121836
T_pars_est[52]      5.91445   0.00220573
T_pars_est[53]      5.71009  -0.00300701
T_pars_est[54]      5.60491   0.00171081
T_pars_est[55]      9.83731 -0.000453334
T_pars_est[56]      9.88817   0.00132205
T_pars_est[57]      10.1886 -0.000526877
T_pars_est[58]      11.4526 -0.000102289
T_pars_est[59]      13.2469  0.000421683
T_pars_est[60]      13.9811  0.000335565
T_pars_est[61]        13.33   0.00102045
T_pars_est[62]       12.266  0.000464221
T_pars_est[63]      11.1103  0.000112793
T_pars_est[64]      9.99152    0.0002344
T_pars_est[65]      9.24903  3.00044e-05
T_pars_est[66]      8.82308  -3.5262e-05
T_pars_est[67]      8.60669  0.000169154
T_pars_est[68]      8.50058  6.03522e-05
T_pars_est[69]      8.36426 -0.000277714
T_pars_est[70]      8.18763  0.000231337
T_pars_est[71]      7.99899 -0.000168179
T_pars_est[72]      7.82424 -1.33147e-05
T_pars_est[73]      7.66054  0.000647422
T_pars_est[74]      7.51536 -0.000682347
T_pars_est[75]      7.41183  0.000530997
T_pars_est[76]      7.35396   0.00021039
T_pars_est[77]     -15.2349 -0.000516753
T_pars_est[78]     -15.3431  0.000447501
T_pars_est[79]     -15.5292   0.00034419
T_pars_est[80]     -15.0323    0.0001532
T_pars_est[81]     -14.0438 -0.000610288
T_pars_est[82]     -13.3199 -0.000775462
T_pars_est[83]     -14.4235   0.00162162
T_pars_est[84]     -15.5266 -0.000118353
T_pars_est[85]     -16.3747 -0.000595066
T_pars_est[86]     -17.0311  0.000646242
T_pars_est[87]     -17.4935 -0.000181956
T_pars_est[88]     -17.8377 -0.000279112
T_pars_est[89]     -18.1102 -0.000696558
T_pars_est[90]     -18.3385  0.000149156
T_pars_est[91]     -18.5362 -5.37291e-05
T_pars_est[92]     -18.7102  0.000332902
T_pars_est[93]     -18.8641  6.65298e-05
log_fbar[1]    -0.103701  0.000778591
log_fbar[2]     -5.66991 -0.000254659
log_fdev[1](1)       -1.305  0.000146275
log_fdev[1](2)     -1.67807  -0.00225028
log_fdev[1](3)     -1.09434  0.000822529
log_fdev[1](4)     -0.75602    0.0048715
log_fdev[1](5)    -0.606825   0.00104143
log_fdev[1](6)    -0.272331   -0.0012682
log_fdev[1](7)    -0.100262  -0.00139166
log_fdev[1](8)    0.0480445  0.000915436
log_fdev[1](9)     0.984442   0.00237987
log_fdev[1](10)     0.366456 -0.000780256
log_fdev[1](11)     0.684391 -0.000196957
log_fdev[1](12)     0.837658 -0.000579484
log_fdev[1](13)     0.516695   0.00191883
log_fdev[1](14)     0.526747  0.000218486
log_fdev[1](15)     0.488151  0.000566492
log_fdev[1](16)     0.390437  0.000749577
log_fdev[1](17)      1.01416 -5.31301e-05
log_fdev[1](18)    -0.493935    0.0011986
log_fdev[1](19)    -0.500731 -0.000125441
log_fdev[1](20)    0.0850764 -0.000855378
log_fdev[1](21)     0.119865  0.000266786
log_fdev[1](22)    -0.554216 -0.000738333
log_fdev[1](23)    -0.747447  -0.00021391
log_fdev[1](24)    -0.896053  0.000368418
log_fdev[1](25)    -0.236676 -0.000424262
log_fdev[1](26)     0.103017  5.36244e-06
log_fdev[1](27)    -0.237871  -0.00018005
log_fdev[1](28)    -0.551718 -0.000374676
log_fdev[1](29)    -0.847719 -0.000160942
log_fdev[1](30)    -0.103172  0.000270481
log_fdev[1](31)     0.410723  0.000161787
log_fdev[1](32)     0.612594  6.46247e-05
log_fdev[1](33)      1.04137  0.000314543
log_fdev[1](34)     0.998911 -0.000440121
log_fdev[1](35)      0.58313 -0.000502815
log_fdev[1](36)     0.719817  0.000107459
log_fdev[1](37)      1.08324 -0.000280212
log_fdev[1](38)      1.45122   0.00013351
log_fdev[1](39)      1.08036 -0.000700328
log_fdev[1](40)     -1.44745  -0.00229044
log_fdev[1](41)     -1.71666   0.00196735
log_fdev[2](1)     0.383258 -0.000246831
log_fdev[2](2)     0.310791 -0.000139124
log_fdev[2](3)     0.133714 -2.67384e-05
log_fdev[2](4)   -0.0519392  8.62488e-05
log_fdev[2](5)     -9.01423  0.000176626
log_fdev[2](6)     -4.93294 -7.21782e-05
log_fdev[2](7)     -5.27572  0.000342922
log_fdev[2](8)     -1.36342 -0.000255696
log_fdev[2](9)    -0.207071   0.00027287
log_fdev[2](10)      2.26533 -0.000362962
log_fdev[2](11)      1.74268 -0.000328176
log_fdev[2](12)      1.51884  0.000108395
log_fdev[2](13)      1.24351  0.000168418
log_fdev[2](14)       1.4723  5.94396e-05
log_fdev[2](15)      1.31823  0.000137536
log_fdev[2](16)     0.668856  0.000238296
log_fdev[2](17)     0.789062  0.000336304
log_fdev[2](18)     0.250248  0.000377613
log_fdev[2](19)     0.498863  5.94422e-05
log_fdev[2](20)     0.421572 -0.000196777
log_fdev[2](21)   -0.0652764  -0.00023569
log_fdev[2](22) -0.000294398 -7.74521e-05
log_fdev[2](23)    0.0576175 -0.000164026
log_fdev[2](24)    0.0688077 -0.000282818
log_fdev[2](25)     0.774223 -0.000471155
log_fdev[2](26)     0.459031 -0.000290823
log_fdev[2](27)    -0.198432  -0.00026496
log_fdev[2](28)     0.446902 -0.000318229
log_fdev[2](29)    -0.863722  2.73018e-05
log_fdev[2](30)    -0.465851 -9.48118e-05
log_fdev[2](31)    0.0152956 -0.000103464
log_fdev[2](32)     0.162997  0.000172871
log_fdev[2](33)      1.69319  -3.5178e-05
log_fdev[2](34)      2.93058 -0.000223746
log_fdev[2](35)    -0.692469  0.000206798
log_fdev[2](36)     0.374961 -6.39097e-05
log_fdev[2](37)      1.65006 -9.95929e-05
log_fdev[2](38)      1.00996  5.70611e-05
log_fdev[2](39)      0.85087 -9.64198e-05
log_fdev[2](40)     0.231468  -0.00023462
log_fdev[2](41)    -0.555899 -0.000109084
log_fdev[2](42)    0.0673317 -0.000101205
log_fdev[2](43)    -0.123289  0.000174346
log_foff[1]     -6.56101  -0.00334548
log_fdov[1](1)      1.15958  0.000779946
log_fdov[1](2)      1.44896  0.000412496
log_fdov[1](3)      1.12588   0.00103805
log_fdov[1](4)     0.980946 -0.000453928
log_fdov[1](5)      1.48932  -0.00184172
log_fdov[1](6)      1.06356  -0.00062579
log_fdov[1](7)     0.476533  0.000523062
log_fdov[1](8)      0.40096   0.00063391
log_fdov[1](9)      3.00715   0.00067228
log_fdov[1](10)      1.65475 -0.000407929
log_fdov[1](11)      1.75524 -9.78241e-05
log_fdov[1](12)     0.734351 -4.63464e-05
log_fdov[1](13)     0.441221  0.000586293
log_fdov[1](14)    -0.977291 -0.000143817
log_fdov[1](15)     0.731837  0.000239155
log_fdov[1](16)      1.00625  0.000886343
log_fdov[1](17)     -1.96326  2.56369e-05
log_fdov[1](18)    -0.209358 -0.000179418
log_fdov[1](19)     -2.24113 -0.000150803
log_fdov[1](20)     0.109892  0.000113342
log_fdov[1](21)     -2.04267 -0.000336885
log_fdov[1](22)     -2.08052 -0.000355932
log_fdov[1](23)     -1.25723 -0.000104027
log_fdov[1](24)    -0.451875 -0.000156283
log_fdov[1](25)     -2.37252  -0.00032605
log_fdov[1](26)    -0.141493 -0.000301452
log_fdov[1](27)    0.0955869 -0.000103876
log_fdov[1](28)     0.197596  -0.00014468
log_fdov[1](29)     0.432749  -0.00022492
log_fdov[1](30)      2.62184 -0.000389597
log_fdov[1](31)     0.855417  0.000238116
log_fdov[1](32)      1.47779 -8.38456e-06
log_fdov[1](33)      2.16114 -0.000472287
log_fdov[1](34)      1.39348  9.72116e-05
log_fdov[1](35)     0.587567 -0.000582421
log_fdov[1](36)     0.140431 -6.11707e-05
log_fdov[1](37)    -0.535736  4.11166e-05
log_fdov[1](38)    -0.883733  0.000237143
log_fdov[1](39)      -3.6986  -0.00100859
log_fdov[1](40)      -3.9082  0.000481982
log_fdov[1](41)     -4.78639  0.000206305
rec_dev_est(1982)    -0.436272   -0.0011965
rec_dev_est(1983)     0.771722 -0.000451263
rec_dev_est(1984)      1.47741   0.00218132
rec_dev_est(1985)       1.7318 -4.33199e-05
rec_dev_est(1986)    -0.508854   0.00161506
rec_dev_est(1987)      0.62816   0.00164263
rec_dev_est(1988)     0.613093   0.00072683
rec_dev_est(1989)    -0.981522 -0.000307942
rec_dev_est(1990)      1.41149   0.00253132
rec_dev_est(1991)      1.64153   0.00213209
rec_dev_est(1992)    -0.103075   0.00291072
rec_dev_est(1993)    -0.281961   0.00303388
rec_dev_est(1994)     -1.47703  -0.00210768
rec_dev_est(1995)     -1.31859  -0.00193793
rec_dev_est(1996)     -0.35246 -0.000579159
rec_dev_est(1997)    -0.400861   0.00297269
rec_dev_est(1998)   -0.0422373  -0.00274642
rec_dev_est(1999)    -0.284966   0.00011708
rec_dev_est(2000)     -1.34174  -0.00203603
rec_dev_est(2001)     0.374754  -0.00131828
rec_dev_est(2002)      1.04304  -0.00040617
rec_dev_est(2003)     0.419707  0.000937054
rec_dev_est(2004)     0.983109  0.000694792
rec_dev_est(2005)    -0.429553  0.000829097
rec_dev_est(2006)     -1.23336  -0.00177837
rec_dev_est(2007)    -0.101208 -0.000252105
rec_dev_est(2008)     0.826007 -0.000776875
rec_dev_est(2009)    -0.812783  -0.00254516
rec_dev_est(2010)    -0.829294 -0.000924121
rec_dev_est(2011)    -0.964397 -0.000596694
rec_dev_est(2012)    -0.750397 -0.000699756
rec_dev_est(2013)     0.328473 -0.000696606
rec_dev_est(2014)     0.492149  -0.00101917
rec_dev_est(2015)    -0.377117  -0.00354204
rec_dev_est(2016)    -0.453427  -0.00130623
rec_dev_est(2017)     -1.82024  0.000870729
rec_dev_est(2018)     -1.73864   0.00111901
rec_dev_est(2019)    -0.841237  0.000754499
rec_dev_est(2020)     0.956576  0.000690345
rec_dev_est(2021)     0.536661 -0.000347925
rec_dev_est(2022)      1.39531 -0.000337858
rec_dev_est(2023)    -0.193692   0.00012671
rec_dev_est(2024)     -1.13087   0.00011846
