ParName   Value   Gradient
T_pars_est[3]      13.7018  -0.00596007
T_pars_est[11]      8.47011  -1.6885e-05
T_pars_est[12]      8.48231  4.22921e-06
T_pars_est[13]      8.53815  3.09282e-05
T_pars_est[14]      8.78578  1.63137e-05
T_pars_est[15]      9.30293 -1.97353e-05
T_pars_est[16]      10.0409  6.87556e-06
T_pars_est[17]      10.8083 -3.52005e-05
T_pars_est[18]      11.1991  8.34037e-06
T_pars_est[19]       11.255  1.63864e-05
T_pars_est[20]      11.3109 -2.35931e-05
T_pars_est[21]      11.3219 -7.42417e-06
T_pars_est[22]      11.0923 -3.20679e-05
T_pars_est[23]      10.7681  1.96113e-05
T_pars_est[24]      10.5227  1.40531e-05
T_pars_est[25]      10.6956 -5.09247e-05
T_pars_est[26]      11.4946  2.96493e-05
T_pars_est[27]      11.0317  5.16912e-06
T_pars_est[28]      10.0933  1.21485e-05
T_pars_est[29]      9.10994  1.55392e-05
T_pars_est[30]      8.13798 -6.55289e-06
T_pars_est[31]      7.31492 -6.04587e-06
T_pars_est[32]      6.88439  1.93774e-05
T_pars_est[33]      13.6121  0.000165469
T_pars_est[34]      13.3207  9.70733e-05
T_pars_est[35]      13.0582  7.49097e-05
T_pars_est[36]      13.2222  2.62138e-05
T_pars_est[37]      12.6766  1.25092e-05
T_pars_est[38]      12.8455  6.54733e-05
T_pars_est[39]       12.732    6.461e-06
T_pars_est[40]      12.5242  2.48684e-05
T_pars_est[41]       12.381 -3.93992e-05
T_pars_est[42]      11.7619  2.60146e-05
T_pars_est[43]      11.0252  3.90201e-06
T_pars_est[44]      10.8038  5.03324e-06
T_pars_est[45]      10.9008 -2.99156e-05
T_pars_est[46]      10.1903 -9.18137e-06
T_pars_est[47]       8.9215  1.74365e-07
T_pars_est[48]      7.85539  7.32238e-06
T_pars_est[49]       7.0609  8.69112e-06
T_pars_est[50]      6.50539 -1.71544e-05
T_pars_est[51]      6.10356 -2.98254e-05
T_pars_est[52]      5.81026  1.46913e-05
T_pars_est[53]      5.60986  3.05691e-05
T_pars_est[54]      5.50776 -2.28505e-05
T_pars_est[55]      9.81315 -1.52576e-05
T_pars_est[56]      9.87791  6.34129e-06
T_pars_est[57]      10.2411  8.00777e-06
T_pars_est[58]      11.5218  1.62489e-06
T_pars_est[59]      13.2294  3.43106e-05
T_pars_est[60]      13.9149 -0.000124344
T_pars_est[61]      13.2399 -3.16536e-05
T_pars_est[62]      12.2193 -7.85008e-05
T_pars_est[63]      11.0747 -6.32732e-05
T_pars_est[64]      9.95104 -6.53677e-05
T_pars_est[65]      9.21397 -8.13967e-05
T_pars_est[66]      8.79769 -2.80509e-05
T_pars_est[67]      8.55496 -6.06272e-05
T_pars_est[68]      8.44302 -0.000102366
T_pars_est[69]      8.31102 -7.10956e-05
T_pars_est[70]      8.14163 -6.00974e-05
T_pars_est[71]        7.962 -4.53323e-05
T_pars_est[72]      7.79382 -5.29876e-05
T_pars_est[73]      7.63859 -4.36216e-05
T_pars_est[74]      7.50005 -7.72058e-05
T_pars_est[75]      7.40063 -3.29538e-05
T_pars_est[76]      7.34437  -6.5099e-05
T_pars_est[77]     -14.7759 -1.53151e-05
T_pars_est[78]     -14.7891  1.85244e-06
T_pars_est[79]     -14.3583  3.23885e-06
T_pars_est[80]     -14.0752  8.06879e-06
T_pars_est[81]     -14.0319  2.19491e-06
T_pars_est[82]     -14.2207  2.25137e-05
T_pars_est[83]     -14.6446   8.1389e-06
T_pars_est[84]     -15.6173  1.51203e-06
T_pars_est[85]      -16.431 -8.57324e-06
T_pars_est[86]     -17.0748  -5.3664e-06
T_pars_est[87]     -17.5283 -4.71916e-06
T_pars_est[88]     -17.8647 -1.36968e-06
T_pars_est[89]       -18.13  -2.8069e-06
T_pars_est[90]     -18.3523 -1.95015e-06
T_pars_est[91]      -18.545 -3.04007e-06
T_pars_est[92]      -18.715 -1.39836e-06
T_pars_est[93]      -18.866  1.00413e-05
log_fbar[1]     0.023502 -0.000452526
log_fbar[2]     -5.57723 -0.000274616
log_fdev[1](1)     -1.38479 -0.000155196
log_fdev[1](2)     -1.71514 -0.000120243
log_fdev[1](3)      -1.1568 -0.000142086
log_fdev[1](4)    -0.811965 -0.000154335
log_fdev[1](5)    -0.640774 -0.000122211
log_fdev[1](6)     -0.26851  0.000116571
log_fdev[1](7)    -0.199291 -0.000175027
log_fdev[1](8)    -0.151977 -7.11761e-05
log_fdev[1](9)     0.806949  3.30964e-05
log_fdev[1](10)     0.261155  0.000171208
log_fdev[1](11)     0.594659 -0.000135013
log_fdev[1](12)     0.729304 -0.000159476
log_fdev[1](13)      0.34985  0.000406649
log_fdev[1](14)     0.716106 -0.000163043
log_fdev[1](15)      0.62261 -7.22355e-05
log_fdev[1](16)      0.32068  0.000185902
log_fdev[1](17)      1.03238  0.000145088
log_fdev[1](18)    -0.376578 -7.83646e-06
log_fdev[1](19)    -0.493858  6.32484e-05
log_fdev[1](20)     0.117033  0.000146844
log_fdev[1](21)     0.208342  0.000503527
log_fdev[1](22)    -0.527827  0.000256639
log_fdev[1](23)    -0.808482 -6.48219e-05
log_fdev[1](24)    -0.967711 -0.000112753
log_fdev[1](25)    -0.387677 -0.000248463
log_fdev[1](26)    0.0136173 -0.000117505
log_fdev[1](27)    -0.255453   0.00015399
log_fdev[1](28)    -0.618152 -0.000124057
log_fdev[1](29)     -0.76763 -0.000241227
log_fdev[1](30)    -0.182994 -1.61589e-05
log_fdev[1](31)     0.339148  4.61768e-05
log_fdev[1](32)     0.689816 -4.09287e-05
log_fdev[1](33)      1.06571    0.0001767
log_fdev[1](34)      1.16717  0.000136269
log_fdev[1](35)      0.73775 -0.000213859
log_fdev[1](36)     0.795081 -0.000170902
log_fdev[1](37)      1.39983 -0.000176079
log_fdev[1](38)      1.49693  -0.00011223
log_fdev[1](39)      1.18807  5.60284e-07
log_fdev[1](40)     -1.36597 -0.000263661
log_fdev[1](41)     -1.57062 -0.000124077
log_fdev[2](1)     0.337837  2.87466e-05
log_fdev[2](2)     0.299167  2.53955e-05
log_fdev[2](3)     0.107315 -2.24715e-05
log_fdev[2](4)   -0.0740213 -7.74508e-06
log_fdev[2](5)     -9.01466  1.03536e-05
log_fdev[2](6)     -4.92904  2.96167e-05
log_fdev[2](7)     -5.35947  1.75146e-05
log_fdev[2](8)     -1.51587  2.26131e-05
log_fdev[2](9)    -0.329602  3.15032e-05
log_fdev[2](10)       2.1877 -1.21156e-05
log_fdev[2](11)      1.65811 -1.33167e-06
log_fdev[2](12)      1.40728 -5.17293e-06
log_fdev[2](13)      1.19267  1.88817e-05
log_fdev[2](14)      1.60006  2.09632e-05
log_fdev[2](15)       1.3995  7.57656e-06
log_fdev[2](16)      0.63355  6.45544e-05
log_fdev[2](17)     0.829941  3.94654e-05
log_fdev[2](18)     0.337305  2.94077e-05
log_fdev[2](19)     0.514546  1.89224e-05
log_fdev[2](20)     0.460415  1.99946e-05
log_fdev[2](21)  -0.00617962  5.89195e-05
log_fdev[2](22)    0.0236769 -1.64372e-05
log_fdev[2](23)    0.0195813 -1.35193e-05
log_fdev[2](24)  -0.00168264  -5.5792e-05
log_fdev[2](25)     0.657419 -1.16265e-05
log_fdev[2](26)     0.411723 -3.79337e-05
log_fdev[2](27)    -0.186616  2.71823e-05
log_fdev[2](28)     0.419172 -2.12179e-05
log_fdev[2](29)    -0.775526  4.63609e-06
log_fdev[2](30)    -0.545891  6.03245e-05
log_fdev[2](31)   -0.0648472  5.65209e-06
log_fdev[2](32)     0.182605 -3.93902e-06
log_fdev[2](33)      1.70527 -2.84903e-05
log_fdev[2](34)      3.00315  1.89894e-05
log_fdev[2](35)    -0.644315 -2.77139e-05
log_fdev[2](36)     0.425127 -5.60627e-06
log_fdev[2](37)      1.76622  1.84504e-05
log_fdev[2](38)     0.996193 -1.03152e-05
log_fdev[2](39)     0.897323 -5.50912e-07
log_fdev[2](40)     0.292969  1.34932e-05
log_fdev[2](41)    -0.453743 -8.96212e-06
log_fdev[2](42)     0.188926 -6.31446e-07
log_fdev[2](43)   -0.0532748  3.48333e-05
log_foff[1]      -6.7835 -0.000182539
log_fdov[1](1)       1.3724 -0.000118174
log_fdov[1](2)      1.61923 -0.000142305
log_fdov[1](3)      1.32336 -7.82559e-05
log_fdov[1](4)      1.23087 -0.000103091
log_fdov[1](5)      2.01783 -2.33403e-05
log_fdov[1](6)      1.31583   0.00011886
log_fdov[1](7)     0.702209 -0.000110242
log_fdov[1](8)     0.928939 -0.000164205
log_fdov[1](9)       3.6254 -8.71967e-05
log_fdov[1](10)      2.00772   1.0498e-05
log_fdov[1](11)      1.72702  6.78332e-05
log_fdov[1](12)     0.705403  6.56635e-05
log_fdov[1](13)     0.721621  4.65258e-05
log_fdov[1](14)    -0.820213  9.25192e-05
log_fdov[1](15)     0.986263  6.52899e-05
log_fdov[1](16)      1.47717   0.00010916
log_fdov[1](17)     -1.55382  0.000117385
log_fdov[1](18)  -0.00619795  8.02588e-05
log_fdov[1](19)     -2.14052  3.85505e-05
log_fdov[1](20)     0.160231  0.000111444
log_fdov[1](21)     -1.95005  0.000157454
log_fdov[1](22)     -1.89261   0.00010497
log_fdov[1](23)    -0.998388  7.14109e-05
log_fdov[1](24)    -0.454985  3.64715e-05
log_fdov[1](25)     -2.54836 -2.76444e-05
log_fdov[1](26)    -0.214588 -4.16289e-05
log_fdov[1](27)     0.209701  -7.1939e-05
log_fdov[1](28)     0.426015 -1.71368e-05
log_fdov[1](29)     0.471957 -0.000116735
log_fdov[1](30)      2.52306 -8.70226e-05
log_fdov[1](31)     0.425302 -5.74134e-05
log_fdov[1](32)     0.820616 -7.42502e-05
log_fdov[1](33)      1.55674   1.5594e-05
log_fdov[1](34)     0.690362 -3.61424e-05
log_fdov[1](35)    -0.037269  1.92065e-06
log_fdov[1](36)    -0.322967  1.60496e-05
log_fdov[1](37)     -1.17596  3.79298e-05
log_fdov[1](38)     -1.25028 -7.34626e-05
log_fdov[1](39)     -4.15077  1.61182e-05
log_fdov[1](40)     -4.43288 -3.15161e-05
log_fdov[1](41)     -5.09539  2.93981e-07
rec_dev_est(1982)     0.360128  2.35838e-05
rec_dev_est(1983)     0.213595  0.000151422
rec_dev_est(1984)      1.66797  0.000133934
rec_dev_est(1985)       1.4456 -0.000224611
rec_dev_est(1986)    -0.839119 -4.15258e-05
rec_dev_est(1987)     -0.18909  0.000297538
rec_dev_est(1988)      1.49396  0.000272766
rec_dev_est(1989)    -0.487376 -0.000246845
rec_dev_est(1990)      0.73597  0.000345776
rec_dev_est(1991)      1.42434  0.000672769
rec_dev_est(1992)     -0.31574  0.000298125
rec_dev_est(1993)    -0.507747 -0.000112414
rec_dev_est(1994)     -1.72781   0.00014879
rec_dev_est(1995)      -1.5159  0.000319055
rec_dev_est(1996)   -0.0123864  6.93451e-05
rec_dev_est(1997)      -0.1285  0.000143599
rec_dev_est(1998)    -0.602957 -0.000364884
rec_dev_est(1999)    -0.810036 -0.000277735
rec_dev_est(2000)    -0.800938   2.9236e-05
rec_dev_est(2001)     0.141934 -0.000242274
rec_dev_est(2002)      1.45206 -0.000150864
rec_dev_est(2003)     0.138316 -0.000148807
rec_dev_est(2004)     0.257989  -0.00031088
rec_dev_est(2005)    -0.678691 -1.83867e-05
rec_dev_est(2006)    -0.857113 -6.85523e-06
rec_dev_est(2007)    -0.338225 -0.000282309
rec_dev_est(2008)      1.47673  -0.00127816
rec_dev_est(2009)    -0.370755 -7.09441e-05
rec_dev_est(2010)    -0.475379 -0.000964861
rec_dev_est(2011)     -1.15681  -0.00026948
rec_dev_est(2012)    -0.781933 -0.000499899
rec_dev_est(2013)     0.139436 -0.000105055
rec_dev_est(2014)     0.680031 -0.000478973
rec_dev_est(2015)   -0.0971926 -0.000350232
rec_dev_est(2016)     -0.66116 -0.000154189
rec_dev_est(2017)    -0.920889  3.77597e-05
rec_dev_est(2018)     -1.02429  3.44423e-05
rec_dev_est(2019)    -0.684831 -3.70547e-05
rec_dev_est(2020)     0.618235 -1.74147e-05
rec_dev_est(2021)     0.910578  7.36872e-05
rec_dev_est(2022)      1.20999  8.63564e-06
rec_dev_est(2023)    -0.609359 -1.66394e-05
rec_dev_est(2024)      -1.3533 -6.91312e-06
logit_rec_prop_est(1982)      2.68554  0.000534229
logit_rec_prop_est(1983)      4.24331   0.00040736
logit_rec_prop_est(1984)    -0.837348   0.00129308
logit_rec_prop_est(1985)       1.9028  0.000589803
logit_rec_prop_est(1986)     0.310574  0.000453669
logit_rec_prop_est(1987)       2.7313  0.000330423
logit_rec_prop_est(1988)     -1.07336 -0.000462149
logit_rec_prop_est(1989)    -0.788185  0.000487758
logit_rec_prop_est(1990)    -0.692226   0.00110964
logit_rec_prop_est(1991)      2.18906   0.00191195
logit_rec_prop_est(1992)    -0.202433   0.00102821
logit_rec_prop_est(1993)     0.503092  3.44575e-05
logit_rec_prop_est(1994)      2.98011   0.00022184
logit_rec_prop_est(1995)      4.57991  0.000399534
logit_rec_prop_est(1996)     -4.94881   0.00100649
logit_rec_prop_est(1997)     0.462437  0.000494711
logit_rec_prop_est(1998)     0.154851  -0.00104759
logit_rec_prop_est(1999)      2.22458 -0.000942295
logit_rec_prop_est(2000)     -4.58471  0.000508093
logit_rec_prop_est(2001)      2.17604   0.00122429
logit_rec_prop_est(2002)     -1.56275   0.00103568
logit_rec_prop_est(2003)      0.36934  0.000697312
logit_rec_prop_est(2004)       2.2746  0.000899465
logit_rec_prop_est(2005)       1.8411  0.000788168
logit_rec_prop_est(2006)     -2.86475  0.000806562
logit_rec_prop_est(2007)     0.814562 -0.000436201
logit_rec_prop_est(2008)     -1.44071  -0.00661752
logit_rec_prop_est(2009)     -1.11705  5.59408e-05
logit_rec_prop_est(2010)    -0.658938    -0.004099
logit_rec_prop_est(2011)    -0.522327  -0.00100286
logit_rec_prop_est(2012)     0.227143   -0.0015157
logit_rec_prop_est(2013)      -1.8103 -9.42819e-05
logit_rec_prop_est(2014)     0.457099 -0.000919282
logit_rec_prop_est(2015)    -0.620695  -0.00050896
logit_rec_prop_est(2016)    -0.577339 -0.000105018
logit_rec_prop_est(2017)     -5.46923  0.000666273
logit_rec_prop_est(2018)     -5.22958   0.00104754
logit_rec_prop_est(2019)    -0.863811  0.000422021
logit_rec_prop_est(2020)     0.745658  0.000390888
logit_rec_prop_est(2021)    -0.932573  0.000748415
logit_rec_prop_est(2022)     0.144193  0.000543121
logit_rec_prop_est(2023)     0.641311  0.000706829
logit_rec_prop_est(2024)      2.13851  0.000615546
