ParName   Value   Gradient
T_pars_est[3]      13.8059  -0.00404417
T_pars_est[11]      9.73247 -2.31875e-06
T_pars_est[12]      9.74142 -6.60591e-06
T_pars_est[13]      9.76935  8.80483e-06
T_pars_est[14]      9.87149  9.51949e-06
T_pars_est[15]      10.3199  6.69823e-06
T_pars_est[16]      10.8916  1.03221e-06
T_pars_est[17]      11.3295 -1.61529e-05
T_pars_est[18]      11.4722 -2.72539e-06
T_pars_est[19]      11.4724  1.46912e-06
T_pars_est[20]      11.4513 -6.57426e-06
T_pars_est[21]      11.3991 -5.73657e-06
T_pars_est[22]      11.1528 -2.41925e-05
T_pars_est[23]      10.8722 -1.17273e-05
T_pars_est[24]       10.691   7.5525e-06
T_pars_est[25]      10.9083 -4.12377e-05
T_pars_est[26]       11.543  0.000209466
T_pars_est[27]      11.0419  -0.00011688
T_pars_est[28]      10.2456 -3.73269e-05
T_pars_est[29]      9.26219  -8.1729e-06
T_pars_est[30]      8.27173    8.199e-06
T_pars_est[31]      7.44303 -1.01277e-05
T_pars_est[32]      7.03656 -4.41888e-06
T_pars_est[33]       12.065 -0.000208517
T_pars_est[34]      12.1632 -1.25468e-05
T_pars_est[35]      12.8656  1.00488e-05
T_pars_est[36]      13.3303 -7.56867e-05
T_pars_est[37]      12.8358 -5.14029e-05
T_pars_est[38]      12.9331 -0.000105768
T_pars_est[39]      12.7349 -0.000102764
T_pars_est[40]       12.518 -0.000103423
T_pars_est[41]      12.3749 -8.77268e-05
T_pars_est[42]      11.9593 -7.48872e-05
T_pars_est[43]      11.4513 -1.93581e-05
T_pars_est[44]      11.3127 -1.01436e-05
T_pars_est[45]      11.2254 -5.51541e-06
T_pars_est[46]      10.1971 -2.91232e-07
T_pars_est[47]      8.91092  2.97119e-06
T_pars_est[48]      7.91834  6.20335e-06
T_pars_est[49]      7.18999 -6.36505e-06
T_pars_est[50]      6.66618 -2.93745e-07
T_pars_est[51]      6.28563 -1.47686e-06
T_pars_est[52]      6.00423  -6.7738e-07
T_pars_est[53]      5.80734  2.38611e-06
T_pars_est[54]      5.70455 -1.19014e-05
T_pars_est[55]      11.9646  -1.4377e-05
T_pars_est[56]      11.9898  3.27984e-06
T_pars_est[57]      12.0552 -2.20514e-05
T_pars_est[58]      12.2416  1.11805e-05
T_pars_est[59]      13.4307 -1.91857e-05
T_pars_est[60]      13.5511  2.64394e-05
T_pars_est[61]      12.9832 -3.84572e-05
T_pars_est[62]      12.1295 -5.14103e-05
T_pars_est[63]      11.0257 -5.79997e-06
T_pars_est[64]      9.94623 -1.27189e-05
T_pars_est[65]      9.22497  4.91346e-06
T_pars_est[66]       8.7674 -6.65883e-06
T_pars_est[67]      8.47305 -1.76906e-05
T_pars_est[68]      8.38242  -1.4799e-05
T_pars_est[69]      8.28865 -1.72996e-07
T_pars_est[70]      8.15331 -5.24964e-06
T_pars_est[71]      8.00346  2.36311e-06
T_pars_est[72]      7.85932  -1.2463e-05
T_pars_est[73]      7.72748  -1.2196e-05
T_pars_est[74]      7.60659 -2.34157e-05
T_pars_est[75]      7.51837 -3.46695e-05
T_pars_est[76]      7.46726 -4.03415e-05
T_pars_est[77]     -13.8132  1.30541e-05
T_pars_est[78]     -13.8856  1.50588e-05
T_pars_est[79]       -14.02  2.48209e-05
T_pars_est[80]     -14.2062  4.13781e-06
T_pars_est[81]     -13.7239  1.58837e-05
T_pars_est[82]     -13.5049 -9.12352e-05
T_pars_est[83]      -14.587  4.59718e-05
T_pars_est[84]     -15.5955 -5.42822e-06
T_pars_est[85]     -16.4026 -8.36382e-06
T_pars_est[86]     -17.0334 -2.11616e-06
T_pars_est[87]     -17.4905 -1.69103e-05
T_pars_est[88]     -17.8355  5.93079e-06
T_pars_est[89]     -18.1084 -1.04311e-06
T_pars_est[90]     -18.3369  1.87641e-05
T_pars_est[91]     -18.5346 -1.20483e-06
T_pars_est[92]     -18.7088  1.26468e-05
T_pars_est[93]     -18.8632  1.16092e-05
G_pars_est[1]      1.12607 -0.000354691
G_pars_est[2]    -0.237929  0.000575863
G_pars_est[4]      -4.5965 -7.55406e-05
G_pars_est[5]    -0.418973  0.000157519
S_pars_est[5]      -3.1348 -2.30439e-05
S_pars_est[6]     -2.65646 -9.13539e-06
S_pars_est[7]     -2.28805  2.37264e-05
S_pars_est[8]     -1.42987  -5.4739e-06
S_pars_est[9]     -1.38272  6.65588e-08
S_pars_est[10]      -1.1754  2.91098e-06
S_pars_est[11]    -0.889699 -8.37554e-06
S_pars_est[12]    -0.849149 -5.14272e-06
S_pars_est[13]    -0.921952 -4.20668e-06
S_pars_est[14]    -0.883387 -1.66017e-05
S_pars_est[15]    -0.826114 -4.73905e-06
S_pars_est[16]    -0.790704   4.4615e-06
S_pars_est[17]    -0.774163  7.72994e-06
S_pars_est[18]    -0.734674  2.45425e-06
S_pars_est[19]    -0.781453 -1.58527e-05
S_pars_est[20]    -0.968011 -1.19925e-05
S_pars_est[21]    -0.844596 -4.35356e-06
S_pars_est[22]    -0.651139  -7.3029e-06
S_pars_est[23]    -0.466784 -5.39401e-06
S_pars_est[24]    -0.306336  4.06149e-06
S_pars_est[25]    -0.207882  5.07877e-07
S_pars_est[26]    -0.253574  1.20415e-07
S_pars_est[27]     -3.37712  1.16167e-05
S_pars_est[28]     -2.46881 -3.48622e-05
S_pars_est[29]      -1.7768 -1.82577e-05
S_pars_est[30]      -1.0772   1.3463e-05
S_pars_est[31]    -0.922367   4.1622e-06
S_pars_est[32]    -0.733556  -9.1959e-06
S_pars_est[33]    -0.594804 -2.37231e-05
S_pars_est[34]    -0.540355 -2.10913e-05
S_pars_est[35]    -0.627675 -2.86753e-05
S_pars_est[36]    -0.643406 -3.41459e-05
S_pars_est[37]    -0.614873 -1.26391e-05
S_pars_est[38]    -0.550309 -2.66731e-05
S_pars_est[39]    -0.510323 -2.22522e-05
S_pars_est[40]    -0.430065 -3.18298e-05
S_pars_est[41]    -0.307214 -5.27629e-07
S_pars_est[42]    -0.244949 -3.71156e-06
S_pars_est[43]    -0.275192 -7.77773e-06
S_pars_est[44]    -0.274061 -3.11304e-06
S_pars_est[45]    -0.255723  -2.5499e-06
S_pars_est[46]    -0.204261   3.1455e-06
S_pars_est[47]    -0.132136 -4.32949e-07
S_pars_est[48]     -0.11401 -1.73617e-05
S_pars_est[51]     -4.73488 -1.72776e-05
S_pars_est[52]     -4.91131 -2.72405e-05
S_pars_est[53]      -3.8427  9.93022e-06
S_pars_est[54]     -1.62459  1.27802e-05
S_pars_est[55]     -1.07197 -3.48187e-06
S_pars_est[56]    -0.513341  2.18633e-05
S_pars_est[57]    -0.567547 -2.46746e-06
S_pars_est[58]    -0.785716 -6.25363e-06
S_pars_est[59]    -0.857649 -9.98115e-06
S_pars_est[60]    -0.937826 -8.74208e-06
S_pars_est[61]    -0.919068 -8.92333e-06
S_pars_est[62]    -0.872402  1.04305e-05
S_pars_est[63]    -0.836385  1.21133e-05
S_pars_est[64]    -0.788736  2.04128e-06
S_pars_est[65]    -0.719501 -1.81915e-06
S_pars_est[66]     -0.63021  4.51198e-06
S_pars_est[67]    -0.529487  4.67276e-07
S_pars_est[68]    -0.424099  1.49126e-06
S_pars_est[69]    -0.314783  9.60672e-07
S_pars_est[70]     -0.20038  5.75612e-07
S_pars_est[71]   -0.0840584  1.60053e-05
S_pars_est[73]     -3.15395 -2.44934e-05
S_pars_est[74]       -2.609 -2.34236e-06
S_pars_est[75]     -2.05009  3.10666e-05
S_pars_est[76]    -0.817509  3.41952e-05
S_pars_est[77]     -0.40204 -3.69079e-05
S_pars_est[78]    -0.253107 -5.60538e-05
S_pars_est[79]    -0.560166 -1.76471e-06
S_pars_est[80]     -1.23366  2.15904e-05
S_pars_est[81]     -1.46585 -8.31015e-06
S_pars_est[82]     -1.87212 -1.42982e-05
S_pars_est[83]     -1.85286  1.01981e-05
S_pars_est[84]     -1.21891  6.26687e-07
S_pars_est[85]    -0.850792   9.8533e-06
S_pars_est[86]    -0.779197   3.9531e-06
S_pars_est[87]    -0.710837 -2.10159e-06
S_pars_est[88]    -0.623442  4.58028e-06
S_pars_est[89]    -0.524236   6.6743e-06
S_pars_est[90]    -0.419953 -3.69751e-06
S_pars_est[91]    -0.311315  1.22562e-06
S_pars_est[92]      -0.1972   4.2258e-06
S_pars_est[93]   -0.0804939  7.75244e-06
log_fbar[1]    0.0700057 -0.000962518
log_fbar[2]      -5.5342 -9.21465e-05
log_fdev[1](1)     -1.53352 -3.74334e-05
log_fdev[1](2)     -1.95969 -9.62608e-06
log_fdev[1](3)      -1.3745 -2.01132e-05
log_fdev[1](4)    -0.994573 -4.43198e-06
log_fdev[1](5)    -0.782637  5.54868e-05
log_fdev[1](6)    -0.292367 -1.32748e-05
log_fdev[1](7)    -0.199217 -6.52305e-05
log_fdev[1](8)    -0.195123 -0.000143934
log_fdev[1](9)     0.779974 -0.000114674
log_fdev[1](10)     0.259402 -0.000127472
log_fdev[1](11)     0.560294 -0.000135235
log_fdev[1](12)     0.706705 -0.000146224
log_fdev[1](13)     0.479792  2.06494e-05
log_fdev[1](14)     0.654435   0.00010639
log_fdev[1](15)     0.571464 -5.20373e-05
log_fdev[1](16)     0.363859 -8.95265e-05
log_fdev[1](17)      1.07001 -0.000125883
log_fdev[1](18)    -0.363335 -0.000134901
log_fdev[1](19)    -0.448756 -0.000171431
log_fdev[1](20)     0.213623  7.82086e-05
log_fdev[1](21)     0.274475   0.00010354
log_fdev[1](22)    -0.460794  4.85169e-05
log_fdev[1](23)    -0.736655  0.000162137
log_fdev[1](24)    -0.927008 -0.000112031
log_fdev[1](25)     -0.34367  -0.00018646
log_fdev[1](26)    0.0959657  -0.00013174
log_fdev[1](27)    -0.196437 -0.000186258
log_fdev[1](28)    -0.576877 -0.000154859
log_fdev[1](29)    -0.708917 -1.11659e-05
log_fdev[1](30)    -0.126167 -2.83618e-06
log_fdev[1](31)     0.384647  1.80428e-05
log_fdev[1](32)      0.72996  1.94019e-05
log_fdev[1](33)      1.12007 -5.78913e-05
log_fdev[1](34)      1.21995 -0.000178819
log_fdev[1](35)     0.778402 -0.000119352
log_fdev[1](36)     0.870431  9.18535e-05
log_fdev[1](37)      1.38529  5.46571e-05
log_fdev[1](38)      1.49741 -2.08747e-05
log_fdev[1](39)      1.25738  -8.6074e-05
log_fdev[1](40)      -1.2981  4.19379e-05
log_fdev[1](41)     -1.75521  0.000172951
log_fdev[2](1)     0.188784  5.51636e-06
log_fdev[2](2)    0.0867115 -9.17123e-07
log_fdev[2](3)    -0.094232 -1.02972e-05
log_fdev[2](4)    -0.239269 -1.22392e-05
log_fdev[2](5)      -9.1326  3.26997e-06
log_fdev[2](6)      -4.9449  2.16585e-06
log_fdev[2](7)     -5.37789 -9.79848e-06
log_fdev[2](8)     -1.58054 -8.97087e-06
log_fdev[2](9)    -0.382323 -1.85765e-05
log_fdev[2](10)      2.17254   5.8018e-06
log_fdev[2](11)      1.63961 -2.56856e-05
log_fdev[2](12)      1.42605 -1.32506e-05
log_fdev[2](13)      1.25854  2.57223e-05
log_fdev[2](14)      1.57591  2.99871e-05
log_fdev[2](15)      1.39909  1.45988e-05
log_fdev[2](16)     0.702986 -3.57063e-06
log_fdev[2](17)     0.892358 -2.02692e-05
log_fdev[2](18)     0.352248  6.36062e-06
log_fdev[2](19)      0.55481  6.48191e-06
log_fdev[2](20)      0.52084  9.65285e-06
log_fdev[2](21)    0.0315622  3.21295e-05
log_fdev[2](22)    0.0744496  4.10506e-05
log_fdev[2](23)    0.0821231  2.96374e-05
log_fdev[2](24)    0.0401356  7.13306e-07
log_fdev[2](25)     0.696362 -2.34539e-05
log_fdev[2](26)     0.472478 -1.86232e-05
log_fdev[2](27)    -0.139828 -1.22762e-05
log_fdev[2](28)       0.4617  -7.4153e-06
log_fdev[2](29)    -0.708842 -2.38343e-06
log_fdev[2](30)    -0.460072  1.00641e-05
log_fdev[2](31)    0.0160792  1.52081e-05
log_fdev[2](32)     0.257962 -6.17142e-08
log_fdev[2](33)       1.7817 -2.61563e-05
log_fdev[2](34)      3.05785 -1.85501e-05
log_fdev[2](35)     -0.59319  7.80252e-06
log_fdev[2](36)     0.473135  6.67966e-06
log_fdev[2](37)      1.75613  1.39269e-05
log_fdev[2](38)     0.978149  2.59977e-05
log_fdev[2](39)     0.903907   1.2095e-05
log_fdev[2](40)     0.304887   6.5026e-06
log_fdev[2](41)    -0.483189  7.69084e-06
log_fdev[2](42)     0.113746  5.15457e-06
log_fdev[2](43)     -0.13596  1.64769e-05
log_foff[1]     -6.89009 -0.000614482
log_fdov[1](1)      1.57835 -6.55455e-05
log_fdov[1](2)      1.92088 -5.55685e-05
log_fdov[1](3)      1.59809 -8.98438e-06
log_fdov[1](4)      1.47125  -3.6261e-06
log_fdov[1](5)      2.18572  4.56516e-05
log_fdov[1](6)      1.74452  -7.5243e-05
log_fdov[1](7)     0.865775  2.78649e-05
log_fdov[1](8)     0.501773  1.23613e-05
log_fdov[1](9)      2.79804 -7.77527e-05
log_fdov[1](10)      1.37506 -6.81804e-05
log_fdov[1](11)      1.59022 -4.12125e-05
log_fdov[1](12)     0.754642  9.34152e-06
log_fdov[1](13)     0.758809 -2.77755e-06
log_fdov[1](14)    -0.592115  1.08002e-05
log_fdov[1](15)      1.12073    3.021e-05
log_fdov[1](16)      1.38099  2.76758e-05
log_fdov[1](17)     -1.77692  4.46881e-05
log_fdov[1](18)    -0.210051  1.05655e-05
log_fdov[1](19)     -2.24422 -6.71545e-05
log_fdov[1](20)    0.0600271 -4.08647e-05
log_fdov[1](21)     -2.10286 -6.11715e-05
log_fdov[1](22)     -2.05611 -7.04704e-05
log_fdov[1](23)      -1.0503 -1.57805e-05
log_fdov[1](24)    -0.453591 -1.72001e-05
log_fdov[1](25)     -2.56453  -9.6323e-06
log_fdov[1](26)    -0.296274 -3.67753e-05
log_fdov[1](27)    0.0822613  -7.5188e-05
log_fdov[1](28)      0.27706 -1.33728e-05
log_fdov[1](29)     0.300986   2.3932e-05
log_fdov[1](30)      2.57776  3.72142e-05
log_fdov[1](31)     0.764863  2.53261e-05
log_fdov[1](32)      1.19297  1.03136e-05
log_fdov[1](33)      1.85313  6.83118e-07
log_fdov[1](34)     0.867449 -3.58859e-05
log_fdov[1](35)      0.12098 -6.97069e-05
log_fdov[1](36)    -0.127207 -1.81042e-05
log_fdov[1](37)     -1.01263 -1.77165e-05
log_fdov[1](38)     -1.31466 -2.39226e-05
log_fdov[1](39)     -4.41216 -2.49026e-05
log_fdov[1](40)     -4.67573 -2.65156e-05
log_fdov[1](41)     -4.85296  2.58092e-05
rec_dev_est(1982)     0.544569 -0.000339607
rec_dev_est(1983)     0.253317 -0.000331093
rec_dev_est(1984)      1.09372 -0.000302578
rec_dev_est(1985)       1.9476 -0.000477803
rec_dev_est(1986)      1.08608 -8.11836e-05
rec_dev_est(1987)     0.492299 -7.26397e-05
rec_dev_est(1988)    -0.279613 -5.44162e-05
rec_dev_est(1989)    -0.251074  0.000127399
rec_dev_est(1990)     0.405969 -6.42572e-05
rec_dev_est(1991)      1.13014 -0.000451633
rec_dev_est(1992)    -0.199252   1.8625e-05
rec_dev_est(1993)   -0.0975579  -2.6215e-05
rec_dev_est(1994)    -0.840596  0.000120814
rec_dev_est(1995)      -1.1222  0.000193592
rec_dev_est(1996)     -0.25217  6.58658e-05
rec_dev_est(1997)    -0.739797  0.000144366
rec_dev_est(1998)    -0.357313 -0.000152441
rec_dev_est(1999)    -0.592916 -0.000253276
rec_dev_est(2000)     -1.69564 -5.43498e-05
rec_dev_est(2001)   -0.0407918 -0.000615561
rec_dev_est(2002)      1.39055 -0.000252033
rec_dev_est(2003)    -0.182638 -0.000275706
rec_dev_est(2004)     0.237325 -0.000131046
rec_dev_est(2005)     -0.49556  -3.9072e-05
rec_dev_est(2006)      -1.1861  3.66716e-05
rec_dev_est(2007)     0.101612 -9.98999e-05
rec_dev_est(2008)     0.656471 -0.000182933
rec_dev_est(2009)    -0.897681 -3.59751e-05
rec_dev_est(2010)    -0.582275  0.000198171
rec_dev_est(2011)    -0.829593  0.000261545
rec_dev_est(2012)    -0.311075  0.000372287
rec_dev_est(2013)    -0.782283 -5.44968e-05
rec_dev_est(2014)     0.618908  0.000202548
rec_dev_est(2015)     0.158569  0.000116825
rec_dev_est(2016)    0.0770239  0.000129136
rec_dev_est(2017)     -1.27028 -9.65209e-06
rec_dev_est(2018)     -1.43414 -2.58043e-05
rec_dev_est(2019)    -0.870277  3.20858e-05
rec_dev_est(2020)     0.395108 -5.58314e-05
rec_dev_est(2021)     0.437423  1.14912e-06
rec_dev_est(2022)      1.35443 -4.74916e-05
rec_dev_est(2023)    -0.134107 -2.48996e-05
rec_dev_est(2024)    -0.527098  2.98321e-05
logit_rec_prop_est(1982)      3.03809  -0.00015457
logit_rec_prop_est(1983)      1.76551  0.000142332
logit_rec_prop_est(1984)     0.269533  -0.00148011
logit_rec_prop_est(1985)    -0.192806 -0.000864121
logit_rec_prop_est(1986)     -3.43151 -0.000125385
logit_rec_prop_est(1987)     0.336299  0.000755756
logit_rec_prop_est(1988)     0.598815  0.000557034
logit_rec_prop_est(1989)     0.288428 -0.000177272
logit_rec_prop_est(1990)      1.51828 -0.000845838
logit_rec_prop_est(1991)      1.85394 -0.000858576
logit_rec_prop_est(1992)    -0.251735 -0.000276171
logit_rec_prop_est(1993)    -0.497057  0.000202505
logit_rec_prop_est(1994)     -1.02066  0.000422522
logit_rec_prop_est(1995)    -0.323509  0.000487186
logit_rec_prop_est(1996)     -2.05802   0.00123807
logit_rec_prop_est(1997)      3.35878  0.000101035
logit_rec_prop_est(1998)    -0.690527 -0.000138595
logit_rec_prop_est(1999)     0.520081 -0.000524201
logit_rec_prop_est(2000)    -0.130452  -0.00017003
logit_rec_prop_est(2001)      2.04978 -0.000323027
logit_rec_prop_est(2002)     -1.63196  -0.00153786
logit_rec_prop_est(2003)      1.67351 -0.000325252
logit_rec_prop_est(2004)     0.987959 -0.000297894
logit_rec_prop_est(2005)   -0.0308775 -0.000171039
logit_rec_prop_est(2006)    -0.202577 -0.000262012
logit_rec_prop_est(2007)    -0.290253 -0.000146552
logit_rec_prop_est(2008)     -0.56266  -0.00102663
logit_rec_prop_est(2009)    -0.490866  7.04472e-05
logit_rec_prop_est(2010)    -0.675021   0.00115652
logit_rec_prop_est(2011)       -1.243  0.000994912
logit_rec_prop_est(2012)    -0.761664  0.000800383
logit_rec_prop_est(2013)    0.0381744  0.000387338
logit_rec_prop_est(2014)     0.342711  0.000719846
logit_rec_prop_est(2015)     -1.95543  0.000710977
logit_rec_prop_est(2016)     -1.21409  0.000303725
logit_rec_prop_est(2017)     -3.60008 -7.60672e-05
logit_rec_prop_est(2018)     -3.41726  -0.00024884
logit_rec_prop_est(2019)       1.7228 -3.59396e-05
logit_rec_prop_est(2020)    -0.374003  3.23314e-05
logit_rec_prop_est(2021)     0.310925 -0.000104503
logit_rec_prop_est(2022)     0.114821  0.000328911
logit_rec_prop_est(2023)      1.89892 -0.000106044
logit_rec_prop_est(2024)      2.35866 -0.000424186
