ParName   Value   Gradient
T_pars_est[3]       13.711  -0.00172045
T_pars_est[11]      8.53076 -2.02094e-05
T_pars_est[12]      8.54527  4.50079e-05
T_pars_est[13]      8.60741 -1.65508e-05
T_pars_est[14]      8.84917  1.60026e-05
T_pars_est[15]      9.33914 -1.02223e-05
T_pars_est[16]      10.0447  4.41401e-05
T_pars_est[17]      10.7968 -5.08563e-05
T_pars_est[18]      11.1932  2.29191e-05
T_pars_est[19]      11.2461 -1.81411e-06
T_pars_est[20]      11.2968 -1.84164e-05
T_pars_est[21]      11.3059  4.89006e-06
T_pars_est[22]      11.0786  5.29289e-06
T_pars_est[23]      10.7602  5.30124e-05
T_pars_est[24]      10.5228  -1.8935e-05
T_pars_est[25]      10.7001 -4.52273e-05
T_pars_est[26]      11.4999 -0.000174634
T_pars_est[27]      11.0354  -0.00024856
T_pars_est[28]      10.0941 -0.000120297
T_pars_est[29]      9.11046 -7.06461e-05
T_pars_est[30]      8.13934  1.55214e-05
T_pars_est[31]      7.31718  2.27384e-05
T_pars_est[32]      6.88745 -3.32055e-07
T_pars_est[33]      11.8487  0.000209858
T_pars_est[34]      12.3434  0.000154137
T_pars_est[35]      12.9639  0.000152434
T_pars_est[36]      13.4673  0.000222389
T_pars_est[37]      12.6685  0.000115849
T_pars_est[38]      12.8178  0.000163124
T_pars_est[39]      12.7398  0.000179225
T_pars_est[40]      12.5451  0.000175042
T_pars_est[41]      12.3964  0.000179816
T_pars_est[42]      11.7868  0.000140594
T_pars_est[43]      11.0459  4.10249e-05
T_pars_est[44]        10.82 -1.73151e-05
T_pars_est[45]       10.912  2.41783e-05
T_pars_est[46]      10.1953  5.55794e-06
T_pars_est[47]      8.92476  7.99567e-05
T_pars_est[48]      7.85835 -6.01098e-05
T_pars_est[49]      7.06396 -2.43385e-05
T_pars_est[50]      6.50859  5.49566e-06
T_pars_est[51]      6.10662 -1.38377e-05
T_pars_est[52]      5.81305  2.37897e-05
T_pars_est[53]      5.61238 -2.27088e-05
T_pars_est[54]      5.51009  1.82562e-05
T_pars_est[55]      9.81304  -1.6944e-05
T_pars_est[56]      9.87777  -3.7003e-05
T_pars_est[57]      10.2408 -2.38327e-05
T_pars_est[58]      11.5213  1.10443e-05
T_pars_est[59]      13.2292  9.51711e-05
T_pars_est[60]      13.9148 -8.85433e-05
T_pars_est[61]      13.2399 -0.000137439
T_pars_est[62]      12.2191 -9.72841e-05
T_pars_est[63]      11.0745 -5.04353e-05
T_pars_est[64]        9.951 -6.78565e-05
T_pars_est[65]      9.21409 -8.06962e-05
T_pars_est[66]      8.79785  -0.00012537
T_pars_est[67]      8.55512  -2.3988e-05
T_pars_est[68]      8.44298 -9.60483e-05
T_pars_est[69]      8.31084 -5.54793e-05
T_pars_est[70]      8.14139 -2.46964e-05
T_pars_est[71]      7.96174   -7.063e-05
T_pars_est[72]      7.79357 -2.48166e-05
T_pars_est[73]      7.63837   7.4859e-05
T_pars_est[74]      7.49986  -7.9018e-06
T_pars_est[75]      7.40049  8.78985e-05
T_pars_est[76]      7.34425  3.09553e-05
T_pars_est[77]     -15.2348  3.08659e-05
T_pars_est[78]     -15.3431 -2.11968e-05
T_pars_est[79]     -15.5292 -1.39642e-05
T_pars_est[80]     -15.0323  2.93308e-05
T_pars_est[81]     -14.0438  1.25353e-05
T_pars_est[82]     -13.3199  2.83384e-05
T_pars_est[83]     -14.4235  2.58547e-05
T_pars_est[84]     -15.5266  -2.0675e-05
T_pars_est[85]     -16.3747 -9.98205e-06
T_pars_est[86]     -17.0311 -5.47713e-05
T_pars_est[87]     -17.4935  3.37869e-05
T_pars_est[88]     -17.8377 -1.81225e-05
T_pars_est[89]     -18.1101  3.96722e-06
T_pars_est[90]     -18.3385 -9.58274e-07
T_pars_est[91]     -18.5362  -1.7881e-06
T_pars_est[92]     -18.7102  6.95177e-06
T_pars_est[93]     -18.8641 -1.39945e-05
log_fbar[1]     0.020578  -0.00152288
log_fbar[2]     -5.58058  0.000314654
log_fdev[1](1)      -1.3853 -0.000534628
log_fdev[1](2)     -1.72119 -0.000228023
log_fdev[1](3)     -1.16832 -3.21548e-05
log_fdev[1](4)     -0.82933  8.53624e-05
log_fdev[1](5)    -0.654658 -0.000152645
log_fdev[1](6)    -0.228196  0.000491417
log_fdev[1](7)    -0.184901  0.000641765
log_fdev[1](8)    -0.153183 -0.000731214
log_fdev[1](9)     0.808588 -0.000554304
log_fdev[1](10)      0.26127 -0.000232323
log_fdev[1](11)     0.594325 -6.32324e-05
log_fdev[1](12)     0.728336  0.000115071
log_fdev[1](13)     0.348326  0.000268308
log_fdev[1](14)     0.713412 -0.000158547
log_fdev[1](15)     0.620613 -0.000125415
log_fdev[1](16)     0.320346 -1.75451e-05
log_fdev[1](17)      1.03181  0.000304584
log_fdev[1](18)    -0.377344  1.83597e-05
log_fdev[1](19)    -0.493424  6.25427e-05
log_fdev[1](20)     0.119136  0.000241782
log_fdev[1](21)     0.211119 -0.000201389
log_fdev[1](22)    -0.525917  5.35293e-05
log_fdev[1](23)    -0.806113  0.000177467
log_fdev[1](24)    -0.964822  4.18941e-05
log_fdev[1](25)    -0.384183 -0.000189498
log_fdev[1](26)    0.0176265 -4.96817e-05
log_fdev[1](27)    -0.251897 -0.000156453
log_fdev[1](28)    -0.615974  4.60323e-05
log_fdev[1](29)    -0.766599 -0.000214532
log_fdev[1](30)    -0.181754 -0.000515878
log_fdev[1](31)     0.338192  -0.00034912
log_fdev[1](32)     0.685482  9.89897e-05
log_fdev[1](33)      1.06231 -2.94902e-05
log_fdev[1](34)       1.1632  3.26285e-05
log_fdev[1](35)     0.735996  0.000228017
log_fdev[1](36)     0.795839 -0.000466641
log_fdev[1](37)      1.40301 -0.000197632
log_fdev[1](38)      1.49881 -0.000120342
log_fdev[1](39)      1.18254  0.000185911
log_fdev[1](40)     -1.37741   0.00024701
log_fdev[1](41)     -1.56976 -0.000421659
log_fdev[2](1)     0.338023  3.98425e-05
log_fdev[2](2)     0.293957  4.34745e-05
log_fdev[2](3)    0.0970995  6.97044e-05
log_fdev[2](4)   -0.0865367 -4.11463e-05
log_fdev[2](5)     -9.01997  2.01503e-05
log_fdev[2](6)     -4.89728  1.25238e-05
log_fdev[2](7)     -5.34827 -4.52326e-06
log_fdev[2](8)     -1.51656 -5.52771e-06
log_fdev[2](9)    -0.329951   3.0749e-05
log_fdev[2](10)      2.18673 -2.54063e-05
log_fdev[2](11)       1.6564  1.03364e-05
log_fdev[2](12)      1.40624 -4.22792e-05
log_fdev[2](13)      1.19203  5.16727e-05
log_fdev[2](14)      1.59922  1.32638e-05
log_fdev[2](15)      1.39853  1.48741e-05
log_fdev[2](16)     0.632676  2.24762e-05
log_fdev[2](17)     0.829129  2.93357e-05
log_fdev[2](18)     0.337645 -1.18861e-05
log_fdev[2](19)     0.515876 -2.11363e-05
log_fdev[2](20)      0.46279 -2.34929e-05
log_fdev[2](21)  -0.00362907  2.96561e-05
log_fdev[2](22)    0.0259604 -1.00512e-05
log_fdev[2](23)    0.0222688  7.45199e-06
log_fdev[2](24)   0.00147642 -2.23865e-05
log_fdev[2](25)     0.660914 -2.26746e-05
log_fdev[2](26)      0.41525  3.32882e-05
log_fdev[2](27)    -0.183756  8.91448e-05
log_fdev[2](28)     0.420771 -1.01594e-05
log_fdev[2](29)    -0.775349 -9.88493e-06
log_fdev[2](30)    -0.546489 -2.47959e-05
log_fdev[2](31)   -0.0667579  2.37587e-05
log_fdev[2](32)      0.17929  7.01925e-06
log_fdev[2](33)      1.70247  7.06285e-05
log_fdev[2](34)      3.00169  -1.3714e-05
log_fdev[2](35)    -0.644212  6.39599e-05
log_fdev[2](36)     0.426692    7.121e-06
log_fdev[2](37)      1.76803  2.98023e-05
log_fdev[2](38)     0.995978  7.53003e-05
log_fdev[2](39)     0.892627  9.27587e-05
log_fdev[2](40)     0.285242  2.03457e-05
log_fdev[2](41)    -0.460186  5.97874e-05
log_fdev[2](42)     0.185349 -3.91149e-05
log_fdev[2](43)   -0.0513957  1.48029e-05
log_foff[1]     -6.78246  -0.00124389
log_fdov[1](1)      1.37489 -0.000235647
log_fdov[1](2)      1.62725 -6.08104e-05
log_fdov[1](3)      1.33681 -6.25987e-06
log_fdov[1](4)      1.24977   2.4864e-05
log_fdov[1](5)      2.03251  5.97062e-05
log_fdov[1](6)      1.27711  0.000131641
log_fdov[1](7)      0.68959 -3.59868e-05
log_fdov[1](8)     0.931553 -0.000376391
log_fdov[1](9)      3.62494 -0.000328642
log_fdov[1](10)      2.00923 -0.000113878
log_fdov[1](11)      1.72924  4.47853e-05
log_fdov[1](12)     0.707796  0.000151584
log_fdov[1](13)     0.724024  9.22051e-05
log_fdov[1](14)    -0.817148  1.45425e-05
log_fdov[1](15)     0.988158  3.69858e-05
log_fdov[1](16)      1.47709  7.80739e-05
log_fdov[1](17)     -1.55377  0.000128971
log_fdov[1](18)  -0.00603453  7.45006e-05
log_fdov[1](19)     -2.14178  0.000101143
log_fdov[1](20)     0.156918  0.000158011
log_fdov[1](21)     -1.95437  2.03749e-05
log_fdov[1](22)     -1.89634  3.31259e-05
log_fdov[1](23)     -1.00283  0.000137045
log_fdov[1](24)    -0.458308   5.2699e-05
log_fdov[1](25)      -2.5516 -5.37404e-05
log_fdov[1](26)    -0.218799 -3.59856e-05
log_fdov[1](27)     0.205708 -0.000112339
log_fdov[1](28)     0.423149  1.35732e-05
log_fdov[1](29)     0.469925  4.45322e-05
log_fdov[1](30)      2.52211 -3.21304e-05
log_fdov[1](31)     0.427268  1.65054e-05
log_fdov[1](32)     0.825501  5.13735e-05
log_fdov[1](33)      1.56022 -9.54463e-06
log_fdov[1](34)     0.693678 -1.42582e-05
log_fdov[1](35)   -0.0365604 -0.000117596
log_fdov[1](36)    -0.324585   -0.0002594
log_fdov[1](37)     -1.17999 -0.000231215
log_fdov[1](38)     -1.25312 -0.000177421
log_fdov[1](39)     -4.14661 -1.59864e-05
log_fdov[1](40)     -4.42298 -7.24299e-05
log_fdov[1](41)      -5.0996 -1.84133e-05
rec_dev_est(1982)     0.669864  0.000421531
rec_dev_est(1983)    0.0855993 -0.000246029
rec_dev_est(1984)      1.66409 -0.000649623
rec_dev_est(1985)      1.44126  -0.00111795
rec_dev_est(1986)    -0.846115 -2.21346e-05
rec_dev_est(1987)    -0.195798  0.000291533
rec_dev_est(1988)      1.48455  0.000345385
rec_dev_est(1989)    -0.494981 -0.000170549
rec_dev_est(1990)     0.731015   0.00014066
rec_dev_est(1991)      1.41839  0.000435195
rec_dev_est(1992)    -0.326558 -6.13236e-05
rec_dev_est(1993)    -0.513315  0.000252283
rec_dev_est(1994)     -1.73791 -9.63522e-05
rec_dev_est(1995)      -1.5324 -1.63076e-05
rec_dev_est(1996)   -0.0191551   0.00011749
rec_dev_est(1997)    -0.134202  -0.00010682
rec_dev_est(1998)    -0.610327 -0.000121187
rec_dev_est(1999)    -0.818768 -0.000166493
rec_dev_est(2000)    -0.805997 -7.92867e-05
rec_dev_est(2001)     0.132928 -0.000390067
rec_dev_est(2002)      1.44303 -0.000102283
rec_dev_est(2003)     0.134988 -0.000760241
rec_dev_est(2004)     0.253247 -0.000980107
rec_dev_est(2005)    -0.682872 -0.000391532
rec_dev_est(2006)    -0.862135 -7.85245e-05
rec_dev_est(2007)    -0.337453  0.000266939
rec_dev_est(2008)      1.46748   0.00120522
rec_dev_est(2009)      -0.3745  7.48177e-05
rec_dev_est(2010)    -0.482289  0.000558317
rec_dev_est(2011)     -1.16017 -0.000126843
rec_dev_est(2012)    -0.785409 -1.60681e-06
rec_dev_est(2013)     0.129787  4.14001e-05
rec_dev_est(2014)     0.673987  0.000809862
rec_dev_est(2015)   -0.0914302  0.000181115
rec_dev_est(2016)    -0.671538 -8.94958e-05
rec_dev_est(2017)    -0.926418 -7.37603e-05
rec_dev_est(2018)     -1.03056 -1.29254e-05
rec_dev_est(2019)    -0.697111 -0.000141957
rec_dev_est(2020)     0.608044 -0.000214688
rec_dev_est(2021)     0.914004  3.99413e-05
rec_dev_est(2022)       1.2238 -4.16053e-05
rec_dev_est(2023)    -0.589389 -1.54343e-05
rec_dev_est(2024)     -1.33331 -1.11816e-05
logit_rec_prop_est(1982)      3.00783   -0.0002561
logit_rec_prop_est(1983)      4.10674  -0.00153315
logit_rec_prop_est(1984)    -0.818146  -0.00107088
logit_rec_prop_est(1985)      1.90288  0.000231232
logit_rec_prop_est(1986)     0.307879 -0.000236215
logit_rec_prop_est(1987)      2.72757 -0.000628477
logit_rec_prop_est(1988)     -1.07028   0.00120967
logit_rec_prop_est(1989)    -0.803241  6.26271e-05
logit_rec_prop_est(1990)    -0.686269  -0.00110394
logit_rec_prop_est(1991)      2.18621 -0.000847125
logit_rec_prop_est(1992)    -0.218921 -0.000118979
logit_rec_prop_est(1993)     0.497955  0.000151369
logit_rec_prop_est(1994)      2.96294 -0.000407437
logit_rec_prop_est(1995)      4.56058 -0.000946004
logit_rec_prop_est(1996)     -4.98902 -0.000484489
logit_rec_prop_est(1997)     0.459326 -0.000767804
logit_rec_prop_est(1998)     0.147432 -0.000252528
logit_rec_prop_est(1999)      2.21358 -0.000751102
logit_rec_prop_est(2000)     -4.62416 -0.000324617
logit_rec_prop_est(2001)      2.16398  -0.00163735
logit_rec_prop_est(2002)     -1.56206  -0.00150793
logit_rec_prop_est(2003)     0.360842  -0.00199741
logit_rec_prop_est(2004)      2.27562   -0.0019858
logit_rec_prop_est(2005)      1.83904  -0.00125665
logit_rec_prop_est(2006)     -2.88694 -0.000244143
logit_rec_prop_est(2007)     0.821311   0.00111206
logit_rec_prop_est(2008)      -1.4362   0.00862022
logit_rec_prop_est(2009)     -1.13279  0.000912603
logit_rec_prop_est(2010)    -0.662332   0.00340846
logit_rec_prop_est(2011)    -0.540135  4.69313e-05
logit_rec_prop_est(2012)     0.210831   0.00104731
logit_rec_prop_est(2013)     -1.81918   0.00145511
logit_rec_prop_est(2014)     0.455992    0.0045253
logit_rec_prop_est(2015)    -0.581997  0.000319491
logit_rec_prop_est(2016)     -0.60449 -0.000956736
logit_rec_prop_est(2017)     -5.49792 -0.000716678
logit_rec_prop_est(2018)     -5.25022 -0.000701203
logit_rec_prop_est(2019)    -0.927346  -0.00091743
logit_rec_prop_est(2020)     0.732498 -0.000837055
logit_rec_prop_est(2021)     -0.89725 -0.000449643
logit_rec_prop_est(2022)     0.182173 -0.000236938
logit_rec_prop_est(2023)     0.712757 -0.000403169
logit_rec_prop_est(2024)      2.17292 -0.000340091
