ParName   Value   Gradient
T_pars_est[3]      13.5565   0.00347524
T_pars_est[11]      8.39901  6.53281e-05
T_pars_est[12]      8.40858  0.000176043
T_pars_est[13]      8.46127 -9.50733e-05
T_pars_est[14]      8.73887 -5.84298e-05
T_pars_est[15]      9.28653 -6.99595e-05
T_pars_est[16]      10.0342 -0.000137504
T_pars_est[17]      10.8055   0.00018666
T_pars_est[18]      11.1945  7.00611e-05
T_pars_est[19]      11.2558  6.17162e-05
T_pars_est[20]      11.3215 -0.000304487
T_pars_est[21]      11.3403  0.000190804
T_pars_est[22]      11.1128 -8.93909e-05
T_pars_est[23]      10.7857  7.99894e-05
T_pars_est[24]      10.5406  0.000119244
T_pars_est[25]      10.7134 -0.000428739
T_pars_est[26]      11.5109  0.000176239
T_pars_est[27]       11.046  0.000192329
T_pars_est[28]       10.108 -0.000182646
T_pars_est[29]      9.12438  1.84683e-05
T_pars_est[30]      8.15103  0.000489562
T_pars_est[31]      7.32593  -0.00161547
T_pars_est[32]      6.89296 -0.000610044
T_pars_est[33]      14.7834 -0.000443372
T_pars_est[34]      13.5928  0.000395457
T_pars_est[35]      13.0138 -0.000382012
T_pars_est[36]      13.1609 -0.000349219
T_pars_est[37]      12.8057 -0.000100979
T_pars_est[38]      12.9506  0.000309847
T_pars_est[39]      12.7485  0.000476525
T_pars_est[40]      12.5071  0.000231488
T_pars_est[41]      12.3672  0.000577629
T_pars_est[42]       11.733   0.00190498
T_pars_est[43]      11.0044   0.00177783
T_pars_est[44]      10.7859  0.000634485
T_pars_est[45]      10.8879  0.000950082
T_pars_est[46]      10.1903  0.000123338
T_pars_est[47]      8.92269   0.00132157
T_pars_est[48]      7.85318 -0.000807118
T_pars_est[49]      7.05619  -0.00060401
T_pars_est[50]      6.49864  0.000454308
T_pars_est[51]      6.09571   5.6588e-05
T_pars_est[52]      5.80212 -7.38284e-05
T_pars_est[53]      5.60194  0.000615543
T_pars_est[54]      5.50006 -0.000669226
T_pars_est[55]      9.82002  8.04115e-05
T_pars_est[56]      9.87109  2.54704e-05
T_pars_est[57]      10.1711 -4.62017e-05
T_pars_est[58]       11.429  0.000456539
T_pars_est[59]      13.2173 -0.000465493
T_pars_est[60]      13.9556  0.000233274
T_pars_est[61]      13.3105  0.000177537
T_pars_est[62]       12.254  0.000122977
T_pars_est[63]      11.1033  -0.00012584
T_pars_est[64]      9.99415  0.000417932
T_pars_est[65]      9.26166  0.000161238
T_pars_est[66]      8.84227 -0.000608676
T_pars_est[67]      8.61718   0.00105701
T_pars_est[68]      8.50109 -0.000452531
T_pars_est[69]      8.36126   0.00108259
T_pars_est[70]      8.18621 -0.000536471
T_pars_est[71]      8.00132   0.00140657
T_pars_est[72]      7.82942 -0.000446302
T_pars_est[73]      7.66901 -7.29645e-05
T_pars_est[74]      7.52691 -0.000823496
T_pars_est[75]      7.42494  7.51586e-05
T_pars_est[76]      7.36784  0.000744228
T_pars_est[77]     -15.2348 -0.000135887
T_pars_est[78]     -15.3431  0.000468819
T_pars_est[79]     -15.5292 -0.000195545
T_pars_est[80]     -15.0323  0.000146128
T_pars_est[81]     -14.0438  -0.00014864
T_pars_est[82]     -13.3199  3.35072e-06
T_pars_est[83]     -14.4235 -0.000256931
T_pars_est[84]     -15.5266  0.000510268
T_pars_est[85]     -16.3747 -4.45973e-06
T_pars_est[86]     -17.0311  0.000242214
T_pars_est[87]     -17.4935  3.37192e-05
T_pars_est[88]     -17.8377  0.000147986
T_pars_est[89]     -18.1101 -2.09368e-05
T_pars_est[90]     -18.3385 -0.000179065
T_pars_est[91]     -18.5362 -0.000123139
T_pars_est[92]     -18.7102 -0.000263463
T_pars_est[93]     -18.8641  0.000432478
log_fbar[1]     0.014343   0.00798153
log_fbar[2]     -5.57585 -0.000233178
log_fdev[1](1)      -1.3902 -0.000236084
log_fdev[1](2)     -1.70729   0.00325644
log_fdev[1](3)     -1.14428   0.00258628
log_fdev[1](4)    -0.818181   0.00184735
log_fdev[1](5)    -0.672387 -0.000674835
log_fdev[1](6)    -0.351461 -0.000477359
log_fdev[1](7)    -0.192715   0.00017745
log_fdev[1](8)   -0.0410941    0.0010137
log_fdev[1](9)     0.870898 -0.000209599
log_fdev[1](10)     0.265955  -0.00020668
log_fdev[1](11)     0.605049  0.000182403
log_fdev[1](12)     0.822333 -0.000176119
log_fdev[1](13)     0.390794 -0.000266631
log_fdev[1](14)      0.72036  0.000314056
log_fdev[1](15)     0.664465  0.000216025
log_fdev[1](16)     0.357116   0.00031902
log_fdev[1](17)      1.04807  0.000134647
log_fdev[1](18)    -0.413367  0.000830342
log_fdev[1](19)    -0.469246  0.000602317
log_fdev[1](20)     0.200393  0.000100961
log_fdev[1](21)     0.162149  3.84169e-05
log_fdev[1](22)    -0.529414 -1.72328e-05
log_fdev[1](23)    -0.793383  0.000197461
log_fdev[1](24)    -0.940727  0.000136274
log_fdev[1](25)    -0.342813  0.000196784
log_fdev[1](26)    0.0499184  0.000374192
log_fdev[1](27)    -0.306654  0.000122732
log_fdev[1](28)    -0.690298  0.000140395
log_fdev[1](29)    -0.790404  0.000128216
log_fdev[1](30)    -0.171144  0.000331273
log_fdev[1](31)     0.354641  0.000395026
log_fdev[1](32)     0.718378  0.000603022
log_fdev[1](33)      1.08208  0.000451989
log_fdev[1](34)      1.15037    0.0003067
log_fdev[1](35)      0.71825  0.000133333
log_fdev[1](36)     0.775465  0.000129868
log_fdev[1](37)      1.36307  9.04381e-05
log_fdev[1](38)      1.50309  0.000267056
log_fdev[1](39)       1.2232   2.3057e-05
log_fdev[1](40)      -1.3842   -0.0010632
log_fdev[1](41)     -1.89679  0.000702388
log_fdev[2](1)     0.321261   -0.0003265
log_fdev[2](2)     0.293385  8.85319e-05
log_fdev[2](3)     0.103347    3.715e-05
log_fdev[2](4)   -0.0964068  3.27602e-05
log_fdev[2](5)     -9.06328 -1.65129e-05
log_fdev[2](6)     -4.99396 -2.02357e-05
log_fdev[2](7)     -5.35057 -4.06957e-05
log_fdev[2](8)     -1.45339  3.01023e-05
log_fdev[2](9)    -0.301562   5.2101e-05
log_fdev[2](10)      2.18612 -8.64441e-05
log_fdev[2](11)      1.67838  3.07713e-05
log_fdev[2](12)      1.46324 -9.53141e-05
log_fdev[2](13)      1.19128 -3.87577e-05
log_fdev[2](14)      1.57274  6.23039e-05
log_fdev[2](15)      1.40189  0.000167317
log_fdev[2](16)     0.644891  0.000139036
log_fdev[2](17)     0.815614  4.41181e-05
log_fdev[2](18)     0.302409  8.73356e-05
log_fdev[2](19)     0.526866  0.000133785
log_fdev[2](20)     0.485561  0.000122536
log_fdev[2](21)   -0.0451011  3.63296e-05
log_fdev[2](22)    0.0116666  9.51437e-06
log_fdev[2](23)    0.0260546  2.99405e-05
log_fdev[2](24)    0.0336593 -1.03707e-05
log_fdev[2](25)     0.709011 -3.08264e-05
log_fdev[2](26)     0.426373 -1.01528e-05
log_fdev[2](27)    -0.245246  0.000108521
log_fdev[2](28)     0.351979    0.0001659
log_fdev[2](29)     -0.80273  6.53648e-05
log_fdev[2](30)    -0.523121 -4.14408e-05
log_fdev[2](31)  -0.00416518 -4.76098e-05
log_fdev[2](32)     0.249803 -1.76975e-06
log_fdev[2](33)      1.75663 -2.80267e-05
log_fdev[2](34)       3.0591 -4.43721e-05
log_fdev[2](35)    -0.578095 -0.000173986
log_fdev[2](36)     0.483131  -4.0256e-06
log_fdev[2](37)      1.81082  0.000173776
log_fdev[2](38)      1.05157  0.000122045
log_fdev[2](39)     0.953359 -1.19855e-05
log_fdev[2](40)     0.293268 -0.000160915
log_fdev[2](41)    -0.532136 -0.000126417
log_fdev[2](42)    0.0290763  3.02435e-05
log_fdev[2](43)     -0.24272  0.000158953
log_foff[1]     -6.70747   0.00572047
log_fdov[1](1)      1.26972  0.000237478
log_fdov[1](2)      1.50323  0.000722308
log_fdov[1](3)      1.20104  0.000421184
log_fdov[1](4)         1.07  0.000658052
log_fdov[1](5)      1.57528  0.000278857
log_fdov[1](6)      1.18785  0.000146074
log_fdov[1](7)     0.534331  0.000144826
log_fdov[1](8)     0.350821  0.000346603
log_fdov[1](9)      2.99444 -3.12965e-05
log_fdov[1](10)      1.65793 -3.68163e-05
log_fdov[1](11)      1.69744 -1.31942e-05
log_fdov[1](12)     0.721034  0.000289244
log_fdov[1](13)     0.602324  0.000339614
log_fdov[1](14)     -1.24028  0.000160284
log_fdov[1](15)     0.459824  0.000179895
log_fdov[1](16)     0.934357  0.000409932
log_fdov[1](17)     -2.09983  0.000453964
log_fdov[1](18)    -0.366933   0.00043126
log_fdov[1](19)      -2.3272 -8.83346e-05
log_fdov[1](20)   -0.0569076 -9.15545e-07
log_fdov[1](21)     -2.10959  3.37643e-05
log_fdov[1](22)     -2.10947  0.000253777
log_fdov[1](23)     -1.23592   0.00031393
log_fdov[1](24)    -0.416376  0.000356647
log_fdov[1](25)     -2.22016  0.000310273
log_fdov[1](26)    -0.040299  0.000597276
log_fdov[1](27)     0.209704  0.000241789
log_fdov[1](28)     0.379222 -3.19824e-07
log_fdov[1](29)     0.414375  0.000153545
log_fdov[1](30)      2.74127  0.000442574
log_fdov[1](31)     0.984109  0.000430639
log_fdov[1](32)      1.44504  0.000460572
log_fdov[1](33)      2.19571  0.000202177
log_fdov[1](34)      1.32057   0.00016456
log_fdov[1](35)     0.603678  0.000431174
log_fdov[1](36)     0.247312  0.000395608
log_fdov[1](37)    -0.780486 -6.67107e-05
log_fdov[1](38)    -0.934791   2.3466e-05
log_fdov[1](39)     -3.83645  0.000114131
log_fdov[1](40)     -3.95608  9.39244e-05
log_fdov[1](41)     -4.56985  0.000313747
rec_dev_est(1982)    -0.428934  0.000320435
rec_dev_est(1983)     0.855512 -0.000454122
rec_dev_est(1984)      1.35864 -0.000990168
rec_dev_est(1985)      2.16774 -0.000558665
rec_dev_est(1986)     -0.24846 -0.000971318
rec_dev_est(1987)  -0.00285242  -0.00159729
rec_dev_est(1988)      1.17549  0.000361247
rec_dev_est(1989)    -0.769956  0.000440377
rec_dev_est(1990)      0.38672 -0.000145594
rec_dev_est(1991)      2.12354   0.00210218
rec_dev_est(1992)   -0.0817153  8.07154e-05
rec_dev_est(1993)    0.0517477   0.00143266
rec_dev_est(1994)     -1.28998   0.00193079
rec_dev_est(1995)     -1.63228   -0.0003103
rec_dev_est(1996)    -0.664296 -0.000763028
rec_dev_est(1997)   -0.0853296  0.000361729
rec_dev_est(1998)    -0.134571 -0.000330444
rec_dev_est(1999)    -0.328451 -7.30985e-05
rec_dev_est(2000)     -1.44962  0.000206012
rec_dev_est(2001)     0.657871 -0.000131427
rec_dev_est(2002)     0.841395  0.000606642
rec_dev_est(2003)     0.499872   0.00222871
rec_dev_est(2004)     0.996968 -0.000664572
rec_dev_est(2005)     -0.39017  -0.00165695
rec_dev_est(2006)     -1.17687  0.000601069
rec_dev_est(2007)   -0.0312508  0.000374719
rec_dev_est(2008)     0.719305  0.000170352
rec_dev_est(2009)    -0.732841  0.000329968
rec_dev_est(2010)    -0.828531  -0.00235563
rec_dev_est(2011)     -1.11673  0.000660074
rec_dev_est(2012)    -0.612333  0.000598192
rec_dev_est(2013)    -0.694688  0.000670348
rec_dev_est(2014)     0.938646  0.000251751
rec_dev_est(2015)    -0.239657 -0.000767499
rec_dev_est(2016)    -0.445364  -0.00161707
rec_dev_est(2017)      -1.9807 -0.000211446
rec_dev_est(2018)     -1.92965   0.00110043
rec_dev_est(2019)    -0.491149  0.000653381
rec_dev_est(2020)      0.92127  7.77038e-05
rec_dev_est(2021)     0.537181  7.10487e-05
rec_dev_est(2022)      1.37609  5.21763e-05
rec_dev_est(2023)    -0.243301  0.000436547
rec_dev_est(2024)     -1.15297 -0.000115752
