ParName   Value   Gradient
T_pars_est[3]      13.8006  0.000720682
T_pars_est[11]      9.41639  3.76772e-06
T_pars_est[12]      9.42774 -1.64973e-05
T_pars_est[13]      9.46524  9.02911e-06
T_pars_est[14]      9.56109  1.78293e-05
T_pars_est[15]      9.98477  7.75464e-06
T_pars_est[16]       10.514  4.73414e-06
T_pars_est[17]      10.9329 -1.34571e-05
T_pars_est[18]      11.1099   1.1595e-05
T_pars_est[19]       11.168   5.3812e-06
T_pars_est[20]      11.2031 -1.39745e-06
T_pars_est[21]      11.1963 -5.38917e-06
T_pars_est[22]      11.0237  -9.5414e-06
T_pars_est[23]      10.8326 -7.25884e-06
T_pars_est[24]      10.7346  5.86606e-06
T_pars_est[25]      11.0171  1.53351e-05
T_pars_est[26]      11.8315  4.04334e-05
T_pars_est[27]      11.3047  8.54177e-06
T_pars_est[28]      10.3472  7.57098e-06
T_pars_est[29]      9.31486  8.78809e-06
T_pars_est[30]      8.32742 -6.85423e-06
T_pars_est[31]      7.51332  2.81124e-07
T_pars_est[32]      7.11854  7.76264e-06
T_pars_est[33]      12.0168  1.62287e-05
T_pars_est[34]      12.0627   -1.671e-05
T_pars_est[35]       12.393    7.098e-05
T_pars_est[36]      13.3593   8.2077e-05
T_pars_est[37]      12.8817  6.79105e-06
T_pars_est[38]      13.0145  7.32738e-06
T_pars_est[39]      12.8354  4.89285e-05
T_pars_est[40]      12.6241  6.07528e-05
T_pars_est[41]      12.5216  7.40674e-05
T_pars_est[42]      12.1184  4.94119e-05
T_pars_est[43]      11.4932  2.73425e-05
T_pars_est[44]      11.2634  2.76795e-05
T_pars_est[45]      11.2757  6.24257e-05
T_pars_est[46]       10.364  2.33669e-05
T_pars_est[47]      9.03982   1.6927e-05
T_pars_est[48]      8.00165  8.34945e-06
T_pars_est[49]      7.25923 -1.36441e-05
T_pars_est[50]      6.74376  3.63731e-06
T_pars_est[51]      6.37115  9.28838e-06
T_pars_est[52]      6.09504 -1.08981e-05
T_pars_est[53]      5.90209  4.57492e-06
T_pars_est[54]      5.80117  5.53971e-07
T_pars_est[55]      11.8047 -1.23456e-06
T_pars_est[56]      11.8296  5.42405e-06
T_pars_est[57]      11.8947 -2.76779e-05
T_pars_est[58]      12.2253 -3.46773e-06
T_pars_est[59]      13.3848 -4.66466e-06
T_pars_est[60]      13.5314  1.11324e-05
T_pars_est[61]      12.9813  7.73978e-06
T_pars_est[62]      12.1354  5.66917e-05
T_pars_est[63]      11.0349  6.37461e-05
T_pars_est[64]      9.95344  4.01437e-05
T_pars_est[65]      9.22786  4.55501e-05
T_pars_est[66]      8.77152  4.35951e-05
T_pars_est[67]      8.48034  2.68399e-05
T_pars_est[68]       8.3892  4.54385e-05
T_pars_est[69]      8.29354  4.09832e-05
T_pars_est[70]      8.15652  4.27626e-05
T_pars_est[71]      8.00503  3.92607e-05
T_pars_est[72]      7.86026  5.22425e-05
T_pars_est[73]      7.72678  5.06533e-05
T_pars_est[74]      7.60459  4.24219e-05
T_pars_est[75]      7.51613  3.71328e-05
T_pars_est[76]       7.4652  3.90297e-05
T_pars_est[77]      -13.859  1.21086e-05
T_pars_est[78]     -13.9362  8.40596e-06
T_pars_est[79]     -14.0843  1.56933e-05
T_pars_est[80]     -14.2269 -1.95873e-05
T_pars_est[81]     -13.7552 -2.68501e-05
T_pars_est[82]     -13.5176  2.47159e-05
T_pars_est[83]     -14.5867  2.07438e-05
T_pars_est[84]      -15.594 -9.07506e-06
T_pars_est[85]     -16.4008 -6.27169e-06
T_pars_est[86]     -17.0309  6.48791e-06
T_pars_est[87]      -17.488   6.6928e-06
T_pars_est[88]     -17.8334 -1.09704e-05
T_pars_est[89]     -18.1068  1.52669e-05
T_pars_est[90]     -18.3358 -9.67322e-06
T_pars_est[91]     -18.5339 -8.95502e-06
T_pars_est[92]     -18.7084  1.42776e-05
T_pars_est[93]     -18.8631  8.34042e-06
G_pars_est[1]      1.07709 -7.58053e-05
G_pars_est[2]    -0.239266  8.19939e-05
G_pars_est[4]     -4.60081  1.48711e-05
G_pars_est[5]    -0.419123 -0.000132968
S_pars_est[5]     -3.02613  1.44796e-05
S_pars_est[6]     -2.54946 -2.68645e-06
S_pars_est[7]      -2.2584  4.86919e-05
S_pars_est[8]     -1.32798    2.333e-05
S_pars_est[9]     -1.28388  6.31211e-06
S_pars_est[10]     -1.08427 -1.16125e-06
S_pars_est[11]    -0.803759 -1.10422e-05
S_pars_est[12]    -0.780424 -5.08292e-06
S_pars_est[13]    -0.893404 -1.55358e-05
S_pars_est[14]    -0.889228 -2.19907e-06
S_pars_est[15]    -0.858726  9.52474e-06
S_pars_est[16]    -0.853716 -6.91157e-06
S_pars_est[17]    -0.858739 -3.40914e-06
S_pars_est[18]    -0.808261  4.07573e-06
S_pars_est[19]    -0.858585  3.57333e-06
S_pars_est[20]     -0.95954  1.62603e-06
S_pars_est[21]    -0.808738  2.88104e-06
S_pars_est[22]    -0.715546  6.11924e-06
S_pars_est[23]    -0.499634 -7.90903e-06
S_pars_est[24]    -0.326936  3.85636e-06
S_pars_est[25]    -0.238805  -1.6458e-06
S_pars_est[26]    -0.317517  2.06592e-06
S_pars_est[27]     -3.31684 -3.06485e-06
S_pars_est[28]     -2.36735 -3.13629e-06
S_pars_est[29]     -1.75974  1.00292e-05
S_pars_est[30]     -1.05929   3.4374e-05
S_pars_est[31]     -0.86044  1.22917e-05
S_pars_est[32]    -0.678851  2.60767e-06
S_pars_est[33]    -0.504416 -5.58928e-06
S_pars_est[34]     -0.46212 -7.97521e-06
S_pars_est[35]    -0.571274 -1.21835e-05
S_pars_est[36]     -0.62449 -1.57124e-05
S_pars_est[37]     -0.62941  -2.9149e-06
S_pars_est[38]    -0.614413 -1.84057e-05
S_pars_est[39]    -0.618125  -3.8328e-06
S_pars_est[40]    -0.529968  1.58865e-06
S_pars_est[41]    -0.357991  1.28684e-05
S_pars_est[42]    -0.239001 -5.63643e-06
S_pars_est[43]    -0.261656 -7.10895e-06
S_pars_est[44]    -0.274492 -4.31863e-07
S_pars_est[45]    -0.271807  2.16136e-07
S_pars_est[46]    -0.225123   5.7073e-06
S_pars_est[47]    -0.164984 -3.97672e-06
S_pars_est[48]    -0.169221  4.28125e-06
S_pars_est[51]     -4.59078  2.03978e-05
S_pars_est[52]     -4.68818 -4.87838e-05
S_pars_est[53]     -3.34353  1.64953e-05
S_pars_est[54]     -1.62208 -1.05828e-05
S_pars_est[55]     -1.03475 -1.67529e-05
S_pars_est[56]    -0.499448   1.0667e-05
S_pars_est[57]    -0.571285  5.54932e-06
S_pars_est[58]    -0.787151 -3.24113e-06
S_pars_est[59]    -0.856796  1.93649e-06
S_pars_est[60]    -0.938496 -6.66933e-06
S_pars_est[61]    -0.921366  6.08612e-06
S_pars_est[62]    -0.872871  1.42757e-06
S_pars_est[63]    -0.836546 -3.92091e-06
S_pars_est[64]    -0.788883  3.23245e-06
S_pars_est[65]    -0.719612  7.82225e-06
S_pars_est[66]    -0.630284  3.22435e-06
S_pars_est[67]    -0.529535 -1.99849e-06
S_pars_est[68]    -0.424134  2.99704e-06
S_pars_est[69]    -0.314804  4.30304e-06
S_pars_est[70]    -0.200393  3.97422e-06
S_pars_est[71]   -0.0840692  4.03104e-06
S_pars_est[73]     -3.07319  2.07892e-05
S_pars_est[74]     -2.59325  1.46461e-06
S_pars_est[75]     -2.03908  2.98808e-06
S_pars_est[76]    -0.815457 -1.00848e-05
S_pars_est[77]    -0.399844 -1.41187e-06
S_pars_est[78]    -0.253055 -9.24395e-07
S_pars_est[79]    -0.564192  2.58597e-06
S_pars_est[80]     -1.23338  9.05286e-06
S_pars_est[81]     -1.46933 -8.91434e-06
S_pars_est[82]     -1.87671  1.53747e-06
S_pars_est[83]      -1.8554   2.0718e-05
S_pars_est[84]     -1.21949 -2.15875e-06
S_pars_est[85]    -0.850953 -1.30953e-05
S_pars_est[86]    -0.779198  2.74202e-06
S_pars_est[87]    -0.710821  3.50003e-07
S_pars_est[88]    -0.623425  1.68533e-06
S_pars_est[89]     -0.52422 -8.90687e-07
S_pars_est[90]    -0.419939 -4.77876e-07
S_pars_est[91]    -0.311302  5.15417e-07
S_pars_est[92]    -0.197188  2.91003e-06
S_pars_est[93]   -0.0804799 -8.51382e-07
log_fbar[1]   -0.0448709  0.000578418
log_fbar[2]     -5.62512 -3.72968e-05
log_fdev[1](1)     -1.60503  7.38994e-05
log_fdev[1](2)     -1.98221  8.77993e-05
log_fdev[1](3)     -1.37282   9.7177e-05
log_fdev[1](4)     -0.99107  5.83586e-05
log_fdev[1](5)    -0.765454  0.000101026
log_fdev[1](6)    -0.250494   0.00016204
log_fdev[1](7)    -0.121835  1.54247e-06
log_fdev[1](8)   -0.0874334 -7.48562e-05
log_fdev[1](9)     0.916936 -0.000140324
log_fdev[1](10)     0.328397 -0.000125963
log_fdev[1](11)     0.636805  3.67467e-06
log_fdev[1](12)      0.80316  9.65817e-05
log_fdev[1](13)      0.53228  0.000112118
log_fdev[1](14)     0.605676  4.84094e-05
log_fdev[1](15)     0.582652  7.03141e-05
log_fdev[1](16)     0.415355  7.78277e-05
log_fdev[1](17)      1.03061  7.82116e-05
log_fdev[1](18)    -0.444784  0.000147584
log_fdev[1](19)     -0.45228  0.000133116
log_fdev[1](20)     0.169906  4.81077e-05
log_fdev[1](21)     0.257738   -7.523e-05
log_fdev[1](22)    -0.504359 -3.95453e-05
log_fdev[1](23)    -0.715349  0.000128636
log_fdev[1](24)    -0.896519  0.000216673
log_fdev[1](25)    -0.286254  7.42533e-05
log_fdev[1](26)     0.104648 -0.000125314
log_fdev[1](27)    -0.112673  -0.00017586
log_fdev[1](28)    -0.425927 -1.94007e-06
log_fdev[1](29)     -0.79965  1.35765e-05
log_fdev[1](30)    -0.068372 -1.61917e-05
log_fdev[1](31)     0.426577 -1.17084e-05
log_fdev[1](32)     0.610647  1.22421e-05
log_fdev[1](33)      1.08863   3.8522e-06
log_fdev[1](34)      1.09191  -3.2474e-05
log_fdev[1](35)     0.648577  1.80066e-05
log_fdev[1](36)     0.723488  2.85848e-05
log_fdev[1](37)      1.16435 -0.000135945
log_fdev[1](38)      1.55061 -0.000160959
log_fdev[1](39)      1.13626 -5.31457e-05
log_fdev[1](40)     -1.33873  -0.00010777
log_fdev[1](41)     -1.60397   8.9831e-05
log_fdev[2](1)     0.133784 -3.10376e-06
log_fdev[2](2)    0.0552123  7.88221e-06
log_fdev[2](3)    -0.107894  5.47585e-06
log_fdev[2](4)    -0.248211  -2.9883e-06
log_fdev[2](5)      -9.1265  1.05749e-05
log_fdev[2](6)     -4.91323  -8.4508e-06
log_fdev[2](7)     -5.31228 -1.74278e-05
log_fdev[2](8)     -1.47613  8.39101e-06
log_fdev[2](9)    -0.274627  2.07647e-05
log_fdev[2](10)      2.22934  -1.3952e-05
log_fdev[2](11)      1.70744  1.61827e-05
log_fdev[2](12)      1.51213 -5.52579e-06
log_fdev[2](13)       1.2897 -3.50253e-06
log_fdev[2](14)      1.55616  1.20926e-05
log_fdev[2](15)       1.4021  1.40568e-05
log_fdev[2](16)     0.724409 -1.12533e-05
log_fdev[2](17)     0.842832 -1.02002e-05
log_fdev[2](18)     0.300802  1.17085e-06
log_fdev[2](19)     0.549174  2.56661e-06
log_fdev[2](20)     0.497438 -1.75168e-05
log_fdev[2](21)    0.0243719 -2.67707e-05
log_fdev[2](22)    0.0495163 -1.38984e-05
log_fdev[2](23)    0.0911099 -3.86722e-06
log_fdev[2](24)    0.0591053  4.32163e-06
log_fdev[2](25)     0.729795  1.84549e-05
log_fdev[2](26)      0.48174  4.38848e-06
log_fdev[2](27)   -0.0811458 -7.26016e-06
log_fdev[2](28)     0.560061   2.8146e-07
log_fdev[2](29)    -0.795089  2.35207e-05
log_fdev[2](30)    -0.413499  3.35735e-05
log_fdev[2](31)    0.0274857  1.94431e-05
log_fdev[2](32)     0.173868  8.06805e-06
log_fdev[2](33)      1.73136 -7.17781e-07
log_fdev[2](34)      2.95601 -1.46076e-05
log_fdev[2](35)    -0.689217 -1.83926e-05
log_fdev[2](36)     0.364765 -2.16795e-05
log_fdev[2](37)      1.65856  -1.0896e-05
log_fdev[2](38)     0.988893 -2.20304e-05
log_fdev[2](39)     0.835883 -1.91081e-05
log_fdev[2](40)     0.272698 -1.30627e-05
log_fdev[2](41)    -0.489378 -1.42205e-05
log_fdev[2](42)     0.152086 -9.14346e-06
log_fdev[2](43)   -0.0306306  2.43096e-05
log_foff[1]     -6.76818  0.000316912
log_fdov[1](1)      1.64028  0.000113756
log_fdov[1](2)      1.93358  4.04985e-05
log_fdov[1](3)       1.5865  2.92309e-05
log_fdov[1](4)      1.46069  7.33542e-05
log_fdov[1](5)      2.16966  9.04231e-05
log_fdov[1](6)      1.64104  3.26615e-05
log_fdov[1](7)     0.772893  -4.1741e-05
log_fdov[1](8)     0.472101 -5.85479e-05
log_fdov[1](9)      2.77891 -7.09406e-05
log_fdov[1](10)      1.42691 -7.30987e-05
log_fdov[1](11)      1.61555 -5.02638e-05
log_fdov[1](12)     0.703244   5.0994e-05
log_fdov[1](13)     0.704447  0.000106364
log_fdov[1](14)    -0.586049  8.69074e-05
log_fdov[1](15)      1.04337  5.87531e-05
log_fdov[1](16)       1.2555  4.32002e-05
log_fdov[1](17)     -1.81152  1.46371e-05
log_fdov[1](18)    -0.182687  6.67956e-05
log_fdov[1](19)     -2.26344  8.14223e-05
log_fdov[1](20)    0.0996181   3.4027e-05
log_fdov[1](21)     -2.06764  8.67256e-05
log_fdov[1](22)     -1.97162  9.69701e-05
log_fdov[1](23)     -1.00885  8.04059e-05
log_fdov[1](24)    -0.463444  9.61809e-06
log_fdov[1](25)     -2.63146 -2.15419e-05
log_fdov[1](26)    -0.320461 -1.51789e-05
log_fdov[1](27)   -0.0188657 -9.30938e-06
log_fdov[1](28)     0.107109  2.80929e-05
log_fdov[1](29)     0.375597  4.39917e-06
log_fdov[1](30)      2.50788 -2.93732e-05
log_fdov[1](31)     0.712813 -4.81577e-05
log_fdov[1](32)      1.30078 -6.14551e-05
log_fdov[1](33)      1.87374 -3.64099e-05
log_fdov[1](34)     0.986291 -2.41044e-05
log_fdov[1](35)     0.243693 -1.91259e-05
log_fdov[1](36)    0.0188662 -2.31976e-05
log_fdov[1](37)    -0.792753  -2.6648e-05
log_fdov[1](38)      -1.3688 -5.54294e-05
log_fdov[1](39)     -4.29285  -4.1261e-09
log_fdov[1](40)     -4.63775  1.39761e-06
log_fdov[1](41)     -5.01285 -5.13434e-05
rec_dev_est(1982)     0.512314  0.000138294
rec_dev_est(1983)     0.229375  0.000125471
rec_dev_est(1984)      1.17602 -4.52639e-06
rec_dev_est(1985)       1.7289  0.000414134
rec_dev_est(1986)     0.836211  2.27773e-05
rec_dev_est(1987)     0.481612  0.000124073
rec_dev_est(1988)    -0.360801  1.69529e-05
rec_dev_est(1989)   -0.0455164  3.08517e-05
rec_dev_est(1990)     0.583613  0.000325605
rec_dev_est(1991)      1.02254  0.000162358
rec_dev_est(1992)    -0.330616  6.62952e-05
rec_dev_est(1993)    -0.083148  4.84314e-05
rec_dev_est(1994)    -0.842311 -1.04805e-05
rec_dev_est(1995)      -1.1333  8.93026e-06
rec_dev_est(1996)    -0.223939 -5.48153e-05
rec_dev_est(1997)    -0.959243 -4.10217e-05
rec_dev_est(1998)    -0.308122  8.38374e-05
rec_dev_est(1999)    -0.680423  7.41081e-05
rec_dev_est(2000)     -1.68299  0.000106472
rec_dev_est(2001)    -0.129238 -0.000287643
rec_dev_est(2002)      1.43291 -0.000269509
rec_dev_est(2003)    -0.155911  5.28522e-05
rec_dev_est(2004)     0.307056  0.000343154
rec_dev_est(2005)    -0.533353    0.0001087
rec_dev_est(2006)     -1.14994  2.76905e-05
rec_dev_est(2007)     0.100369  1.32757e-05
rec_dev_est(2008)      0.69885  -0.00019448
rec_dev_est(2009)    -0.898438 -4.68469e-05
rec_dev_est(2010)     -0.56353 -1.91224e-05
rec_dev_est(2011)    -0.734746 -0.000116959
rec_dev_est(2012)    -0.265063 -0.000103548
rec_dev_est(2013)    -0.495615 -0.000497761
rec_dev_est(2014)     0.496994 -0.000318018
rec_dev_est(2015)    0.0775455  -4.6356e-05
rec_dev_est(2016)     0.117782  8.93394e-05
rec_dev_est(2017)      -1.2593  9.41674e-06
rec_dev_est(2018)     -1.43179  5.96942e-06
rec_dev_est(2019)    -0.747036  1.33393e-06
rec_dev_est(2020)     0.394004  0.000111943
rec_dev_est(2021)     0.420348 -4.15077e-05
rec_dev_est(2022)       1.3716  3.55294e-05
rec_dev_est(2023)   -0.0508322 -1.03561e-05
rec_dev_est(2024)    -0.513558  2.93693e-06
logit_rec_prop_est(1982)      3.13379  2.98668e-05
logit_rec_prop_est(1983)      1.83729 -4.55812e-05
logit_rec_prop_est(1984)    0.0321257   0.00156485
logit_rec_prop_est(1985)    -0.336775   0.00126497
logit_rec_prop_est(1986)     -3.30112  0.000355828
logit_rec_prop_est(1987)     0.189518  3.55541e-05
logit_rec_prop_est(1988)      1.35719  -0.00014292
logit_rec_prop_est(1989)    -0.871418 -7.71586e-05
logit_rec_prop_est(1990)      1.45155 -0.000373467
logit_rec_prop_est(1991)      1.34693  -0.00050947
logit_rec_prop_est(1992)     -1.13889 -0.000290604
logit_rec_prop_est(1993)    -0.724514 -0.000489467
logit_rec_prop_est(1994)     -1.31629 -0.000196653
logit_rec_prop_est(1995)    -0.466611 -0.000444026
logit_rec_prop_est(1996)     -1.09541  -0.00141758
logit_rec_prop_est(1997)       2.8804 -0.000146246
logit_rec_prop_est(1998)    -0.257488  5.20801e-05
logit_rec_prop_est(1999)     0.641983 -9.02216e-06
logit_rec_prop_est(2000)     0.806619 -0.000162407
logit_rec_prop_est(2001)      2.25438 -0.000257085
logit_rec_prop_est(2002)     -1.58926 -0.000712629
logit_rec_prop_est(2003)      1.60947  6.75979e-05
logit_rec_prop_est(2004)      1.08326  0.000259624
logit_rec_prop_est(2005)    -0.256558  0.000106359
logit_rec_prop_est(2006)   0.00250346   8.2976e-05
logit_rec_prop_est(2007)    -0.303499  0.000282002
logit_rec_prop_est(2008)    -0.449531 -1.57814e-05
logit_rec_prop_est(2009)    -0.582867 -3.17579e-05
logit_rec_prop_est(2010)    -0.694006  7.89361e-05
logit_rec_prop_est(2011)    -0.716425 -0.000298382
logit_rec_prop_est(2012)    -0.737143 -0.000593554
logit_rec_prop_est(2013)      0.78021   -0.0015905
logit_rec_prop_est(2014)    0.0930534 -0.000808399
logit_rec_prop_est(2015)     -2.79388 -0.000130548
logit_rec_prop_est(2016)     -1.06199  0.000323355
logit_rec_prop_est(2017)     -3.58286  2.52357e-05
logit_rec_prop_est(2018)     -3.27753 -2.05454e-05
logit_rec_prop_est(2019)      1.80425  0.000277058
logit_rec_prop_est(2020)    -0.413539  0.000603603
logit_rec_prop_est(2021)     0.274761  0.000216991
logit_rec_prop_est(2022)      0.14933 -0.000104128
logit_rec_prop_est(2023)      1.94772 -3.30969e-05
logit_rec_prop_est(2024)      2.29129  6.37507e-05
