ParName   Value   Gradient
T_pars_est[3]      14.3892   0.00306127
T_pars_est[11]      9.61621 -4.38782e-06
T_pars_est[12]       9.6268   3.3576e-06
T_pars_est[13]      9.66307 -1.51726e-05
T_pars_est[14]      9.78285  -1.0383e-05
T_pars_est[15]      10.2215 -4.45046e-06
T_pars_est[16]       10.769 -1.52494e-05
T_pars_est[17]      11.2071 -1.37045e-05
T_pars_est[18]      11.4113  5.92312e-06
T_pars_est[19]      11.5046  2.38687e-06
T_pars_est[20]      11.5418  5.42586e-06
T_pars_est[21]      11.5077  6.87672e-06
T_pars_est[22]      11.2673  9.19987e-07
T_pars_est[23]      10.9589   6.3008e-06
T_pars_est[24]      10.6979  4.63318e-05
T_pars_est[25]      10.8234  6.65058e-05
T_pars_est[26]      11.8675   2.5409e-05
T_pars_est[27]      11.3642 -3.94835e-05
T_pars_est[28]      10.3964 -0.000167611
T_pars_est[29]      9.34648 -3.51612e-05
T_pars_est[30]      8.34856 -8.16676e-06
T_pars_est[31]      7.53156   1.9537e-05
T_pars_est[32]      7.13877  1.85932e-07
T_pars_est[33]      12.2826  2.68296e-05
T_pars_est[34]       12.408  1.43897e-05
T_pars_est[35]      13.2368  3.10101e-05
T_pars_est[36]      13.7336   2.8385e-05
T_pars_est[37]      13.0508  1.80591e-05
T_pars_est[38]      13.1404  3.70187e-05
T_pars_est[39]      12.8562   4.5211e-05
T_pars_est[40]      12.6165  5.39349e-05
T_pars_est[41]      12.5635  4.33973e-05
T_pars_est[42]      12.0368  8.52618e-05
T_pars_est[43]      11.3645  4.34074e-05
T_pars_est[44]      11.2436  1.66751e-05
T_pars_est[45]       11.394 -2.91501e-05
T_pars_est[46]      10.4865 -5.86721e-06
T_pars_est[47]        9.109 -6.67082e-07
T_pars_est[48]      8.05082  6.53324e-06
T_pars_est[49]      7.28801 -2.26157e-05
T_pars_est[50]      6.75536 -1.60497e-05
T_pars_est[51]      6.36734   8.6416e-06
T_pars_est[52]      6.07874  1.02223e-05
T_pars_est[53]      5.87733 -2.36607e-05
T_pars_est[54]      5.77238   8.5408e-06
T_pars_est[55]       12.161  3.27189e-06
T_pars_est[56]       12.181  1.27982e-06
T_pars_est[57]      12.2287 -1.21166e-05
T_pars_est[58]      12.3686  2.20063e-05
T_pars_est[59]      13.5273  -1.1332e-06
T_pars_est[60]       13.587 -2.10278e-05
T_pars_est[61]      12.9907  8.76022e-05
T_pars_est[62]      12.1528  1.05816e-05
T_pars_est[63]      11.0262  3.62918e-05
T_pars_est[64]      9.97246 -1.00607e-05
T_pars_est[65]      9.24665  6.49092e-06
T_pars_est[66]      8.82757 -1.28396e-06
T_pars_est[67]       8.6289  3.30478e-05
T_pars_est[68]      8.57672  1.81089e-05
T_pars_est[69]       8.4774 -5.56877e-06
T_pars_est[70]      8.27967  6.92744e-06
T_pars_est[71]      8.02352  1.10165e-05
T_pars_est[72]      7.76844 -1.58956e-06
T_pars_est[73]      7.52698 -8.41004e-07
T_pars_est[74]      7.29839 -1.01719e-05
T_pars_est[75]      7.14121 -1.07983e-05
T_pars_est[76]      7.04951  1.75807e-05
T_pars_est[77]     -13.8191  3.42904e-06
T_pars_est[78]     -13.8703  4.75766e-06
T_pars_est[79]     -13.9676 -4.55923e-06
T_pars_est[80]     -14.1229 -9.19709e-08
T_pars_est[81]     -13.6403  1.06876e-05
T_pars_est[82]     -13.4723  2.71277e-05
T_pars_est[83]     -14.5954  3.73055e-06
T_pars_est[84]     -15.6154  6.15071e-06
T_pars_est[85]     -16.4219 -9.57091e-06
T_pars_est[86]     -17.0489 -3.35549e-06
T_pars_est[87]     -17.5021  2.27428e-06
T_pars_est[88]     -17.8435 -1.16478e-05
T_pars_est[89]     -18.1138  1.26626e-05
T_pars_est[90]     -18.3404 -7.72587e-06
T_pars_est[91]     -18.5368  2.89833e-06
T_pars_est[92]       -18.71 -8.85379e-07
T_pars_est[93]     -18.8638  2.60674e-06
G_pars_est[1]     0.987501  0.000475763
G_pars_est[2]    -0.240935 -0.000558956
G_pars_est[4]     -4.81394  0.000271291
G_pars_est[5]    -0.426448  -0.00306267
M_pars_est[1]     0.285054   0.00058738
M_pars_est[2]      1.57383 -2.53854e-05
M_pars_est[3]     0.340229  6.28274e-06
M_pars_est[5]    0.0230343  0.000526904
M_pars_est[7]      2.33617 -0.000320626
M_pars_est[9]     0.267898  -0.00144848
M_pars_est[10]    -0.467604  5.63243e-05
M_pars_est[11]     0.909944  -0.00020222
M_pars_est[13]            1 -3.02147e-05
M_pars_est[14]      1.65492 -1.93176e-05
M_pars_est[15]      1.10242 -1.32179e-05
S_pars_est[1]      4.66559  -0.00212026
S_pars_est[2]       1.6581  0.000448368
S_pars_est[3]       4.7773   0.00048191
S_pars_est[4]      2.38573 -0.000451061
S_pars_est[5]     -3.24079 -9.68394e-06
S_pars_est[6]     -2.74348  7.62799e-06
S_pars_est[7]     -2.28659 -2.11864e-06
S_pars_est[8]     -1.53333 -3.92343e-06
S_pars_est[9]     -1.50556 -1.13587e-05
S_pars_est[10]     -1.32167  5.64174e-06
S_pars_est[11]     -1.01994  1.23438e-05
S_pars_est[12]     -1.00148  9.76431e-06
S_pars_est[13]     -1.12621  2.11276e-05
S_pars_est[14]     -1.09821 -1.21756e-05
S_pars_est[15]     -1.03346  5.06182e-06
S_pars_est[16]    -0.997335 -9.19197e-07
S_pars_est[17]    -0.977759 -8.15403e-07
S_pars_est[18]    -0.870076 -2.02846e-07
S_pars_est[19]    -0.859488 -1.26812e-06
S_pars_est[20]    -0.983577 -5.72912e-06
S_pars_est[21]    -0.841149  1.24911e-05
S_pars_est[22]     -0.74045  -1.1376e-05
S_pars_est[23]     -0.51342   8.3619e-06
S_pars_est[24]    -0.332326 -9.74538e-06
S_pars_est[25]    -0.239795 -4.81324e-06
S_pars_est[26]    -0.318535  3.40765e-06
S_pars_est[27]     -4.32846  2.23513e-05
S_pars_est[28]     -3.43323 -0.000105836
S_pars_est[29]     -2.73345  1.91979e-06
S_pars_est[30]     -1.92179  4.59378e-05
S_pars_est[31]     -1.71294 -2.26759e-05
S_pars_est[32]     -1.48538  2.94139e-05
S_pars_est[33]     -1.25028  6.76696e-06
S_pars_est[34]     -1.16416 -5.26293e-06
S_pars_est[35]     -1.22395  -8.1846e-06
S_pars_est[36]     -1.23538 -1.06246e-06
S_pars_est[37]     -1.21054 -8.86549e-07
S_pars_est[38]     -1.15856 -3.27209e-05
S_pars_est[39]     -1.12434  1.20601e-05
S_pars_est[40]    -0.982803  1.32906e-06
S_pars_est[41]     -0.77589 -7.10945e-07
S_pars_est[42]    -0.455719 -8.46231e-06
S_pars_est[43]    -0.313598  1.25704e-05
S_pars_est[44]    -0.202551 -6.96957e-06
S_pars_est[45]    -0.161562 -1.48123e-05
S_pars_est[46]    -0.132219 -2.06668e-05
S_pars_est[47]    -0.121053 -1.17542e-05
S_pars_est[48]    -0.151508 -7.19065e-06
S_pars_est[49]      4.21489  -0.00699051
S_pars_est[50]     0.989652  0.000642963
S_pars_est[51]     -5.15455  1.01165e-05
S_pars_est[52]     -5.26398  2.66452e-05
S_pars_est[53]     -4.05226  2.16414e-06
S_pars_est[54]     -1.71952  1.35211e-05
S_pars_est[55]      -1.1642  8.56934e-06
S_pars_est[56]    -0.545037  3.55693e-07
S_pars_est[57]    -0.548766 -5.32223e-06
S_pars_est[58]      -0.7551 -1.20965e-05
S_pars_est[59]    -0.832735  7.36272e-06
S_pars_est[60]      -0.9231  5.69604e-06
S_pars_est[61]    -0.910167  5.17165e-06
S_pars_est[62]    -0.871365 -7.92761e-06
S_pars_est[63]    -0.838413 -3.69689e-06
S_pars_est[64]    -0.791361  1.00611e-05
S_pars_est[65]    -0.721706 -1.63337e-05
S_pars_est[66]    -0.631274 -5.33697e-06
S_pars_est[67]    -0.529526  1.40373e-05
S_pars_est[68]    -0.423593  1.29725e-05
S_pars_est[69]    -0.314046 -9.74983e-06
S_pars_est[70]    -0.199517  5.55678e-06
S_pars_est[71]   -0.0830084 -1.06264e-05
S_pars_est[73]     -4.17335  7.66931e-05
S_pars_est[74]     -3.28855 -5.48819e-05
S_pars_est[75]     -2.68162  1.33681e-05
S_pars_est[76]     -1.00692 -4.96388e-05
S_pars_est[77]    -0.510046   4.3802e-06
S_pars_est[78]    -0.244699 -2.07238e-05
S_pars_est[79]    -0.338303  0.000109906
S_pars_est[80]    -0.904259  3.32397e-05
S_pars_est[81]     -1.05888  3.13198e-05
S_pars_est[82]     -1.26847  1.06877e-05
S_pars_est[83]      -1.2416 -1.06592e-05
S_pars_est[84]    -0.949867 -3.41618e-06
S_pars_est[85]     -0.82749   1.5299e-06
S_pars_est[86]    -0.777901 -1.53106e-07
S_pars_est[87]    -0.710707 -1.53913e-05
S_pars_est[88]    -0.623386 -7.96817e-07
S_pars_est[89]    -0.524205  4.36352e-06
S_pars_est[90]    -0.419941  -3.0883e-07
S_pars_est[91]    -0.311316 -4.78899e-06
S_pars_est[92]    -0.197211 -5.49009e-06
S_pars_est[93]   -0.0805122 -4.47914e-07
S_pars_est[95]      4.59584   0.00309607
S_pars_est[96]     0.304219 -3.79537e-05
log_fbar[1]    -0.215106   0.00486441
log_fbar[2]     -5.20886 -0.000675733
log_fdev[1](1)      -1.4236 -0.000104232
log_fdev[1](2)     -1.80093  7.36057e-05
log_fdev[1](3)     -1.16351  1.68693e-05
log_fdev[1](4)    -0.803978  -6.3272e-05
log_fdev[1](5)    -0.651671 -5.31027e-05
log_fdev[1](6)    -0.240428  3.07504e-05
log_fdev[1](7)    -0.185272  0.000271438
log_fdev[1](8)     -0.14664  0.000390507
log_fdev[1](9)      0.88445  0.000248265
log_fdev[1](10)     0.389757  0.000126234
log_fdev[1](11)     0.703039  -1.2468e-05
log_fdev[1](12)     0.818492   0.00039161
log_fdev[1](13)     0.490901  0.000192896
log_fdev[1](14)     0.514476  7.37001e-05
log_fdev[1](15)      0.54716   0.00037957
log_fdev[1](16)     0.458798  0.000622184
log_fdev[1](17)      1.03494  0.000994764
log_fdev[1](18)    -0.416554 -0.000566535
log_fdev[1](19)     -0.44964 -0.000757884
log_fdev[1](20)     0.161806 -0.000171486
log_fdev[1](21)     0.326696  0.000436685
log_fdev[1](22)     -0.38034  0.000541759
log_fdev[1](23)    -0.570828  0.000333092
log_fdev[1](24)    -0.756578  6.30029e-05
log_fdev[1](25)    -0.156284  2.94566e-06
log_fdev[1](26)      0.18711  8.95071e-05
log_fdev[1](27)   -0.0812618  6.26709e-05
log_fdev[1](28)    -0.403247  0.000111749
log_fdev[1](29)    -0.734322  0.000228301
log_fdev[1](30)   -0.0279521  0.000161431
log_fdev[1](31)     0.395307  0.000369244
log_fdev[1](32)     0.600446  0.000108527
log_fdev[1](33)      1.03696  3.96552e-05
log_fdev[1](34)     0.989573  0.000172734
log_fdev[1](35)     0.486658  1.46042e-05
log_fdev[1](36)     0.237846 -3.06567e-05
log_fdev[1](37)      1.09571 -0.000201583
log_fdev[1](38)     0.340052  0.000613581
log_fdev[1](39)     0.888019  0.000675615
log_fdev[1](40)     -1.04192  0.000423967
log_fdev[1](41)     -1.15325   1.5047e-05
log_fdev[2](1)      0.18992  5.81622e-06
log_fdev[2](2)    0.0823703  1.08421e-05
log_fdev[2](3)    -0.105715  1.77685e-05
log_fdev[2](4)     -0.28738  2.98083e-05
log_fdev[2](5)     -9.22806  6.90593e-06
log_fdev[2](6)     -5.04476 -3.53969e-06
log_fdev[2](7)     -5.45562  2.49046e-05
log_fdev[2](8)      -1.5885  1.35728e-05
log_fdev[2](9)    -0.289473  1.11207e-05
log_fdev[2](10)      2.16018 -2.96469e-05
log_fdev[2](11)      1.66658 -2.02044e-05
log_fdev[2](12)      1.52425  3.53826e-05
log_fdev[2](13)       1.3506  3.80647e-05
log_fdev[2](14)      1.62916 -2.20275e-06
log_fdev[2](15)      1.44307 -5.50876e-05
log_fdev[2](16)     0.711182  -7.7142e-05
log_fdev[2](17)     0.813514 -4.86126e-05
log_fdev[2](18)     0.278454 -8.34464e-05
log_fdev[2](19)     0.517127 -9.57419e-05
log_fdev[2](20)     0.534268 -1.74864e-05
log_fdev[2](21)     0.159795  5.33363e-05
log_fdev[2](22)     0.127176  7.95148e-06
log_fdev[2](23)     0.105743 -1.40704e-05
log_fdev[2](24)    0.0608152 -1.62194e-05
log_fdev[2](25)     0.799547  1.69669e-05
log_fdev[2](26)     0.518289 -7.63703e-06
log_fdev[2](27)     -0.12883 -1.36659e-05
log_fdev[2](28)     0.497241 -2.37691e-06
log_fdev[2](29)     -0.94979   4.4694e-06
log_fdev[2](30)    -0.536844   -2.065e-05
log_fdev[2](31)  -0.00763531 -3.06641e-05
log_fdev[2](32)     0.218305 -7.01072e-05
log_fdev[2](33)      1.77629  -6.2848e-05
log_fdev[2](34)      2.99404 -1.97778e-05
log_fdev[2](35)    -0.703687  1.37972e-05
log_fdev[2](36)    0.0922652 -6.89028e-06
log_fdev[2](37)      1.62195  2.79826e-05
log_fdev[2](38)     0.443085  4.75527e-05
log_fdev[2](39)     0.839778  5.01926e-05
log_fdev[2](40)     0.488503 -2.60925e-06
log_fdev[2](41)     -0.16313 -7.10957e-06
log_fdev[2](42)     0.527446  2.21791e-05
log_fdev[2](43)     0.318477  2.17097e-05
log_foff[1]      -6.7892   0.00411002
log_fdov[1](1)       1.3691  1.93778e-05
log_fdov[1](2)      1.65905  3.39539e-05
log_fdov[1](3)      1.28046 -1.47241e-05
log_fdov[1](4)      1.15442 -8.10084e-05
log_fdov[1](5)      1.86766  1.03807e-05
log_fdov[1](6)      1.40125   0.00012456
log_fdov[1](7)     0.625538  0.000204292
log_fdov[1](8)     0.437658  0.000189862
log_fdov[1](9)      2.75095  0.000106929
log_fdov[1](10)      1.29665  0.000148343
log_fdov[1](11)      1.47385  8.05551e-05
log_fdov[1](12)     0.637864  0.000144133
log_fdov[1](13)     0.708382  0.000149452
log_fdov[1](14)    -0.516065  0.000174865
log_fdov[1](15)      1.05955   0.00026975
log_fdov[1](16)      1.20099  0.000331222
log_fdov[1](17)     -1.81682  0.000239908
log_fdov[1](18)    -0.279827  2.00291e-05
log_fdov[1](19)     -2.32603  4.04455e-05
log_fdov[1](20)     0.044374   0.00013725
log_fdov[1](21)     -2.19412   7.5565e-05
log_fdov[1](22)     -2.15837  0.000121864
log_fdov[1](23)     -1.23516  0.000137704
log_fdov[1](24)    -0.784671  0.000138441
log_fdov[1](25)     -2.68782  0.000114638
log_fdov[1](26)    -0.240716  0.000110887
log_fdov[1](27)     0.152491  0.000135879
log_fdov[1](28)     0.359143   0.00013483
log_fdov[1](29)     0.682108  0.000168508
log_fdov[1](30)      2.35251  8.14904e-05
log_fdov[1](31)      0.45837  0.000156025
log_fdov[1](32)      1.04304  0.000156885
log_fdov[1](33)      1.70235  0.000171036
log_fdov[1](34)     0.888004  0.000166846
log_fdov[1](35)     0.267653  0.000129468
log_fdov[1](36)      0.36581  0.000178423
log_fdov[1](37)     -1.02487  0.000227802
log_fdov[1](38)     0.131179  0.000486628
log_fdov[1](39)     -3.32392   0.00028799
log_fdov[1](40)     -4.05741  0.000253359
log_fdov[1](41)      -4.7246  0.000172296
rec_dev_est(1982)     0.326718  0.000208836
rec_dev_est(1983)    0.0130907  0.000323062
rec_dev_est(1984)     0.938752  0.000508271
rec_dev_est(1985)      1.64139  0.000725756
rec_dev_est(1986)     0.887016  0.000377842
rec_dev_est(1987)     0.829112  0.000453356
rec_dev_est(1988)    -0.466808 -1.54455e-05
rec_dev_est(1989)     -0.21054  0.000180336
rec_dev_est(1990)     0.365941 -0.000493451
rec_dev_est(1991)      0.61493  -0.00124617
rec_dev_est(1992)    -0.480392  9.47738e-05
rec_dev_est(1993)   -0.0632228 -0.000720321
rec_dev_est(1994)    -0.691537  2.28014e-05
rec_dev_est(1995)     -1.11764  0.000148394
rec_dev_est(1996)   -0.0600967  0.000619357
rec_dev_est(1997)     -1.25485  0.000532101
rec_dev_est(1998)    -0.539763  0.000208863
rec_dev_est(1999)    -0.657418 -1.92279e-05
rec_dev_est(2000)     -1.68491 -4.66053e-06
rec_dev_est(2001)    -0.373752  -0.00024267
rec_dev_est(2002)       1.2831   0.00055997
rec_dev_est(2003)    -0.236989 -5.79303e-05
rec_dev_est(2004)     -0.12051  -0.00013199
rec_dev_est(2005)     -1.02851 -4.95966e-05
rec_dev_est(2006)      -1.8436 -0.000148181
rec_dev_est(2007)    -0.958267 -0.000440825
rec_dev_est(2008)      1.38483 -0.000288189
rec_dev_est(2009)    -0.795313  -0.00019962
rec_dev_est(2010)    -0.656107 -0.000190363
rec_dev_est(2011)    -0.792327 -0.000152628
rec_dev_est(2012)  -0.00507385  5.67073e-05
rec_dev_est(2013)    -0.556716 -1.04206e-05
rec_dev_est(2014)      1.28907  0.000614178
rec_dev_est(2015)       1.3188  0.000668251
rec_dev_est(2016)      1.41172 -0.000107823
rec_dev_est(2017)    -0.575975  2.27888e-05
rec_dev_est(2018)    -0.543299  0.000131355
rec_dev_est(2019)      -1.0254 -5.75738e-06
rec_dev_est(2020)      -0.1559 -2.41099e-05
rec_dev_est(2021)     0.189676  2.35073e-05
rec_dev_est(2022)      1.01986 -7.40413e-06
rec_dev_est(2023)     0.279309  1.15565e-05
rec_dev_est(2024)    -0.487494  2.02677e-06
logit_rec_prop_est(1982)      2.53605   0.00152889
logit_rec_prop_est(1983)     0.822539  0.000338793
logit_rec_prop_est(1984)    -0.328223   0.00066383
logit_rec_prop_est(1985)     -1.05417 -1.96793e-05
logit_rec_prop_est(1986)     -3.58451   0.00102301
logit_rec_prop_est(1987)      -1.0933   0.00015803
logit_rec_prop_est(1988)     0.492811  0.000840972
logit_rec_prop_est(1989)     -1.05883 -0.000124123
logit_rec_prop_est(1990)       1.0621 -0.000495366
logit_rec_prop_est(1991)     0.801562  -0.00152196
logit_rec_prop_est(1992)     -2.19483  0.000211768
logit_rec_prop_est(1993)     -1.19685  -0.00412171
logit_rec_prop_est(1994)     -1.82425  0.000726722
logit_rec_prop_est(1995)    -0.949605   0.00174286
logit_rec_prop_est(1996)     -2.41541   0.00298626
logit_rec_prop_est(1997)      2.42863   0.00105685
logit_rec_prop_est(1998)    -0.936133   0.00109017
logit_rec_prop_est(1999)    -0.117737  0.000116896
logit_rec_prop_est(2000)     -0.96843  0.000689278
logit_rec_prop_est(2001)      1.39999  0.000684526
logit_rec_prop_est(2002)     -1.83966  -0.00127669
logit_rec_prop_est(2003)     0.713337 -0.000834153
logit_rec_prop_est(2004)     0.880326 -0.000124688
logit_rec_prop_est(2005)     0.156706  9.40663e-05
logit_rec_prop_est(2006)      3.11158  0.000925242
logit_rec_prop_est(2007)     0.617701 -0.000736318
logit_rec_prop_est(2008)     -1.87664  -0.00756729
logit_rec_prop_est(2009)     -1.43612  -0.00090213
logit_rec_prop_est(2010)     -1.00754  -0.00129713
logit_rec_prop_est(2011)     -1.00052 -0.000996679
logit_rec_prop_est(2012)    -0.472073  -0.00116677
logit_rec_prop_est(2013)      1.14464  1.16565e-05
logit_rec_prop_est(2014)      1.12877 -0.000546559
logit_rec_prop_est(2015)     0.103172 -0.000507187
logit_rec_prop_est(2016)     -2.35985   0.00032914
logit_rec_prop_est(2017)     -1.17439  0.000775076
logit_rec_prop_est(2018)      5.77607  0.000752379
logit_rec_prop_est(2019)      1.08074  0.000627955
logit_rec_prop_est(2020)    -0.133699   0.00184695
logit_rec_prop_est(2021)     0.602677    0.0010624
logit_rec_prop_est(2022)     0.545964   0.00109946
logit_rec_prop_est(2023)   -0.0186329   0.00110179
logit_rec_prop_est(2024)      3.63604  0.000952489
