ParName   Value   Gradient
T_pars_est[3]      13.6084  -0.00944693
T_pars_est[11]      8.48758  9.52316e-06
T_pars_est[12]      8.50036 -5.70909e-07
T_pars_est[13]      8.56003 -1.31195e-05
T_pars_est[14]       8.7863 -1.78779e-05
T_pars_est[15]      9.28813  1.40134e-05
T_pars_est[16]      9.98527  2.07588e-06
T_pars_est[17]      10.7244 -1.21578e-07
T_pars_est[18]      11.1279 -2.41264e-05
T_pars_est[19]      11.2029 -4.44012e-06
T_pars_est[20]      11.2763  4.36184e-06
T_pars_est[21]      11.3003  -7.7296e-06
T_pars_est[22]      11.0842  2.13094e-07
T_pars_est[23]      10.7693  2.57018e-06
T_pars_est[24]      10.5216 -4.25109e-07
T_pars_est[25]      10.6923 -1.30283e-05
T_pars_est[26]      11.5287 -1.84904e-05
T_pars_est[27]      11.0793  1.57074e-05
T_pars_est[28]      10.1228   1.9841e-05
T_pars_est[29]      9.13578 -1.93222e-05
T_pars_est[30]      8.16901 -2.22162e-05
T_pars_est[31]       7.3501  2.81946e-05
T_pars_est[32]      6.93308  7.78526e-06
T_pars_est[33]      11.9171  8.25996e-06
T_pars_est[34]      12.4374  3.09033e-05
T_pars_est[35]      13.0971  2.97278e-05
T_pars_est[36]      13.5945 -2.64411e-05
T_pars_est[37]      12.6805 -2.43844e-06
T_pars_est[38]      12.8063  1.20042e-05
T_pars_est[39]      12.6996  1.09116e-05
T_pars_est[40]       12.487 -1.87809e-06
T_pars_est[41]      12.3728  8.69348e-06
T_pars_est[42]       11.803  3.71162e-05
T_pars_est[43]      11.0698 -2.48688e-06
T_pars_est[44]      10.8454  1.88405e-05
T_pars_est[45]      10.9644  -8.0064e-06
T_pars_est[46]      10.2667  1.89992e-05
T_pars_est[47]      8.97623  9.31536e-07
T_pars_est[48]      7.90079  2.17399e-05
T_pars_est[49]      7.10192 -8.60212e-06
T_pars_est[50]      6.54275  3.88835e-06
T_pars_est[51]      6.13498 -8.71848e-06
T_pars_est[52]      5.83436 -2.01459e-06
T_pars_est[53]      5.62737  -2.5919e-06
T_pars_est[54]      5.52095  9.02262e-06
T_pars_est[55]      9.76843 -1.13106e-05
T_pars_est[56]      9.83496   1.0977e-05
T_pars_est[57]      10.1975  4.99456e-07
T_pars_est[58]      11.4368  1.01193e-05
T_pars_est[59]      13.2504  2.26364e-05
T_pars_est[60]      13.9405 -5.06538e-05
T_pars_est[61]      13.2832  3.69718e-05
T_pars_est[62]      12.1824  3.02739e-05
T_pars_est[63]      11.0055  7.62331e-06
T_pars_est[64]      9.87838  1.62745e-05
T_pars_est[65]      9.14336  1.22287e-05
T_pars_est[66]      8.71753  2.34251e-05
T_pars_est[67]      8.50433   1.3995e-05
T_pars_est[68]      8.40815  2.92519e-05
T_pars_est[69]      8.28407  3.14415e-05
T_pars_est[70]      8.11894  5.11521e-06
T_pars_est[71]      7.94146  1.90761e-05
T_pars_est[72]      7.77738  2.67314e-06
T_pars_est[73]      7.62454  1.53643e-05
T_pars_est[74]      7.48835 -1.22021e-05
T_pars_est[75]      7.39111 -6.79994e-06
T_pars_est[76]      7.33651   1.4969e-05
T_pars_est[77]     -15.2348 -4.22058e-07
T_pars_est[78]     -15.3431  1.22819e-06
T_pars_est[79]     -15.5292  5.18581e-06
T_pars_est[80]     -15.0323  -4.6138e-06
T_pars_est[81]     -14.0438 -9.43417e-07
T_pars_est[82]     -13.3199 -1.73498e-05
T_pars_est[83]     -14.4235 -3.49786e-06
T_pars_est[84]     -15.5266  5.06084e-06
T_pars_est[85]     -16.3747 -3.86672e-06
T_pars_est[86]     -17.0311  1.99521e-05
T_pars_est[87]     -17.4935 -1.74686e-06
T_pars_est[88]     -17.8377 -7.03074e-06
T_pars_est[89]     -18.1101  4.88013e-06
T_pars_est[90]     -18.3385 -5.60623e-06
T_pars_est[91]     -18.5362  1.07778e-05
T_pars_est[92]     -18.7102 -4.22085e-06
T_pars_est[93]     -18.8641  4.38077e-07
log_fbar[1]   -0.0203449  -0.00056745
log_fbar[2]     -5.58417 -0.000320305
log_fdev[1](1)      -1.3769  -1.2307e-05
log_fdev[1](2)     -1.71928  9.83036e-06
log_fdev[1](3)     -1.11497  6.21864e-05
log_fdev[1](4)    -0.768034 -5.16287e-05
log_fdev[1](5)    -0.630677 -9.45098e-06
log_fdev[1](6)    -0.270667  0.000277427
log_fdev[1](7)    -0.281528   9.6071e-05
log_fdev[1](8)    -0.225454 -0.000189346
log_fdev[1](9)     0.818075  -0.00019787
log_fdev[1](10)      0.27269  8.83556e-05
log_fdev[1](11)     0.618979  0.000149414
log_fdev[1](12)     0.766966 -1.36431e-05
log_fdev[1](13)     0.434704  3.16656e-05
log_fdev[1](14)     0.484077 -7.74753e-05
log_fdev[1](15)     0.458886 -3.13563e-05
log_fdev[1](16)     0.322445  0.000114383
log_fdev[1](17)     0.916125  3.41178e-05
log_fdev[1](18)    -0.479168 -6.76254e-05
log_fdev[1](19)    -0.456206  2.90701e-05
log_fdev[1](20)     0.179584 -7.84919e-05
log_fdev[1](21)     0.208894  2.90761e-05
log_fdev[1](22)    -0.455651  6.55917e-05
log_fdev[1](23)    -0.715644 -8.02881e-05
log_fdev[1](24)    -0.892825 -0.000243648
log_fdev[1](25)    -0.257171 -0.000208707
log_fdev[1](26)    0.0520238 -9.31775e-05
log_fdev[1](27)    -0.209949 -4.91993e-05
log_fdev[1](28)    -0.524469  -0.00010958
log_fdev[1](29)    -0.920412  -1.4431e-05
log_fdev[1](30)    -0.204657  0.000194041
log_fdev[1](31)     0.304972  0.000115879
log_fdev[1](32)     0.548107  4.01006e-05
log_fdev[1](33)      1.02187  7.85634e-05
log_fdev[1](34)      1.05604  2.82568e-05
log_fdev[1](35)     0.622385 -0.000130445
log_fdev[1](36)     0.720867 -1.09902e-05
log_fdev[1](37)      1.09563 -7.97693e-05
log_fdev[1](38)      1.51144 -8.10648e-05
log_fdev[1](39)      1.25212  -7.5142e-05
log_fdev[1](40)     -1.08774 -0.000241146
log_fdev[1](41)     -1.07547 -0.000202721
log_fdev[2](1)      0.31694 -1.47998e-05
log_fdev[2](2)     0.268972  7.39366e-06
log_fdev[2](3)     0.109113  -4.0837e-06
log_fdev[2](4)   -0.0671099 -2.71634e-05
log_fdev[2](5)     -9.04094 -4.45779e-06
log_fdev[2](6)     -4.97602  1.42115e-05
log_fdev[2](7)     -5.46795  1.56928e-05
log_fdev[2](8)     -1.60025 -3.66716e-06
log_fdev[2](9)    -0.343289 -4.13549e-06
log_fdev[2](10)      2.18819  2.65081e-05
log_fdev[2](11)      1.69595  1.46686e-05
log_fdev[2](12)      1.45231  2.72817e-05
log_fdev[2](13)      1.18305 -1.61019e-05
log_fdev[2](14)      1.44835  1.11423e-05
log_fdev[2](15)      1.30694 -2.31034e-05
log_fdev[2](16)      0.65988  4.55091e-06
log_fdev[2](17)     0.794183  2.41961e-06
log_fdev[2](18)     0.267784 -8.36191e-06
log_fdev[2](19)     0.529622 -1.25615e-05
log_fdev[2](20)      0.47426  -7.4405e-06
log_fdev[2](21)  -0.00760843 -3.85101e-05
log_fdev[2](22)    0.0606914 -5.09198e-05
log_fdev[2](23)    0.0762206 -5.46466e-05
log_fdev[2](24)     0.042198 -2.62068e-05
log_fdev[2](25)     0.716844 -9.79379e-06
log_fdev[2](26)     0.416449  1.68393e-05
log_fdev[2](27)    -0.178519  1.90884e-05
log_fdev[2](28)     0.453017 -1.48784e-05
log_fdev[2](29)    -0.928307 -1.57604e-05
log_fdev[2](30)    -0.567191   1.4805e-05
log_fdev[2](31)    -0.104721 -2.30576e-07
log_fdev[2](32)    0.0886554 -3.70171e-05
log_fdev[2](33)      1.65592 -1.03335e-05
log_fdev[2](34)      2.89379 -2.22953e-05
log_fdev[2](35)    -0.746028 -4.85441e-05
log_fdev[2](36)     0.309416 -3.32233e-05
log_fdev[2](37)      1.61025 -2.15318e-05
log_fdev[2](38)      1.01474 -4.19459e-05
log_fdev[2](39)     0.962632 -1.70987e-06
log_fdev[2](40)     0.484734 -4.43322e-05
log_fdev[2](41)    -0.198905  -4.6058e-05
log_fdev[2](42)     0.477683 -5.49629e-05
log_fdev[2](43)     0.268037 -5.14395e-05
log_foff[1]     -6.72379  2.63379e-05
log_fdov[1](1)      1.38032  2.22197e-05
log_fdov[1](2)      1.63916  1.12011e-05
log_fdov[1](3)      1.29737  5.24019e-05
log_fdov[1](4)      1.20613  2.67727e-06
log_fdov[1](5)      2.07308 -5.21197e-05
log_fdov[1](6)      2.21742   0.00012307
log_fdov[1](7)      1.09178  3.83004e-07
log_fdov[1](8)     0.566252 -4.95389e-05
log_fdov[1](9)      3.00916 -3.83251e-05
log_fdov[1](10)       1.7472 -7.66874e-09
log_fdov[1](11)        1.984  1.50219e-05
log_fdov[1](12)     0.912523  -1.4893e-05
log_fdov[1](13)     0.648631 -1.14285e-05
log_fdov[1](14)    -0.635407  -5.4775e-05
log_fdov[1](15)      1.08086 -5.31941e-05
log_fdov[1](16)      1.39578 -3.12421e-05
log_fdov[1](17)     -1.59261  -6.2543e-05
log_fdov[1](18)   -0.0997433 -3.98908e-05
log_fdov[1](19)     -2.27476  -9.7297e-06
log_fdov[1](20)    0.0380199 -3.62964e-05
log_fdov[1](21)     -1.98966  3.70239e-05
log_fdov[1](22)     -1.98887  5.86962e-05
log_fdov[1](23)     -1.09002  3.86144e-06
log_fdov[1](24)    -0.526458  1.10094e-05
log_fdov[1](25)     -2.68062  2.27222e-05
log_fdov[1](26)    -0.245733 -3.83921e-05
log_fdov[1](27)     0.176037 -3.46397e-05
log_fdov[1](28)     0.349163 -5.95555e-05
log_fdov[1](29)     0.648847 -3.42982e-05
log_fdov[1](30)      2.55377  2.65518e-05
log_fdov[1](31)     0.458958  5.33865e-05
log_fdov[1](32)     0.967343  9.68025e-05
log_fdov[1](33)      1.61221   5.5901e-05
log_fdov[1](34)     0.822816  7.45472e-05
log_fdov[1](35)     0.104057   4.3763e-05
log_fdov[1](36)    -0.229064  6.29843e-05
log_fdov[1](37)    -0.867284 -1.24743e-05
log_fdov[1](38)     -1.28297 -3.64856e-05
log_fdov[1](39)     -4.22016 -4.67632e-05
log_fdov[1](40)     -4.67995   5.1973e-06
log_fdov[1](41)     -5.57757  1.81784e-05
rec_dev_est(1982)     0.934411  9.57661e-05
rec_dev_est(1983)       0.2001 -0.000158679
rec_dev_est(1984)      0.52035 -5.58344e-05
rec_dev_est(1985)      2.26045  0.000565024
rec_dev_est(1986)    -0.158333  4.40894e-05
rec_dev_est(1987)     0.164365 -0.000100924
rec_dev_est(1988)    -0.163299  0.000148278
rec_dev_est(1989)     -1.10621 -0.000119849
rec_dev_est(1990)      1.56044     -0.00012
rec_dev_est(1991)      1.11543 -0.000156773
rec_dev_est(1992)    -0.248472 -2.14737e-05
rec_dev_est(1993)     -0.47788 -0.000118534
rec_dev_est(1994)      -1.5792 -8.23056e-05
rec_dev_est(1995)    -0.613325 -1.33128e-05
rec_dev_est(1996)     0.123516 -0.000332313
rec_dev_est(1997)    -0.551167  -0.00013853
rec_dev_est(1998)    -0.325561 -0.000510718
rec_dev_est(1999)    -0.814549 -0.000318078
rec_dev_est(2000)    -0.754757  2.27161e-05
rec_dev_est(2001)    0.0384145 -9.53165e-05
rec_dev_est(2002)      1.59112 -0.000287356
rec_dev_est(2003)      0.11636 -9.29145e-05
rec_dev_est(2004)      0.42392   4.2103e-05
rec_dev_est(2005)    -0.714549 -1.13085e-05
rec_dev_est(2006)    -0.814512 -2.82866e-05
rec_dev_est(2007)    -0.369924 -0.000300902
rec_dev_est(2008)      1.57807 -0.000937297
rec_dev_est(2009)    -0.389721 -5.60533e-05
rec_dev_est(2010)    -0.411716 -0.000449068
rec_dev_est(2011)     -1.03269 -0.000205894
rec_dev_est(2012)    -0.857492 -0.000209088
rec_dev_est(2013)     0.501236  -0.00049148
rec_dev_est(2014)     0.441857 -0.000824331
rec_dev_est(2015)   -0.0943494 -0.000145044
rec_dev_est(2016)    -0.602156  -0.00012452
rec_dev_est(2017)     -1.68332 -1.75781e-05
rec_dev_est(2018)    -0.721796 -6.67181e-05
rec_dev_est(2019)    -0.739413 -8.16994e-05
rec_dev_est(2020)     0.506538 -2.56102e-05
rec_dev_est(2021)     0.907043   3.6924e-05
rec_dev_est(2022)      1.02764  5.17032e-06
rec_dev_est(2023)    -0.787105 -1.28077e-05
rec_dev_est(2024)     -1.58397  1.52597e-06
logit_rec_prop_est(1982)      3.32994  0.000153616
logit_rec_prop_est(1983)      3.87521  0.000897926
logit_rec_prop_est(1984)       4.3309  0.000289961
logit_rec_prop_est(1985)    -0.868351    0.0027908
logit_rec_prop_est(1986)     -2.83172  0.000813068
logit_rec_prop_est(1987)      2.09146   0.00107876
logit_rec_prop_est(1988)      3.92284  0.000357093
logit_rec_prop_est(1989)      2.03228  0.000883197
logit_rec_prop_est(1990)     -0.62317  0.000882339
logit_rec_prop_est(1991)      1.81146   0.00143556
logit_rec_prop_est(1992)     -1.26785  0.000226437
logit_rec_prop_est(1993)     0.449278  0.000109993
logit_rec_prop_est(1994)     0.682337  0.000587239
logit_rec_prop_est(1995)     -3.14595  0.000621574
logit_rec_prop_est(1996)    -0.479402  -0.00120974
logit_rec_prop_est(1997)    -0.783997 -0.000495531
logit_rec_prop_est(1998)      0.79894  -0.00120053
logit_rec_prop_est(1999)      2.27393  -0.00066045
logit_rec_prop_est(2000)     -3.79139  0.000597397
logit_rec_prop_est(2001)      2.78003  0.000717804
logit_rec_prop_est(2002)     -1.36645  0.000119317
logit_rec_prop_est(2003)     0.500539  0.000763238
logit_rec_prop_est(2004)      2.42988  4.60734e-05
logit_rec_prop_est(2005)       1.8148  0.000527972
logit_rec_prop_est(2006)      -2.2862  0.000408071
logit_rec_prop_est(2007)     0.783829 -0.000628101
logit_rec_prop_est(2008)       -1.438  -0.00578889
logit_rec_prop_est(2009)     -1.05317   5.7791e-05
logit_rec_prop_est(2010)    -0.617813  -0.00145377
logit_rec_prop_est(2011)    0.0678719 -0.000328515
logit_rec_prop_est(2012)     0.231011 -0.000284049
logit_rec_prop_est(2013)    -0.583066  -0.00176939
logit_rec_prop_est(2014)    -0.161465  -0.00205948
logit_rec_prop_est(2015)     -1.29397 -0.000356837
logit_rec_prop_est(2016)     -1.37112  0.000329921
logit_rec_prop_est(2017)     -4.61139  0.000444194
logit_rec_prop_est(2018)     -5.21603  0.000249698
logit_rec_prop_est(2019)     -1.27416  0.000105779
logit_rec_prop_est(2020)     0.448851  0.000514488
logit_rec_prop_est(2021)     -1.15269  0.000666577
logit_rec_prop_est(2022)    -0.317252  0.000600978
logit_rec_prop_est(2023)    0.0339509  0.000573228
logit_rec_prop_est(2024)      1.84527  0.000701569
