ParName   Value   Gradient
T_pars_est[3]      13.4943   0.00988232
T_pars_est[11]      8.35408 -1.81509e-05
T_pars_est[12]      8.36188  5.70193e-05
T_pars_est[13]      8.40903 -3.73072e-05
T_pars_est[14]      8.66827  2.65016e-05
T_pars_est[15]      9.23038 -2.86977e-06
T_pars_est[16]      9.97914  5.26963e-05
T_pars_est[17]      10.7454   -0.0001295
T_pars_est[18]      11.1404  2.76001e-05
T_pars_est[19]      11.2224  1.14668e-05
T_pars_est[20]      11.3115  8.79477e-05
T_pars_est[21]      11.3462 -1.70467e-05
T_pars_est[22]       11.127  7.24405e-05
T_pars_est[23]      10.8031  8.97844e-06
T_pars_est[24]      10.5453 -5.41361e-05
T_pars_est[25]      10.7104 -0.000439381
T_pars_est[26]      11.5423 -0.000197096
T_pars_est[27]      11.0909 -0.000226477
T_pars_est[28]       10.138  6.65839e-06
T_pars_est[29]      9.15176  -1.6811e-05
T_pars_est[30]      8.18262  3.99208e-05
T_pars_est[31]      7.36114 -6.63059e-05
T_pars_est[32]      6.94294 -0.000632025
T_pars_est[33]      14.9639  0.000160875
T_pars_est[34]      13.6618  0.000357552
T_pars_est[35]      13.1219  0.000102166
T_pars_est[36]      13.2954 -0.000420206
T_pars_est[37]      12.8604 -7.88095e-05
T_pars_est[38]      12.9723  2.47017e-06
T_pars_est[39]      12.7056 -3.94881e-05
T_pars_est[40]      12.4322 -0.000184695
T_pars_est[41]      12.3379 -0.000306149
T_pars_est[42]      11.7613  0.000714879
T_pars_est[43]      11.0497 -0.000279383
T_pars_est[44]      10.8361 -0.000140902
T_pars_est[45]      10.9611  0.000210825
T_pars_est[46]      10.2668   0.00101263
T_pars_est[47]      8.97815  -0.00117441
T_pars_est[48]      7.90395  0.000207603
T_pars_est[49]      7.10645  1.75942e-05
T_pars_est[50]      6.54787  -0.00022658
T_pars_est[51]      6.14075  8.38697e-05
T_pars_est[52]      5.84092  6.80742e-05
T_pars_est[53]      5.63464  7.07097e-05
T_pars_est[54]      5.52861  0.000209194
T_pars_est[55]       9.8549  4.18322e-05
T_pars_est[56]      9.90518 -6.53732e-05
T_pars_est[57]      10.2041  6.42064e-06
T_pars_est[58]       11.471 -4.80082e-05
T_pars_est[59]      13.2722 -1.31157e-05
T_pars_est[60]      14.0044  5.89852e-05
T_pars_est[61]      13.3498 -0.000163971
T_pars_est[62]      12.2805  -7.6866e-05
T_pars_est[63]      11.1204 -0.000396826
T_pars_est[64]      9.99641 -9.11103e-05
T_pars_est[65]      9.24977 -3.49175e-05
T_pars_est[66]      8.82402 -2.94251e-05
T_pars_est[67]      8.61113 -2.98885e-05
T_pars_est[68]       8.5126   8.7828e-06
T_pars_est[69]       8.3798 -2.49857e-05
T_pars_est[70]      8.20214  0.000223454
T_pars_est[71]      8.01056 -0.000271012
T_pars_est[72]      7.83273 -3.95287e-05
T_pars_est[73]      7.66592   6.0535e-05
T_pars_est[74]      7.51763  2.76925e-05
T_pars_est[75]      7.41196  6.23746e-05
T_pars_est[76]      7.35282   6.9367e-05
T_pars_est[77]     -15.2348  4.00794e-05
T_pars_est[78]     -15.3431 -1.58231e-05
T_pars_est[79]     -15.5292 -4.08249e-05
T_pars_est[80]     -15.0323 -3.51787e-06
T_pars_est[81]     -14.0438  0.000146491
T_pars_est[82]     -13.3199  9.05795e-05
T_pars_est[83]     -14.4235  7.05434e-05
T_pars_est[84]     -15.5266  -0.00013075
T_pars_est[85]     -16.3747   6.8999e-05
T_pars_est[86]     -17.0311 -0.000238017
T_pars_est[87]     -17.4935 -1.52277e-05
T_pars_est[88]     -17.8377  8.76648e-05
T_pars_est[89]     -18.1101  9.81851e-07
T_pars_est[90]     -18.3385   8.0407e-05
T_pars_est[91]     -18.5362   5.5298e-05
T_pars_est[92]     -18.7102  1.47105e-05
T_pars_est[93]     -18.8641 -0.000109818
log_fbar[1]   -0.0344322   0.00181677
log_fbar[2]     -5.58505   3.6822e-05
log_fdev[1](1)     -1.37716  0.000430596
log_fdev[1](2)     -1.70676  0.000361007
log_fdev[1](3)     -1.09089 -3.38847e-05
log_fdev[1](4)    -0.757504  0.000220611
log_fdev[1](5)    -0.650217  -0.00014817
log_fdev[1](6)    -0.387028 -0.000634929
log_fdev[1](7)    -0.271533  7.63554e-05
log_fdev[1](8)    -0.111294  0.000105511
log_fdev[1](9)     0.889784  0.000208756
log_fdev[1](10)     0.317262  0.000231059
log_fdev[1](11)     0.637828 -0.000110522
log_fdev[1](12)      0.79149  -0.00018803
log_fdev[1](13)     0.474689 -1.85827e-05
log_fdev[1](14)     0.463142 -0.000137567
log_fdev[1](15)     0.445144  0.000132262
log_fdev[1](16)      0.38476    0.0001732
log_fdev[1](17)     0.993627  1.18092e-05
log_fdev[1](18)    -0.429159  0.000443585
log_fdev[1](19)    -0.418989  0.000155882
log_fdev[1](20)     0.165165  -2.8048e-05
log_fdev[1](21)      0.19191 -7.05205e-05
log_fdev[1](22)    -0.496075 -2.82849e-05
log_fdev[1](23)    -0.702274 -7.69907e-05
log_fdev[1](24)    -0.853084  0.000170584
log_fdev[1](25)     -0.18374  0.000268988
log_fdev[1](26)     0.112017 -1.23895e-05
log_fdev[1](27)    -0.262794  0.000249969
log_fdev[1](28)    -0.596936 -0.000136191
log_fdev[1](29)    -0.920199 -6.84204e-05
log_fdev[1](30)    -0.184604  1.81905e-05
log_fdev[1](31)     0.334772 -0.000212727
log_fdev[1](32)     0.585037 -0.000275223
log_fdev[1](33)      1.04099   -0.0002009
log_fdev[1](34)      1.03079  0.000138147
log_fdev[1](35)     0.598843   0.00034002
log_fdev[1](36)     0.715678  7.75995e-05
log_fdev[1](37)      1.07997  1.35154e-05
log_fdev[1](38)      1.50836 -6.46515e-07
log_fdev[1](39)      1.26101  2.44993e-05
log_fdev[1](40)     -1.15657  0.000235606
log_fdev[1](41)     -1.46545  0.000165399
log_fdev[2](1)     0.299986   -4.488e-05
log_fdev[2](2)     0.265108 -4.05865e-05
log_fdev[2](3)     0.112172 -1.58861e-05
log_fdev[2](4)   -0.0818655  -4.2628e-05
log_fdev[2](5)     -9.09311  1.64991e-05
log_fdev[2](6)     -5.07475 -9.84902e-06
log_fdev[2](7)     -5.44912  -3.4478e-05
log_fdev[2](8)     -1.50397  2.76523e-05
log_fdev[2](9)    -0.281469 -2.22321e-05
log_fdev[2](10)      2.21934  4.47285e-05
log_fdev[2](11)      1.70377 -1.66244e-05
log_fdev[2](12)      1.46745   1.8976e-05
log_fdev[2](13)      1.18872  2.00236e-05
log_fdev[2](14)       1.4219 -3.44315e-06
log_fdev[2](15)      1.30255 -4.18024e-05
log_fdev[2](16)     0.702917 -4.11091e-05
log_fdev[2](17)     0.841755  1.41971e-05
log_fdev[2](18)     0.295918  2.51563e-05
log_fdev[2](19)     0.547017  1.90882e-05
log_fdev[2](20)     0.461969  3.21445e-05
log_fdev[2](21)   -0.0326542  4.20819e-05
log_fdev[2](22)    0.0301795  1.49848e-05
log_fdev[2](23)    0.0845275  1.34125e-05
log_fdev[2](24)    0.0900134 -2.05532e-05
log_fdev[2](25)     0.783932 -4.57805e-05
log_fdev[2](26)     0.437638 -8.18419e-05
log_fdev[2](27)    -0.243246 -4.97991e-05
log_fdev[2](28)     0.385306 -4.12679e-05
log_fdev[2](29)    -0.942741   2.9096e-05
log_fdev[2](30)    -0.542614 -1.35568e-05
log_fdev[2](31)   -0.0407509  1.28953e-05
log_fdev[2](32)     0.149513  1.61568e-05
log_fdev[2](33)      1.69937 -4.83892e-05
log_fdev[2](34)      2.92882 -0.000241115
log_fdev[2](35)    -0.702427  5.86938e-05
log_fdev[2](36)     0.360294   4.3065e-05
log_fdev[2](37)      1.65545 -2.17121e-05
log_fdev[2](38)      1.06945  2.51287e-05
log_fdev[2](39)      1.00221  1.37215e-05
log_fdev[2](40)     0.452223 -2.20842e-05
log_fdev[2](41)    -0.314033  2.93466e-05
log_fdev[2](42)     0.289164  1.05477e-05
log_fdev[2](43)    0.0540674 -4.01343e-05
log_foff[1]     -6.57496  0.000531811
log_fdov[1](1)      1.16842  8.47348e-05
log_fdov[1](2)      1.41436  2.38947e-06
log_fdov[1](3)      1.05925 -0.000177514
log_fdov[1](4)     0.920468 -1.95807e-05
log_fdov[1](5)      1.45413 -3.90486e-05
log_fdov[1](6)      1.12027  3.52161e-06
log_fdov[1](7)     0.631613  0.000116326
log_fdov[1](8)     0.553854  2.43724e-05
log_fdov[1](9)      3.09428    7.852e-05
log_fdov[1](10)      1.68995  0.000139474
log_fdov[1](11)      1.78316 -2.02756e-06
log_fdov[1](12)     0.751072 -0.000101956
log_fdov[1](13)     0.470115 -0.000102756
log_fdov[1](14)    -0.891567 -0.000113727
log_fdov[1](15)     0.804065   9.5871e-05
log_fdov[1](16)      1.04113  3.37019e-05
log_fdov[1](17)     -1.91528  5.53761e-05
log_fdov[1](18)    -0.252291  0.000129299
log_fdov[1](19)     -2.30433  0.000103726
log_fdov[1](20)     0.051737  3.50297e-05
log_fdov[1](21)     -2.09345 -2.72912e-05
log_fdov[1](22)     -2.11957  7.42071e-05
log_fdov[1](23)     -1.28921  5.80184e-05
log_fdov[1](24)    -0.502545  0.000111611
log_fdov[1](25)     -2.44963  0.000123998
log_fdov[1](26)    -0.186635  5.05141e-05
log_fdov[1](27)    0.0741307  0.000172085
log_fdov[1](28)     0.198512  2.23928e-05
log_fdov[1](29)     0.467655  1.86787e-05
log_fdov[1](30)      2.68623 -3.61644e-06
log_fdov[1](31)     0.932763 -7.11975e-05
log_fdov[1](32)      1.50587  -0.00010845
log_fdov[1](33)      2.15563 -3.66486e-05
log_fdov[1](34)      1.35014  0.000125885
log_fdov[1](35)     0.561222  8.25372e-05
log_fdov[1](36)     0.156862 -1.08787e-05
log_fdov[1](37)    -0.481948 -5.23342e-05
log_fdov[1](38)    -0.847971  3.51084e-05
log_fdov[1](39)     -3.75553  3.62303e-05
log_fdov[1](40)     -4.07568  0.000124562
log_fdov[1](41)     -4.93126  5.45518e-05
rec_dev_est(1982)    -0.361909  9.10071e-05
rec_dev_est(1983)     0.967133  0.000447482
rec_dev_est(1984)       1.4513 -9.83798e-05
rec_dev_est(1985)      1.76792  0.000671811
rec_dev_est(1986)    -0.475213  4.64677e-05
rec_dev_est(1987)     0.712857  7.03153e-05
rec_dev_est(1988)     0.694681  0.000357964
rec_dev_est(1989)    -0.933971 -9.62649e-05
rec_dev_est(1990)      1.53586  0.000146842
rec_dev_est(1991)      1.52347  9.20724e-05
rec_dev_est(1992)    -0.061685  0.000236317
rec_dev_est(1993)    -0.272931  0.000512865
rec_dev_est(1994)     -1.44566  9.14731e-05
rec_dev_est(1995)     -1.21627  0.000345131
rec_dev_est(1996)    -0.269579  7.11124e-05
rec_dev_est(1997)    -0.443082 -6.58846e-05
rec_dev_est(1998)   -0.0213218 -0.000469174
rec_dev_est(1999)    -0.247513   0.00063187
rec_dev_est(2000)     -1.33223 -9.64041e-05
rec_dev_est(2001)     0.432404  0.000287978
rec_dev_est(2002)      1.14158 -0.000421471
rec_dev_est(2003)     0.484263  0.000131421
rec_dev_est(2004)      1.11483  0.000364457
rec_dev_est(2005)    -0.413043  0.000176689
rec_dev_est(2006)     -1.20357  0.000165528
rec_dev_est(2007)    -0.084948  0.000325375
rec_dev_est(2008)     0.796327  0.000121079
rec_dev_est(2009)     -0.73048   0.00049271
rec_dev_est(2010)    -0.707568  0.000317702
rec_dev_est(2011)    -0.882873   0.00022606
rec_dev_est(2012)    -0.649378  0.000382002
rec_dev_est(2013)     0.345563  0.000162075
rec_dev_est(2014)     0.406319 -1.23108e-05
rec_dev_est(2015)    -0.699992  0.000235458
rec_dev_est(2016)    -0.785187  5.22029e-05
rec_dev_est(2017)     -2.02572  0.000124002
rec_dev_est(2018)     -1.41077  5.99585e-05
rec_dev_est(2019)    -0.858296 -4.85148e-05
rec_dev_est(2020)     0.901538 -9.82216e-05
rec_dev_est(2021)     0.391985  8.51676e-06
rec_dev_est(2022)      1.09631  8.13852e-05
rec_dev_est(2023)    -0.465228 -3.36753e-05
rec_dev_est(2024)     -1.33935 -4.51434e-05
