ParName   Value   Gradient
T_pars_est[3]      13.7888   0.00137384
T_pars_est[11]      9.50932 -6.91035e-06
T_pars_est[12]      9.51972 -1.12518e-05
T_pars_est[13]      9.55496  4.84705e-05
T_pars_est[14]      9.67285 -8.93991e-06
T_pars_est[15]      10.1092 -4.09405e-05
T_pars_est[16]      10.6607 -5.41099e-05
T_pars_est[17]      11.1105 -2.07852e-06
T_pars_est[18]       11.324 -3.42334e-06
T_pars_est[19]      11.4222 -2.78057e-05
T_pars_est[20]      11.4616 -1.17273e-05
T_pars_est[21]      11.4309 -2.15621e-05
T_pars_est[22]      11.2094 -5.12937e-05
T_pars_est[23]      10.9395 -3.91808e-06
T_pars_est[24]      10.7316 -1.87925e-05
T_pars_est[25]      10.9323 -6.79987e-05
T_pars_est[26]      11.7255  0.000171813
T_pars_est[27]      11.2436  0.000502995
T_pars_est[28]      10.3178  5.65675e-05
T_pars_est[29]      9.29909  3.97846e-05
T_pars_est[30]      8.30722  6.49031e-05
T_pars_est[31]      7.47884  1.41891e-05
T_pars_est[32]      7.07252  3.47291e-05
T_pars_est[33]      12.1176 -3.08583e-05
T_pars_est[34]      12.2343  2.95158e-05
T_pars_est[35]      13.0746  1.11659e-05
T_pars_est[36]      13.5785  3.98654e-05
T_pars_est[37]       12.878  3.00769e-05
T_pars_est[38]      12.9631   5.0787e-05
T_pars_est[39]      12.7102  4.82474e-05
T_pars_est[40]      12.4595  5.37494e-05
T_pars_est[41]      12.3656  6.73737e-05
T_pars_est[42]      11.8981  1.77008e-05
T_pars_est[43]      11.2199  4.44258e-05
T_pars_est[44]      10.9928  4.41769e-05
T_pars_est[45]      11.0512  0.000112805
T_pars_est[46]      10.2493  5.91845e-05
T_pars_est[47]      8.95466    4.865e-05
T_pars_est[48]      7.90752  1.70827e-05
T_pars_est[49]      7.14298 -2.08111e-06
T_pars_est[50]      6.60608  4.64295e-06
T_pars_est[51]      6.21705  1.87278e-05
T_pars_est[52]      5.93123  1.12402e-05
T_pars_est[53]      5.73443  8.47764e-06
T_pars_est[54]      5.63284 -1.02502e-05
T_pars_est[55]      11.8961  1.64284e-05
T_pars_est[56]      11.9245 -1.64363e-06
T_pars_est[57]      11.9941 -3.21662e-05
T_pars_est[58]      12.2016 -5.23619e-05
T_pars_est[59]      13.4015  0.000202054
T_pars_est[60]      13.5399 -8.57567e-06
T_pars_est[61]      12.9866   7.9352e-06
T_pars_est[62]      12.1348 -0.000128981
T_pars_est[63]      11.0305 -0.000118036
T_pars_est[64]       9.9504  -9.7249e-05
T_pars_est[65]      9.22695 -7.06164e-05
T_pars_est[66]      8.77318 -2.99696e-05
T_pars_est[67]      8.48391  -3.9939e-05
T_pars_est[68]      8.39619 -7.24268e-05
T_pars_est[69]      8.30322 -0.000107952
T_pars_est[70]       8.1676 -5.37844e-05
T_pars_est[71]      8.01675 -3.44609e-05
T_pars_est[72]      7.87217 -7.76381e-05
T_pars_est[73]      7.73856 -6.68774e-05
T_pars_est[74]      7.61587 -7.46574e-05
T_pars_est[75]      7.52686 -5.77262e-05
T_pars_est[76]      7.47551  -7.6851e-05
T_pars_est[77]     -13.8243 -2.29036e-05
T_pars_est[78]     -13.9035  1.35144e-05
T_pars_est[79]     -14.0503 -2.05372e-05
T_pars_est[80]     -14.2432  3.12511e-05
T_pars_est[81]      -13.753  4.06685e-06
T_pars_est[82]     -13.5187  3.36172e-05
T_pars_est[83]     -14.5889 -3.82784e-05
T_pars_est[84]     -15.5949 -2.39676e-05
T_pars_est[85]     -16.4012 -2.83186e-06
T_pars_est[86]     -17.0317  -2.1331e-05
T_pars_est[87]     -17.4891 -2.16234e-05
T_pars_est[88]     -17.8344 -2.94074e-05
T_pars_est[89]     -18.1076  3.49577e-05
T_pars_est[90]     -18.3363  1.24447e-05
T_pars_est[91]     -18.5342 -4.40541e-06
T_pars_est[92]     -18.7086  1.62003e-05
T_pars_est[93]     -18.8631 -1.30033e-05
G_pars_est[1]      1.03541 -0.000421989
G_pars_est[2]     -0.24053  0.000757424
G_pars_est[4]     -4.60064 -0.000296317
G_pars_est[5]    -0.419117   0.00109672
S_pars_est[5]     -3.15056  1.25035e-05
S_pars_est[6]     -2.65858  3.62245e-05
S_pars_est[7]     -2.20802  3.15409e-06
S_pars_est[8]     -1.46555 -3.13705e-05
S_pars_est[9]     -1.44303 -7.94334e-06
S_pars_est[10]     -1.26444  -8.5548e-06
S_pars_est[11]    -0.971764 -9.27133e-06
S_pars_est[12]    -0.953666 -4.33111e-05
S_pars_est[13]     -1.07685 -1.26501e-05
S_pars_est[14]      -1.0527  1.17686e-05
S_pars_est[15]    -0.988712 -1.54578e-05
S_pars_est[16]     -0.95394  2.00658e-05
S_pars_est[17]    -0.936772  2.17047e-05
S_pars_est[18]    -0.837661  1.51113e-05
S_pars_est[19]    -0.833732  1.50172e-05
S_pars_est[20]     -0.89734  2.12499e-05
S_pars_est[21]    -0.749467 -1.07632e-05
S_pars_est[22]     -0.66363  1.12261e-05
S_pars_est[23]    -0.466266 -6.00953e-07
S_pars_est[24]    -0.303254  9.20156e-06
S_pars_est[25]    -0.209188 -2.01452e-05
S_pars_est[26]    -0.255876  2.03474e-05
S_pars_est[27]     -3.84662  3.11086e-05
S_pars_est[28]     -2.94402 -1.36808e-06
S_pars_est[29]     -2.35758 -1.91518e-05
S_pars_est[30]     -1.64551 -1.94446e-05
S_pars_est[31]     -1.44703  5.43759e-05
S_pars_est[32]     -1.25524 -3.32482e-05
S_pars_est[33]     -1.01668  9.95895e-06
S_pars_est[34]    -0.945023  1.04861e-05
S_pars_est[35]     -1.05002 -2.48907e-05
S_pars_est[36]     -1.09511 -2.45706e-05
S_pars_est[37]     -1.07715  1.17814e-06
S_pars_est[38]     -1.03365  4.76096e-05
S_pars_est[39]     -1.00716 -2.25028e-07
S_pars_est[40]    -0.862451 -2.97639e-05
S_pars_est[41]    -0.604973  1.37972e-05
S_pars_est[42]    -0.348238 -5.18927e-06
S_pars_est[43]    -0.240793 -1.40061e-07
S_pars_est[44]    -0.165474   5.1076e-06
S_pars_est[45]    -0.146963 -3.57714e-05
S_pars_est[46]    -0.123631 -8.25801e-07
S_pars_est[47]    -0.100616 -3.88143e-05
S_pars_est[48]    -0.112177  2.04725e-06
S_pars_est[51]     -4.60444 -2.13374e-06
S_pars_est[52]      -4.7871 -2.34357e-05
S_pars_est[53]     -3.72511 -6.02557e-05
S_pars_est[54]     -1.58152  6.22713e-06
S_pars_est[55]     -1.04154  7.64098e-05
S_pars_est[56]    -0.499268  3.45164e-05
S_pars_est[57]    -0.568462 -1.41858e-05
S_pars_est[58]    -0.787677 -8.98903e-06
S_pars_est[59]     -0.85929 -4.37515e-06
S_pars_est[60]    -0.939589 -1.50883e-06
S_pars_est[61]    -0.920301  7.62802e-06
S_pars_est[62]    -0.872571 -5.65277e-07
S_pars_est[63]    -0.836456  4.74122e-06
S_pars_est[64]    -0.788847  9.74508e-08
S_pars_est[65]     -0.71961  1.35156e-06
S_pars_est[66]    -0.630296  2.39881e-06
S_pars_est[67]    -0.529548 -1.95549e-06
S_pars_est[68]    -0.424145  -5.1424e-06
S_pars_est[69]    -0.314812 -4.93441e-06
S_pars_est[70]    -0.200399 -9.53362e-06
S_pars_est[71]   -0.0840751  7.60359e-06
S_pars_est[73]     -3.06471 -4.78245e-05
S_pars_est[74]     -2.57971  5.77951e-06
S_pars_est[75]     -2.02919 -3.58704e-05
S_pars_est[76]    -0.808455  3.40302e-05
S_pars_est[77]     -0.39609  3.53232e-05
S_pars_est[78]    -0.248318 -2.67563e-05
S_pars_est[79]     -0.56095  8.15421e-05
S_pars_est[80]     -1.22952  5.19228e-05
S_pars_est[81]     -1.46522 -1.69192e-06
S_pars_est[82]     -1.87376  1.11041e-05
S_pars_est[83]     -1.85291  1.06463e-05
S_pars_est[84]     -1.21787 -1.09879e-05
S_pars_est[85]    -0.850678 -5.72077e-06
S_pars_est[86]    -0.779175  8.53458e-06
S_pars_est[87]    -0.710821  1.77386e-06
S_pars_est[88]    -0.623427 -5.43568e-06
S_pars_est[89]    -0.524222 -2.12255e-06
S_pars_est[90]    -0.419941  3.12992e-06
S_pars_est[91]    -0.311304  1.28813e-06
S_pars_est[92]     -0.19719 -5.83427e-06
S_pars_est[93]   -0.0804819 -2.98099e-05
log_fbar[1]   -0.0353265  0.000152452
log_fbar[2]     -5.60492 -4.31127e-05
log_fdev[1](1)     -1.54446  0.000136094
log_fdev[1](2)     -1.84925  0.000113332
log_fdev[1](3)      -1.2111 -2.94358e-05
log_fdev[1](4)    -0.852481 -8.11826e-05
log_fdev[1](5)    -0.699706 -0.000172998
log_fdev[1](6)       -0.278  -0.00016776
log_fdev[1](7)    -0.231396  0.000245715
log_fdev[1](8)     -0.20069  0.000150492
log_fdev[1](9)      0.84146 -7.00668e-05
log_fdev[1](10)     0.311686 -0.000309397
log_fdev[1](11)     0.640217 -0.000160935
log_fdev[1](12)     0.793581  9.27878e-05
log_fdev[1](13)     0.479759 -0.000161189
log_fdev[1](14)     0.501906 -0.000376745
log_fdev[1](15)     0.501107 -0.000408449
log_fdev[1](16)     0.384986 -0.000289756
log_fdev[1](17)      1.00211 -0.000597422
log_fdev[1](18)    -0.417615  6.80278e-05
log_fdev[1](19)    -0.435082  0.000136976
log_fdev[1](20)     0.162137 -0.000133043
log_fdev[1](21)     0.256366  0.000183267
log_fdev[1](22)    -0.467081  0.000215195
log_fdev[1](23)    -0.687281  0.000239546
log_fdev[1](24)     -0.88955 -6.22036e-05
log_fdev[1](25)    -0.306859 -6.56938e-06
log_fdev[1](26)    0.0458106 -0.000210679
log_fdev[1](27)      -0.2003  2.31761e-05
log_fdev[1](28)    -0.514707  0.000251437
log_fdev[1](29)    -0.854105 -3.62908e-05
log_fdev[1](30)    -0.129589 -9.08621e-05
log_fdev[1](31)      0.35305 -2.61485e-05
log_fdev[1](32)     0.584726  7.84494e-06
log_fdev[1](33)      1.08194  0.000156547
log_fdev[1](34)      1.09406  0.000114478
log_fdev[1](35)     0.644699  0.000100115
log_fdev[1](36)     0.711164  3.20487e-05
log_fdev[1](37)      1.11372 -6.38234e-05
log_fdev[1](38)      1.54704 -0.000191394
log_fdev[1](39)       1.2766 -4.38065e-05
log_fdev[1](40)     -1.10601  0.000247871
log_fdev[1](41)     -1.45287  0.000127855
log_fdev[2](1)     0.176358  6.68923e-06
log_fdev[2](2)     0.161159  -8.2314e-06
log_fdev[2](3)    0.0242143  9.47127e-06
log_fdev[2](4)    -0.140383 -3.37827e-06
log_fdev[2](5)     -9.09497 -3.06214e-06
log_fdev[2](6)     -4.97432  2.02504e-05
log_fdev[2](7)     -5.42652  2.50591e-05
log_fdev[2](8)      -1.5782  1.05974e-06
log_fdev[2](9)     -0.33168 -1.17457e-05
log_fdev[2](10)       2.2085  3.47953e-06
log_fdev[2](11)      1.70015  2.98564e-05
log_fdev[2](12)      1.47866  1.05816e-05
log_fdev[2](13)      1.23028 -6.89985e-05
log_fdev[2](14)      1.48672 -4.29813e-05
log_fdev[2](15)       1.3559 -2.07936e-05
log_fdev[2](16)     0.717955 -3.20667e-06
log_fdev[2](17)     0.855608  3.40316e-05
log_fdev[2](18)     0.313195   7.5414e-05
log_fdev[2](19)      0.55102  6.14683e-05
log_fdev[2](20)     0.486058  4.01983e-05
log_fdev[2](21)    0.0235964  1.09127e-05
log_fdev[2](22)    0.0690053   1.9985e-05
log_fdev[2](23)     0.103677  1.95145e-05
log_fdev[2](24)    0.0500143  2.89682e-05
log_fdev[2](25)     0.692738  3.28898e-05
log_fdev[2](26)     0.413592  1.99145e-05
log_fdev[2](27)    -0.170295 -1.43372e-05
log_fdev[2](28)     0.473084 -4.80216e-05
log_fdev[2](29)    -0.863053 -2.10276e-05
log_fdev[2](30)    -0.483583 -5.36656e-06
log_fdev[2](31)   -0.0276426 -1.11747e-05
log_fdev[2](32)     0.159635  5.14872e-07
log_fdev[2](33)      1.72781 -3.81652e-05
log_fdev[2](34)      2.94538  1.24393e-05
log_fdev[2](35)     -0.70167  5.82945e-06
log_fdev[2](36)     0.347109  5.71343e-06
log_fdev[2](37)       1.6418 -9.60285e-06
log_fdev[2](38)      1.01983  8.50399e-06
log_fdev[2](39)     0.944801  -5.7895e-06
log_fdev[2](40)     0.427738  2.54203e-05
log_fdev[2](41)    -0.336236  4.52229e-06
log_fdev[2](42)     0.284681 -7.17161e-06
log_fdev[2](43)    0.0582876 -5.59479e-05
log_foff[1]     -6.76961 -5.60246e-05
log_fdov[1](1)      1.56512 -2.38864e-05
log_fdov[1](2)      1.78618  5.29058e-06
log_fdov[1](3)       1.4104 -9.96659e-05
log_fdov[1](4)      1.30182 -0.000119388
log_fdov[1](5)      2.06603 -0.000116362
log_fdov[1](6)       1.6978  -5.4499e-05
log_fdov[1](7)     0.915151 -2.18335e-05
log_fdov[1](8)     0.575809 -2.63076e-05
log_fdov[1](9)       2.8342 -4.46709e-05
log_fdov[1](10)      1.42638 -6.60216e-05
log_fdov[1](11)      1.59837 -9.15431e-05
log_fdov[1](12)     0.702365 -0.000122705
log_fdov[1](13)     0.749744 -4.11017e-05
log_fdov[1](14)    -0.487329 -7.74834e-05
log_fdov[1](15)      1.12092 -8.31337e-05
log_fdov[1](16)      1.28414 -4.05019e-05
log_fdov[1](17)     -1.78187  -8.5119e-05
log_fdov[1](18)    -0.201649 -0.000100578
log_fdov[1](19)     -2.26393 -8.36918e-05
log_fdov[1](20)     0.130168 -0.000122694
log_fdov[1](21)      -2.0338 -8.36573e-05
log_fdov[1](22)     -1.96522 -0.000128752
log_fdov[1](23)    -0.984101  9.22546e-05
log_fdov[1](24)     -0.45841  -3.3699e-07
log_fdov[1](25)     -2.61935  3.47475e-05
log_fdov[1](26)    -0.270085 -2.59552e-05
log_fdov[1](27)    0.0610354  1.31062e-05
log_fdov[1](28)     0.189527  0.000132392
log_fdov[1](29)      0.42412  0.000123015
log_fdov[1](30)      2.56384  5.30186e-05
log_fdov[1](31)     0.782446    2.997e-05
log_fdov[1](32)      1.32428  6.61015e-05
log_fdov[1](33)      1.87835   6.4547e-05
log_fdov[1](34)     0.981265  7.78125e-05
log_fdov[1](35)     0.244335  0.000126712
log_fdov[1](36)    0.0295201  1.82603e-05
log_fdov[1](37)    -0.743219  0.000139898
log_fdov[1](38)     -1.36575  4.32253e-05
log_fdov[1](39)     -4.43393 -8.60526e-06
log_fdov[1](40)     -4.87127  1.18921e-05
log_fdov[1](41)      -5.1634  0.000235593
rec_dev_est(1982)     0.718755  0.000328095
rec_dev_est(1983)     0.255787  8.17664e-05
rec_dev_est(1984)      1.08275 -0.000404161
rec_dev_est(1985)      1.75323 -0.000997092
rec_dev_est(1986)     0.883733  4.24389e-05
rec_dev_est(1987)     0.472207 -0.000235603
rec_dev_est(1988)    -0.250223 -0.000424861
rec_dev_est(1989)    -0.045285 -0.000111611
rec_dev_est(1990)     0.660801 -0.000567979
rec_dev_est(1991)     0.950615  0.000836413
rec_dev_est(1992)    -0.392312 -2.89051e-05
rec_dev_est(1993)   -0.0727979  0.000683206
rec_dev_est(1994)     -0.82847  0.000104037
rec_dev_est(1995)     -1.12005  0.000183257
rec_dev_est(1996)    -0.255123   0.00026047
rec_dev_est(1997)     -1.07758  0.000612606
rec_dev_est(1998)    -0.333694  5.40721e-05
rec_dev_est(1999)    -0.708817  7.19056e-06
rec_dev_est(2000)     -1.65705 -2.05093e-05
rec_dev_est(2001)   -0.0999089 -0.000207603
rec_dev_est(2002)      1.47802  0.000387334
rec_dev_est(2003)    -0.103756 -5.41954e-05
rec_dev_est(2004)      0.29089 -0.000327357
rec_dev_est(2005)    -0.463936 -7.84009e-05
rec_dev_est(2006)     -1.14596  6.35809e-05
rec_dev_est(2007)    0.0651009  5.57779e-05
rec_dev_est(2008)      0.68914  0.000346562
rec_dev_est(2009)    -0.886475 -3.89134e-06
rec_dev_est(2010)    -0.556445 -9.85184e-05
rec_dev_est(2011)    -0.716471 -0.000119303
rec_dev_est(2012)    -0.260539 -0.000217693
rec_dev_est(2013)    -0.419734 -0.000101513
rec_dev_est(2014)     0.397286   0.00041693
rec_dev_est(2015)    0.0442295 -2.14604e-05
rec_dev_est(2016)     0.101954  0.000146373
rec_dev_est(2017)     -1.25729  1.57238e-05
rec_dev_est(2018)       -1.421  0.000130611
rec_dev_est(2019)    -0.692855  0.000114169
rec_dev_est(2020)     0.377991 -0.000183942
rec_dev_est(2021)     0.402864  0.000101638
rec_dev_est(2022)      1.28283   5.7926e-05
rec_dev_est(2023)    -0.153471   3.3343e-05
rec_dev_est(2024)    -0.581071 -7.78897e-06
logit_rec_prop_est(1982)       3.0694 -0.000366784
logit_rec_prop_est(1983)      1.66412 -0.000597394
logit_rec_prop_est(1984)     0.217699   0.00047623
logit_rec_prop_est(1985)    -0.473123  -0.00245053
logit_rec_prop_est(1986)     -3.29285  0.000329278
logit_rec_prop_est(1987)     0.251736 -0.000299523
logit_rec_prop_est(1988)      1.52446  0.000529548
logit_rec_prop_est(1989)    -0.855059  5.91732e-05
logit_rec_prop_est(1990)      1.56256   -0.0013283
logit_rec_prop_est(1991)      1.26637   0.00123342
logit_rec_prop_est(1992)     -1.49764   0.00057277
logit_rec_prop_est(1993)    -0.672572   0.00311989
logit_rec_prop_est(1994)     -1.20237  0.000856936
logit_rec_prop_est(1995)      -0.3354  0.000780922
logit_rec_prop_est(1996)    -0.993731   0.00328991
logit_rec_prop_est(1997)      2.74063  0.000561712
logit_rec_prop_est(1998)    -0.164738  8.43013e-05
logit_rec_prop_est(1999)     0.792867   0.00042477
logit_rec_prop_est(2000)      1.31479  7.37882e-05
logit_rec_prop_est(2001)      2.47582 -0.000446327
logit_rec_prop_est(2002)     -1.53716 -0.000853117
logit_rec_prop_est(2003)      1.95488 -0.000267934
logit_rec_prop_est(2004)      1.00964  -0.00105103
logit_rec_prop_est(2005)   -0.0648472 -2.96796e-05
logit_rec_prop_est(2006)   -0.0347758  0.000207317
logit_rec_prop_est(2007)    -0.406133  7.80151e-05
logit_rec_prop_est(2008)    -0.493119 -0.000243137
logit_rec_prop_est(2009)    -0.492152 -1.60141e-05
logit_rec_prop_est(2010)     -0.70242 -0.000777386
logit_rec_prop_est(2011)    -0.668457 -0.000467077
logit_rec_prop_est(2012)    -0.787196  -0.00121041
logit_rec_prop_est(2013)     0.950271   -0.0016476
logit_rec_prop_est(2014)    -0.128347   0.00109832
logit_rec_prop_est(2015)     -3.60897  0.000219343
logit_rec_prop_est(2016)     -1.15883  0.000334899
logit_rec_prop_est(2017)     -3.52921  0.000104245
logit_rec_prop_est(2018)     -3.26377 -6.07336e-05
logit_rec_prop_est(2019)      1.89213 -0.000168009
logit_rec_prop_est(2020)    -0.460533  -0.00191273
logit_rec_prop_est(2021)     0.240334  1.80174e-05
logit_rec_prop_est(2022)   -0.0181788  0.000244076
logit_rec_prop_est(2023)      1.67639  3.55611e-05
logit_rec_prop_est(2024)      2.23746   0.00019072
