#========================================================================================================																													
#	Gmacs	Main	Data	File	Version	1.1:	BBRKC	Example																					
#	GEAR_INDEX	DESCRIPTION																											
#	1	:	Pot	fishery	retained	catch.																							
#	1	:	Pot	fishery	with	discarded	catch.																						
#	2	:	Trawl	bycatch																									
#	3	:	Trawl	survey																									
#	Fisheries:	1	Pot	"Fishery,"	2	Pot	"Discard,"	3	Trawl	"by-catch,"	4	Tanner bycatch 5 fixed gear																	
#	Surveys:	6	NMFS	Trawl	"Survey,"	7	BSFRF	Survey																					
#========================================================================================================																													
1982	# Start	year																											
2024	# End	year																											
3	# Number of seasons																												
4	# Number of fleets (fishing fleets and surveys)																												
2	# Number of sexes																												
1	# Number of shell condition types																												
2	# Number of maturity types																												
22	# Number of size-classes in the	model																											
3	# Season recruitment occurs																												
3	# Season molting and growth occurs																												
3	# Season to calculate SSB																												
1	# Season for N output																												
# maximum size-class (males then females)																													
22 22																													
#	size_breaks (a	vector	giving	the	break	points	between	size	"intervals,"	dim=nclass+1)																			
25	30	35	40	45	50	55	60	65	70	75	80	85	90	95	100	105	110	115	120	125	130	135							
#	Natural	mortality	per	season	input	type	(1	=	vector	by	"season,"	2	=	matrix	by	season/year)													
1																													
#	Proportion of the total	natural	mortality to be	applied	each	season																							
#0.625 0.00 0.375																													
0.62 0.01 0.37																													
# Fishing fleet	names (delimited with spaces; no spaces in names)																												
Pot_Fishery Trawl_Bycatch																													
# Survey names (delimited with spaces; no spaces in names)																													
NMFS_Trawl_1982 NMFS_Trawl_1989																													
# Are the seasons instantaneous (0) or continuous (1)																													
1 1 1																													
# Input catch data format (0: old; 1:new)																													
0																													
# Number of catch data frames																													
4																													
# Number of rows in each data frame																													
41	41	41	43																										
##		##																											
##	CATCH	DATA																											
##	Type of	"catch: 1 = retained, 2"	"= discard, 0 ="	total																									
##	Units of catch:	"1 = biomass, 2 = numbers"																											
##	for snow Units	are in 1000 mt	for landed & discards.																										
##		##																											
##	Male	retained	pot	fishery	(tonnes)																								
#year	seas	fleet	sex	obs	cv	type	units	mult	effort	discard_mortality																			
1982	2	1	1	11.8518			0.04	1	1	1	0	0.3																	
1983	2	1	1	12.1623			0.04	1	1	1	0	0.3																	
1984	2	1	1	29.9369			0.04	1	1	1	0	0.3																	
1985	2	1	1	44.4455			0.04	1	1	1	0	0.3																	
1986	2	1	1	46.2231			0.04	1	1	1	0	0.3																	
1987	2	1	1	61.3965			0.04	1	1	1	0	0.3																	
1988	2	1	1	67.7927			0.04	1	1	1	0	0.3																	
1989	2	1	1	73.32605206		0.04	1	1	1	0	0.3																	
1990	2	1	1	149.0721803		0.04	1	1	1	0	0.3																			
1991	2	1	1	143.0184802		0.04	1	1	1	0	0.3																			
1992	2	1	1	104.6682341		0.04	1	1	1	0	0.3																			
1993	2	1	1	67.94477854		0.04	1	1	1	0	0.3																			
1994	2	1	1	34.15964475		0.04	1	1	1	0	0.3																			
1995	2	1	1	29.7992585		0.04	1	1	1	0	0.3																			
1996	2	1	1	54.23942142		0.04	1	1	1	0	0.3																		
1997	2	1	1	110.4399093		0.04	1	1	1	0	0.3																			
1998	2	1	1	88.151463		0.04	1	1	1	0	0.3																			
1999	2	1	1	15.10068731		0.04	1	1	1	0	0.3																		
2000	2	1	1	11.45609373		0.04	1	1	1	0	0.3																			
2001	2	1	1	14.79861592		0.04	1	1	1	0	0.3																			
2002	2	1	1	12.84201687		0.04	1	1	1	0	0.3																			
2003	2	1	1	10.86006885		0.04	1	1	1	0	0.3																			
2004	2	1	1	11.29087012		0.04	1	1	1	0	0.3																			
2005	2	1	1	16.77106071		0.04	1	1	1	0	0.3																			
2006	2	1	1	16.49063154		0.04	1	1	1	0	0.3																			
2007	2	1	1	28.58901291		0.04	1	1	1	0	0.3																			
2008	2	1	1	26.55683592		0.04	1	1	1	0	0.3																			
2009	2	1	1	21.77880666		0.04	1	1	1	0	0.3																			
2010	2	1	1	24.61335341		0.04	1	1	1	0	0.3																			
2011	2	1	1	40.2928731		0.04	1	1	1	0	0.3																		
2012	2	1	1	30.05252386		0.04	1	1	1	0	0.3																			
2013	2	1	1	24.48638666		0.04	1	1	1	0	0.3																			
2014	2	1	1	30.81776033		0.04	1	1	1	0	0.3																			
2015	2	1	1	18.42102701		0.04	1	1	1	0	0.3																			
2016	2	1	1	9.784394477		0.04	1	1	1	0	0.3																			
2017	2	1	1	8.601679645		0.04	1	1	1	0	0.3																			
2018	2	1	1	12.50927085		0.04	1	1	1	0	0.3																			
2019	2	1	1	15.43326504		0.04	1	1	1	0	0.3																			
2020	2	1	1	20.41217977		0.04	1	1	1	0	0.3																			
2021	2	1	1	2.516636371		0.04	1	1	1	0	0.3	
2024	2	1	1	2.145273		0.04	1	1	1	0	0.3																			
##	Male	discard	pot	fishery																									
#year	seas	fleet	sex	obs	cv	type	units	mult	effort	discard_mortality																			
1982	2	1	1	1.2665			0.07	2	1	1	0	0.3																	
1983	2	1	1	1.23826			0.07	2	1	1	0	0.3																	
1984	2	1	1	2.75873			0.07	2	1	1	0	0.3																	
1985	2	1	1	4.01467			0.07	2	1	1	0	0.3																	
1986	2	1	1	4.24531			0.07	2	1	1	0	0.3																	
1987	2	1	1	5.52241			0.07	2	1	1	0	0.3																	
1988	2	1	1	5.81669			0.07	2	1	1	0	0.3																	
1989	2	1	1	6.68474			0.07	2	1	1	0	0.3																	
1990	2	1	1	42.15330238		0.07	2	1	1	0	0.3																	
1991	2	1	1	15.25322346		0.07	2	1	1	0	0.3																			
1992	2	1	1	26.96050881		0.07	2	1	1	0	0.3																			
1993	2	1	1	22.8747251		0.07	2	1	1	0	0.3																		
1994	2	1	1	8.08359934		0.07	2	1	1	0	0.3																			
1995	2	1	1	16.54367475		0.07	2	1	1	0	0.3																			
1996	2	1	1	27.48682067		0.07	2	1	1	0	0.3																		
1997	2	1	1	26.22700516		0.07	2	1	1	0	0.3																			
1998	2	1	1	14.64329095		0.07	2	1	1	0	0.3																			
1999	2	1	1	5.318185785		0.07	2	1	1	0	0.3																		
2000	2	1	1	4.029071848		0.07	2	1	1	0	0.3																			
2001	2	1	1	6.644715131		0.07	2	1	1	0	0.3																			
2002	2	1	1	4.749581192		0.07	2	1	1	0	0.3																		
2003	2	1	1	0.076727097		0.07	2	1	1	0	0.3																			
2004	2	1	1	3.833779186		0.07	2	1	1	0	0.3																		
2005	2	1	1	0.734713346		0.07	2	1	1	0	0.3																			
2006	2	1	1	4.23585853		0.07	2	1	1	0	0.3																			
2007	2	1	1	5.814079137		0.07	2	1	1	0	0.3																			
2008	2	1	1	5.332451672		0.07	2	1	1	0	0.3																			
2009	2	1	1	4.393341757		0.07	2	1	1	0	0.3																			
2010	2	1	1	4.606700008		0.07	2	1	1	0	0.3																			
2011	2	1	1	3.882828754		0.07	2	1	1	0	0.3																			
2012	2	1	1	5.699305747		0.07	2	1	1	0	0.3																			
2013	2	1	1	10.71620214		0.07	2	1	1	0	0.3																			
2014	2	1	1	11.944237		0.07	2	1	1	0	0.3																			
2015	2	1	1	11.0231148		0.07	2	1	1	0	0.3																			
2016	2	1	1	4.701874583		0.07	2	1	1	0	0.3																			
2017	2	1	1	5.947940732		0.07	2	1	1	0	0.3																		
2018	2	1	1	8.625040019		0.07	2	1	1	0	0.3																			
2019	2	1	1	15.60776667		0.07	2	1	1	0	0.3																			
2020	2	1	1	6.11628565		0.07	2	1	1	0	0.3																		
2021	2	1	1	1.676682771		0.07	2	1	1	0	0.3	
2024	2	1	1	0.666224401		0.07	2	1	1	0	0.3																		
##	Female	discard																											
#year	seas	fleet	sex	obs	cv	type	units	mult	effort	discard_mortality																			
1982	2	1	2	0.015556	0.07	2	1	1	0	0.3																			
1983	2	1	2	0.0108887	0.07	2	1	1	0	0.3																			
1984	2	1	2	0.010782	0.07	2	1	1	0	0.3																			
1985	2	1	2	0.0108527	0.07	2	1	1	0	0.3																			
1986	2	1	2	0.0239127	0.07	2	1	1	0	0.3																			
1987	2	1	2	0.0345783	0.07	2	1	1	0	0.3																			
1988	2	1	2	0.0367518	0.07	2	1	1	0	0.3																			
1989	2	1	2	0.0477847	0.07	2	1	1	0	0.3																			
1990	2	1	2	1.522659659	0.07	2	1	1	0	0.3																			
1991	2	1	2	0.199924588	 0.07	2	1	1	0	0.3																				
1992	2	1	2	0.278295622	 0.07	2	1	1	0	0.3																				
1993	2	1	2	0.115559031	 0.07	2	1	1	0	0.3																				
1994	2	1	2	0.078126188	 0.07	2	1	1	0	0.3																				
1995	2	1	2	0.021310662	 0.07	2	1	1	0	0.3																				
1996	2	1	2	0.10057367	 0.07	2	1	1	0	0.3																				
1997	2	1	2	0.09901387	 0.07	2	1	1	0	0.3																				
1998	2	1	2	0.007600419	 0.07	2	1	1	0	0.3																				
1999	2	1	2	0.008020506	 0.07	2	1	1	0	0.3																				
2000	2	1	2	0.000918842	 0.07	2	1	1	0	0.3																				
2001	2	1	2	0.015991369	 0.07	2	1	1	0	0.3																				
2002	2	1	2	0.001835884	 0.07	2	1	1	0	0.3																				
2003	2	1	2	0.000821389	 0.07	2	1	1	0	0.3																				
2004	2	1	2	0.00147843	 0.07	2	1	1	0	0.3																				
2005	2	1	2	0.003533722	 0.07	2	1	1	0	0.3																				
2006	2	1	2	0.001249455	 0.07	2	1	1	0	0.3																				
2007	2	1	2	0.018368231	 0.07	2	1	1	0	0.3																				
2008	2	1	2	0.017389797	 0.07	2	1	1	0	0.3																				
2009	2	1	2	0.012412382	 0.07	2	1	1	0	0.3																				
2010	2	1	2	0.01004964	 0.07	2	1	1	0	0.3																				
2011	2	1	2	0.190936	 0.07	2	1	1	0	0.3																				
2012	2	1	2	0.057137805	 0.07	2	1	1	0	0.3																				
2013	2	1	2	0.115653821	 0.07	2	1	1	0	0.3																				
2014	2	1	2	0.298941804	 0.07	2	1	1	0	0.3																				
2015	2	1	2	0.11499731	 0.07	2	1	1	0	0.3																				
2016	2	1	2	0.033232091	 0.07	2	1	1	0	0.3																				
2017	2	1	2	0.028011304	 0.07	2	1	1	0	0.3																				
2018	2	1	2	0.022189316	 0.07	2	1	1	0	0.3																				
2019	2	1	2	0.021413292	 0.07	2	1	1	0	0.3																				
2020	2	1	2	0.00078163	 0.07	2	1	1	0	0.3																				
2021	2	1	2	0.0000419	 0.07	2	1	1	0	0.3	
2024	2	1	2	0.0000196	 0.07	2	1	1	0	0.3																			
##	Bycatch	from all 																											
#year	seas	fleet	sex	obs	cv	type	units	mult	effort	discard_mortality																			
1982	2	2	0	0.367285		0.2	2	1	1	0	1																		
1983	2	2	0	0.473323		0.2	2	1	1	0	1																		
1984	2	2	0	0.502882		0.2	2	1	1	0	1																		
1985	2	2	0	0.431674		0.2	2	1	1	0	1																		
1986	2	2	0	0.00005			0.2	2	1	1	0	1																		
1987	2	2	0	0.002804		0.2	2	1	1	0	1																		
1988	2	2	0	0.001931		0.2	2	1	1	0	1																		
1989	2	2	0	0.100212		0.2	2	1	1	0	1																		
1990	2	2	0	0.331630343		0.1	2	1	1	0	1																		
1991	2	2	0	4.451176265		0.1	2	1	1	0	1																		
1992	2	2	0	2.049938732		0.1	2	1	1	0	1																		
1993	2	2	0	1.125987569		0.1	2	1	1	0	1																		
1994	2	2	0	0.699352965		0.1	2	1	1	0	1																		
1995	2	2	0	1.043959969		0.1	2	1	1	0	1																		
1996	2	2	0	1.223472723		0.1	2	1	1	0	1																		
1997	2	2	0	0.726482693		0.1	2	1	1	0	1																		
1998	2	2	0	0.578718859		0.1	2	1	1	0	1																		
1999	2	2	0	0.242207695		0.1	2	1	1	0	1																		
2000	2	2	0	0.247224608		0.1	2	1	1	0	1																		
2001	2	2	0	0.181282184		0.1	2	1	1	0	1																		
2002	2	2	0	0.10454385		0.1	2	1	1	0	1																		
2003	2	2	0	0.136309778		0.1	2	1	1	0	1																		
2004	2	2	0	0.179525634		0.1	2	1	1	0	1																		
2005	2	2	0	0.18869077		0.1	2	1	1	0	1																			
2006	2	2	0	0.363288907		0.1	2	1	1	0	1																			
2007	2	2	0	0.30606164		0.1	2	1	1	0	1																			
2008	2	2	0	0.189057311		0.1	2	1	1	0	1																			
2009	2	2	0	0.388752609		0.1	2	1	1	0	1																			
2010	2	2	0	0.138071251		0.1	2	1	1	0	1																			
2011	2	2	0	0.139625567		0.1	2	1	1	0	1																			
2012	2	2	0	0.150424948		0.1	2	1	1	0	1																			
2013	2	2	0	0.162110559		0.1	2	1	1	0	1																			
2014	2	2	0	0.617397153		0.1	2	1	1	0	1																			
2015	2	2	0	1.581878693		0.1	2	1	1	0	1																			
2016	2	2	0	0.035073852		0.1	2	1	1	0	1																			
2017	2	2	0	0.101232616		0.1	2	1	1	0	1																			
2018	2	2	0	0.401392627		0.1	2	1	1	0	1																			
2019	2	2	0	0.210518829		0.1	2	1	1	0	1																			
2020	2	2	0	0.19323263		0.1	2	1	1	0	1																			
2021	2	2	0	0.129530782		0.1	2	1	1	0	1																			
2022	2	2	0	0.060399579		0.1	2	1	1	0	1																		
2023	2	2	0	0.10723814		0.1	2	1	1	0	1
2024	2	2	0	0.092467764		0.1	2	1	1	0	1																			
##	RELATIVE	ABUNDANCE	DATA																										
# Input abundance data format (0: old; 1:new)																													
0																													
##	Number	of	relative	abundance	indicies																								
4																													
# Index Type  (1=Selecivity; 2=retention)																													
1 1 1 1																													
##	Number	of	rows of index data																										
86																													
##	Survey	data																											
##  Mature: 1=mature; 2=immature; 0=combined																													
##  Index: indicates if a different q is estimated for the survey																													
##	Units:	of	Abundance:	1	=	"biomass,"	2	=	numbers		(Units for snow crab are in 1000 mt.)																		
#Index Year	Season	Fleet	Sex Mature	Obs		CV		Units	Timing	RAI																			
1	1982	1		3		2		1	150.44		0.158	1		0   1																
1	1983	1		3		2		1	82.71		0.203	1		0	1															
1	1984	1		3		2		1	40.02		0.200	1		0	1															
1	1985	1		3		2		1	6.11		0.215	1		0	1															
1	1986	1		3		2		1	15.22		0.209	1		0	1															
1	1987	1		3		2		1	119.70		0.189	1		0	1															
1	1988	1		3		2		1	168.69		0.177	1		0	1															
2	1989	1		4		2		1	257.11		0.324	1		0	2															
2	1990	1		4		2		1	175.60		0.210	1		0	2															
2	1991	1		4		2		1	200.18		0.243	1		0	2															
2	1992	1		4		2		1	124.57		0.202	1		0	2															
2	1993	1		4		2		1	127.19		0.166	1		0	2															
2	1994	1		4		2		1	122.78		0.140	1		0	2															
2	1995	1		4		2		1	165.28		0.136	1		0	2															
2	1996	1		4		2		1	104.55		0.151	1		0	2															
2	1997	1		4		2		1	101.44		0.197	1		0	2															
2	1998	1		4		2		1	70.25		0.280	1		0	2															
2	1999	1		4		2		1	29.89		0.238	1		0	2															
2	2000	1		4		2		1	93.91		0.539	1		0	2															
2	2001	1		4		2		1	75.15		0.297	1		0	2															
2	2002	1		4		2		1	29.59		0.319	1		0	2															
2	2003	1		4		2		1	38.84		0.406	1		0	2															
2	2004	1		4		2		1	47.76		0.280	1		0	2															
2	2005	1		4		2		1	62.66		0.223	1		0	2															
2	2006	1		4		2		1	50.64		0.204	1		0	2															
2	2007	1		4		2		1	54.61		0.324	1		0	2															
2	2008	1		4		2		1	50.04		0.235	1		0	2															
2	2009	1		4		2		1	50.55		0.231	1		0	2															
2	2010	1		4		2		1	95.52		0.184	1		0	2															
2	2011	1		4		2		1	170.66		0.192	1		0	2															
2	2012	1		4		2		1	144.85		0.235	1		0	2															
2	2013	1		4		2		1	127.24		0.207	1		0	2															
2	2014	1		4		2		1	112.96		0.214	1		0	2															
2	2015	1		4		2		1	82.92		0.183	1		0	2															
2	2016	1		4		2		1	54.50		0.206	1		0	2															
2	2017	1		4		2		1	106.48		0.219	1		0	2															
2	2018	1		4		2		1	165.84		0.200	1		0	2															
2	2019	1		4		2		1	109.52		0.197	1		0	2															
2	2021	1		4		2		1	30.67		0.443	1		0	2															
2	2022	1		4		2		1	21.50		0.345	1		0	2															
2	2023	1		4		2		1	15.42		0.274	1		0	2															
2	2024	1		4		2		1	44.25		0.229	1		0       2
2	2025	1		4		2		1	158.35		0.172	1		0	2															
3	1982	1		3		1		1	171.69		0.138	1		0	3															
3	1983	1		3		1		1	147.08		0.126	1		0	3															
3	1984	1		3		1		1	166.86		0.118	1		0	3															
3	1985	1		3		1		1	69.96		0.106	1		0	3															
3	1986	1		3		1		1	84.58		0.112	1		0	3															
3	1987	1		3		1		1	182.05		0.107	1		0	3															
3	1988	1		3		1		1	252.59		0.149	1		0	3															
4	1989	1		4		1		1	246.92		0.107	1		0	4															
4	1990	1		4		1		1	351.32		0.139	1		0	4															
4	1991	1		4		1		1	388.82		0.147	1		0	4															
4	1992	1		4		1		1	223.99		0.094	1		0	4															
4	1993	1		4		1		1	175.99		0.105	1		0	4															
4	1994	1		4		1		1	150.33		0.084	1		0	4															
4	1995	1		4		1		1	193.34		0.127	1		0	4															
4	1996	1		4		1		1	263.49		0.125	1		0	4															
4	1997	1		4		1		1	284.26		0.095	1		0	4															
4	1998	1		4		1		1	194.54		0.090	1		0	4															
4	1999	1		4		1		1	91.47		0.090	1		0	4															
4	2000	1		4		1		1	86.08		0.136	1		0	4															
4	2001	1		4		1		1	114.46		0.116	1		0	4															
4	2002	1		4		1		1	83.32		0.227	1		0	4															
4	2003	1		4		1		1	63.36		0.119	1		0	4															
4	2004	1		4		1		1	73.33		0.138	1		0	4															
4	2005	1		4		1		1	117.31		0.113	1		0	4															
4	2006	1		4		1		1	135.27		0.260	1		0	4															
4	2007	1		4		1		1	150.15		0.147	1		0	4															
4	2008	1		4		1		1	125.04		0.102	1		0	4															
4	2009	1		4		1		1	124.72		0.128	1		0	4															
4	2010	1		4		1		1	168.93		0.122	1		0	4															
4	2011	1		4		1		1	159.51		0.114	1		0	4															
4	2012	1		4		1		1	128.47		0.119	1		0	4															
4	2013	1		4		1		1	108.22		0.118	1		0	4															
4	2014	1		4		1		1	164.81		0.164	1		0	4															
4	2015	1		4		1		1	86.81		0.118	1		0	4															
4	2016	1		4		1		1	61.19		0.108	1		0	4															
4	2017	1		4		1		1	91.18		0.131	1		0	4															
4	2018	1		4		1		1	221.66		0.170	1		0	4															
4	2019	1		4		1		1	164.23		0.172	1		0	4															
4	2021	1		4		1		1	60.85		0.134	1		0	4															
4	2022	1		4		1		1	37.33		0.149	1		0	4															
4	2023	1		4		1		1	24.28		0.127	1		0	4															
4	2024	1		4		1		1	66.90		0.122	1		0	4
4	2025	1		4		1		1	144.88		0.147	1		0	4	
999 #chk      <-NEW as of version 2.20.29												
# Input abundance data format (0: old; 1:new)							#																						
0																													
## Number of length frequency matrices	 																												
13																													
## Number of rows in each matrix																													
41	31	31	34	34	7	36	7	36	7	36	7	36																	
##	Number	of	bins	in	each	matrix	(columns	of	size	data)																			
22	22	22	22	22	22	22	22	22	22	22	22	22																	
##	SIZE COMPOSITION DATA FOR ALL FLEETS																												
##	SIZE	COMP	LEGEND																										
##	Sex: 1	"= male,"	"2 = female, 0"	#NAME?																									
##	Type of	composition: 1	"= retained, 2 ="	"discard, 0 = total composition"																									
##	Maturity	state:	1	=	"mature,"	2	=	"immature,"	0	=	both	states	combined																
##	Shell	condition:	1	=	new	"shell,"	2	=	old	"shell,"	0	=	both	shell	types	combined													
##		##																											
#Retained	males																												
#Year	Season	Fleet	Sex	Type	Shell	Maturity	Nsamp	27.5	32.5	37.5	42.5	47.5	52.5	57.5	62.5	67.5	72.5	77.5	82.5	87.5	92.5	97.5	102.5	107.5	112.5	117.5	122.5	127.5	132.5																					
1982	2	1	1	1	0	0	100	0	0	0	0	0	0	0	0	0	0.000194628	0.000389257	0.000973141	0.003697937	0.01985206	0.1329311	0.3435186	0.2763725	0.1405216	0.05663681	0.01848965	0.004865703	0.001557026
1983	2	1	1	1	0	0	100	0	0	0	0	0	0	0	0	0	0	0.000238284	0.00039714	0.00127085	0.00833996	0.0518665	0.1884829	0.2749805	0.2584595	0.1475775	0.05409058	0.01199365	0.002303416
1984	2	1	1	1	0	0	100	0	0	0	0	0	0	0	6.74E-05	0	0.000202265	0.000134844	0.001685545	0.005326318	0.02117045	0.068568	0.1681495	0.2284249	0.2343583	0.1687563	0.0788161	0.02009168	0.00424758
1985	2	1	1	1	0	0	100	0	0	0	0	0	0	0	0	0	5.20E-05	0.000311705	0.00135072	0.00493532	0.02613126	0.09081	0.1857234	0.22105	0.2136211	0.149203	0.0753285	0.02576755	0.00571458
1986	2	1	1	1	0	0	100	0	0	0	0	0	0	0	0	0	0	0	0.001191021	0.00458085	0.03041682	0.100962	0.166193	0.2188732	0.2183231	0.1511677	0.0790655	0.02382047	0.00540541
1987	2	1	1	1	0	0	100	0	0	0	0	0	0	0	0	0	0	0	0.002413513	0.010324468	0.01863771	0.0754894	0.1863766	0.2288815	0.2153393	0.1543311	0.0821936	0.02252612	0.003486185
1988	2	1	1	1	0	0	100	0	0	0	0	0	0	0	0	0	0	0	0.00274904	0.00655697	0.02184975	0.0728395	0.1607883	0.2005376	0.2102102	0.1661033	0.1072941	0.041256	0.00981511
1989	2	1	1	1	0	0	100	0	0	0	0	0	0	0	6.23E-05	0.000218007	0.000342583	0.001463768	0.002616093	0.006882809	0.026129722	0.08770124	0.19701647	0.21859907	0.17951344	0.14366726	0.08944532	0.035753259	0.010588944
1990	2	1	1	1	0	0	100	0	0	0	0	0	0	0	5.15E-05	0.000103034	0.000103034	0.000231828	0.001133378	0.002910724	0.01586732	0.06279941	0.1744109	0.2589513	0.22495006	0.1528253	0.07802274	0.023311551	0.00432744
1991	2	1	1	1	0	0	100	0	0	0	0	0	0	0	8.63E-06	6.04E-05	0.00044891	0.00164457	0.004307819	0.008853038	0.02823387	0.09598057	0.2194569	0.2354923	0.1873771	0.12119732	0.06490647	0.02451313	0.007519251
1992	2	1	1	1	0	0	100	0	0	0	0	0.00E+00	7.87E-06	7.87E-06	4.33E-05	2.36E-05	0.000157367	0.000696349	0.002462793	0.006436308	0.016645488	0.045065956	0.117997663	0.187703348	0.239044311	0.205466141	0.120122117	0.042009104	0.01611044
1993	2	1	1	1	0	0	100	0	0	0	0	0	0	8.08E-06	8.08E-06	4.85E-05	0.000301646	0.000878006	0.002634017	0.00559392	0.017137271	0.052314057	0.134682302	0.197346591	0.220670301	0.18539117	0.11591291	0.04884782	0.018123007
1994	2	1	1	1	0	0	100	0	0	0	1.89E-05	0.00E+00	2.83E-05	9.44E-06	1.89E-05	8.49E-05	0.000858782	0.002991582	0.007445925	0.012919482	0.035766864	0.096042052	0.176097543	0.201511834	0.185374278	0.141831188	0.08878487	0.03694651	0.013268657
1995	2	1	1	1	0	0	100	0	0	0	0	0	0	8.77E-06	3.51E-05	0.000140295	0.000482266	0.001929063	0.006269455	0.015897234	0.039773774	0.107554036	0.196466307	0.211442852	0.186707002	0.129308606	0.070095138	0.024867377	0.009022754
1996	2	1	1	1	0	0	100	0	0	0	0	0	0	0	0	3.67E-05	0.000110027	0.00051346	0.001650407	0.005244627	0.021910071	0.097557397	0.254206704	0.26144649	0.185953202	0.103396171	0.047194308	0.01568987	0.005090589
1997	2	1	1	1	0	0	100	0	0	0	0	0	0	0	3.97E-06	1.59E-05	0.000103099	0.000281538	0.000582903	0.001736813	0.006824328	0.043571015	0.166547707	0.248011388	0.240326584	0.163879042	0.08362082	0.03302721	0.011467726
1998	2	1	1	1	0	0	100	0	0	0	0	0	0	0	1.32E-05	1.76E-05	7.49E-05	0.000202741	0.000594999	0.001710072	0.008872102	0.045140618	0.161156679	0.247982511	0.249370843	0.174211405	0.080430691	0.024121715	0.006099845
1999	2	1	1	1	0	0	100	0	0	0	0	0	0	0	9.16E-05	0.000152737	0.000152737	0.000397116	0.000916422	0.001282991	0.00672043	0.03619868	0.131873167	0.217986315	0.25931696	0.200574291	0.105694037	0.031066716	0.007575758
2000	2	1	1	1	0	0	100	0	0	0	0	0	0	0	2.58E-05	0	0.000103138	0.000464121	0.001186087	0.002991001	0.006110925	0.026661166	0.105664853	0.187427481	0.247221721	0.224789212	0.138333806	0.04682464	0.012196065
2001	2	1	1	1	0	0	100	0	0	0	0	0	0	1.93E-05	0	5.78E-05	0.000173491	0.000636132	0.001291541	0.003354152	0.013262395	0.053685712	0.175630349	0.21514766	0.213509137	0.172237644	0.101935384	0.039151053	0.009908243
2002	2	1	1	1	0	0	100	0	0	0	0	0	0	0	0	0	0.000129777	0.00074622	0.002303549	0.006748426	0.023554604	0.093796639	0.245636234	0.262474856	0.188534164	0.114561028	0.045584323	0.012945299	0.002984881
2003	2	1	1	1	0	0	100	0	0	0	0	0	0	0	3.39E-05	0.000135699	0.000169624	0.000271398	0.000508871	0.001560539	0.006513553	0.03880992	0.153882688	0.242969095	0.248295281	0.183600773	0.089832751	0.02775045	0.005665434
2004	2	1	1	1	0	0	100	0	0	0	0	0	0	0	4.35E-05	4.35E-05	0.000304321	0.000434745	0.00086949	0.002391096	0.008303626	0.030301713	0.096382923	0.172898009	0.228545344	0.225415181	0.151334667	0.064559604	0.018172333
2005	2	1	1	1	0	0	100	0	0	0	0	0	0	0	0	2.27E-05	2.27E-05	0.00024983	0.000476948	0.000749489	0.001635249	0.006927095	0.043947309	0.116034522	0.207313196	0.255416761	0.216556893	0.110243016	0.04040427
2006	2	1	1	1	0	0	100	0	0	0	0	0	0	0	0	2.83E-05	2.83E-05	5.66E-05	0.000735856	0.001500014	0.004811366	0.035094671	0.207539694	0.331474825	0.23954943	0.099425466	0.046840065	0.021254917	0.011660487
2007	2	1	1	1	0	0	100	0	0	0	0	0	0	0	0	3.87E-05	5.80E-05	9.67E-05	0.000328699	0.001237456	0.00419575	0.036369613	0.209149442	0.320559176	0.233782556	0.118312419	0.055801543	0.016260949	0.003809045
2008	2	1	1	1	0	0	100	0	0	0	0	0	0	0	0	0	1.99E-05	0.000119237	0.000397456	0.000914149	0.005127186	0.038215421	0.182968998	0.281935612	0.237400636	0.142567568	0.077007154	0.027563593	0.005763116
2009	2	1	1	1	0	0	100	0	0	0	0	0	0	0	0	3.21E-05	3.21E-05	9.63E-05	0.000192505	0.000449179	0.002502567	0.018544661	0.115567248	0.211819815	0.233637064	0.211370637	0.138218686	0.053131417	0.014405801
2010	2	1	1	1	0	0	100	0	0	0	0	0	0	0	0	0	0	0	8.05E-05	0.000348712	0.00152897	0.010327253	0.060783262	0.142167382	0.226824034	0.268320815	0.193079399	0.075992489	0.02054721
2011	2	1	1	1	0	0	100	0	0	0	0	0	0	0	0	1.70E-05	0	0.000186751	0.000526298	0.001171437	0.002105192	0.012325558	0.065040236	0.14106482	0.216512173	0.255016808	0.194798139	0.084292554	0.026943058
2012	2	1	1	1	0	0	100	0	0	0	0	0	0	0	0	2.11E-05	0	6.33E-05	0.000274123	0.000759109	0.003415992	0.025345816	0.12261724	0.198802294	0.212403003	0.203947368	0.146950911	0.062647605	0.022752193
2013	2	1	1	1	0	0	100	0	0	0	0	0	0	0	0	0	5.06E-05	0.000126537	0.000126537	0.000961684	0.007035481	0.0622058	0.216075315	0.25679506	0.197980463	0.129624943	0.081287645	0.035481095	0.012248823
2014	2	1	1	1	0	0	100	0	0	0	0	0	0	0	2.08E-05	2.08E-05	2.08E-05	2.08E-05	0.000332973	0.000582702	0.004203779	0.038458337	0.196328977	0.28300591	0.224673271	0.129838508	0.073566137	0.034212936	0.014713227
2015	2	1	1	1	0	0	100	0	0	0	0	0	0	0	0	0	3.06E-05	0.000183346	0.000213904	0.000458365	0.002902979	0.032971734	0.133262032	0.186462949	0.17854851	0.162200153	0.150588235	0.102521008	0.049656226
2016	2	1	1	1	0	0	100	0	0	0	0	0	0	0	0	0	9.12E-05	0.000136861	0.000136861	0.000547445	0.003056569	0.032481752	0.147992701	0.214781022	0.19165146	0.16455292	0.137636861	0.07504562	0.031888686
2017	2	1	1	1	0	0	100	0	0	0	0	0	0	5.56E-05	0	0.000111148	0	0.000222296	0.000222296	0.000444593	0.004501501	0.055462932	0.228854062	0.258419473	0.196843392	0.129654329	0.072468601	0.033844615	0.018895187
2018	2	1	1	1	0	0	100	0	0	0	0	0	0	4.36E-05	0	0	0.000174231	0.000435578	0.000914714	0.001437407	0.004312222	0.054969945	0.227545953	0.262392194	0.196358568	0.128147051	0.072044603	0.035935186	0.015288788
2019	2	1	1	1	0	0	100	0	0	0	0	0	0	0	0	0	6.11E-05	9.16E-05	0.000366513	0.000794111	0.009193366	0.09147552	0.281481934	0.262392719	0.164717021	0.095018478	0.054243914	0.027183043	0.012980666
2020	2	1	1	1	0	0	100	0	0	0	0	0	0	0	0	0	3.69E-05	0.000184447	0.000184447	0.00073779	0.005312085	0.071971374	0.278995131	0.300022134	0.192673749	0.08923565	0.0368157	0.016120702	0.007709901
2021	2	1	1	1	0	0	100	0	0	0	0	0	0	0	0	0	0	0	0.000136426	0.000409277	0.004638472	0.080081855	0.283901774	0.292087312	0.200545703	0.090995907	0.034924966	0.009686221	0.002592087
2024	2	1	1	1	0	0	100	0	0	0	0	0	0	0	0	0	0	0	0	0	0.001179941	0.013864307	0.086135693	0.186725664	0.24660767	0.224483776	0.144247788	0.058702065	0.038053097
# Total	males						
#Year	Season	Fleet	Sex	Type	Shell	Maturity	Nsamp	27.5	32.5	37.5	42.5	47.5	52.5	57.5	62.5	67.5	72.5	77.5	82.5	87.5	92.5	97.5	102.5	107.5	112.5	117.5	122.5	127.5	132.5																					
1992	2	1	1	0	0	0	100	0	0	0	6.59E-06	0	5.28E-05	0.000138482	0.000257181	0.001279312	0.004583103	0.010755454	0.021834032	0.035807549	0.055716019	0.085951307	0.135323521	0.182532774	0.205415315	0.153491071	0.075136504	0.022783625	0.008935401
1993	2	1	1	0	0	0	100	5.89E-06	5.89E-06	0	0	0	1.18E-05	5.30E-05	0.000477257	0.002339147	0.010316993	0.028370257	0.043848692	0.051838322	0.075907377	0.104383691	0.141533113	0.16784115	0.164447325	0.121942022	0.058154608	0.021158379	0.007365072
1994	2	1	1	0	0	0	100	0	0	0	0	0	1.27E-05	0.000547624	0.003387629	0.015206123	0.0506234	0.086053412	0.091886247	0.085709555	0.089135391	0.101514245	0.121292393	0.121801811	0.101845366	0.071776977	0.039301588	0.01524433	0.004661173
1995	2	1	1	0	0	0	100	0	0	0	0	0	0	0.000496104	0.002105416	0.008215962	0.028701418	0.058213542	0.0920938	0.114333769	0.125913557	0.118980204	0.124522046	0.116681187	0.098857751	0.066211703	0.03155704	0.010260878	0.002855622
1996	2	1	1	0	0	0	100	0	0	0	6.87E-06	0	6.87E-06	0.000164794	0.000823972	0.002581779	0.008088659	0.019541872	0.042317834	0.076553874	0.132604576	0.191237057	0.200094757	0.156115246	0.095498366	0.047364663	0.019219149	0.005918866	0.001853937
1997	2	1	1	0	0	0	100	0	0	0	2.72E-06	8.16E-06	7.62E-05	0.000198611	0.000737311	0.002171121	0.006513364	0.014525836	0.027563447	0.049394371	0.096165985	0.15246006	0.17636144	0.175139844	0.14259751	0.089834908	0.043193888	0.017243819	0.005811423
1998	2	1	1	0	0	0	100	0	6.48E-06	0	0	0	6.48E-06	0.00013608	0.0006156	0.0016524	0.00515808	0.010672559	0.023191918	0.041005437	0.083766953	0.137460229	0.175601506	0.188542065	0.166905347	0.105202792	0.045573836	0.011676959	0.00282528
1999	2	1	1	0	0	0	100	1.76E-05	1.76E-05	1.76E-05	0	0	0	0.000229059	0.001374352	0.00361208	0.007206541	0.012245833	0.013954964	0.018641858	0.041318674	0.085192233	0.134545583	0.190488776	0.210998344	0.165098495	0.085033654	0.025214082	0.004792614
2000	2	1	1	0	0	0	100	0	0	0	1.36E-05	0	1.36E-05	5.45E-05	0.000435629	0.000966552	0.002926882	0.008168044	0.020038934	0.031964278	0.055542698	0.103121554	0.160964918	0.191717603	0.193936589	0.140885144	0.066896279	0.017547681	0.004805532
2001	2	1	1	0	0	0	100	0	0	0	9.05E-06	1.81E-05	3.62E-05	0.000244452	0.000733357	0.003123557	0.010393749	0.021158704	0.037835782	0.051271605	0.086327874	0.139328752	0.189278504	0.172347919	0.139690904	0.089179817	0.042933065	0.01311894	0.002969643
2002	2	1	1	0	0	0	100	0	9.17E-05	7.86E-05	3.93E-05	2.62E-05	2.62E-05	0.000249001	0.001376057	0.003721906	0.011244348	0.02613197	0.051647992	0.080597602	0.134578337	0.18412948	0.194810301	0.147041478	0.092877269	0.047480506	0.018465369	0.004259223	0.001127056
2003	2	1	1	0	0	0	100	0	0	0	0	0	4.33E-05	8.66E-05	0.000389728	0.001277443	0.004178755	0.008379163	0.015004547	0.027259343	0.057961287	0.105594769	0.170527866	0.20943576	0.192049539	0.133308795	0.055579613	0.015957216	0.002966267
2004	2	1	1	0	0	0	100	0	0	0	2.19E-05	0	4.39E-05	0.00026332	0.003006232	0.006231897	0.012156587	0.013736505	0.017466866	0.025190907	0.043228298	0.068792241	0.118537699	0.171552708	0.208856315	0.167668744	0.101904678	0.033507417	0.007833758
2005	2	1	1	0	0	0	100	0	0	0	0	2.34E-05	0.000124801	0.000382203	0.000936008	0.002464822	0.005499048	0.015537737	0.031676079	0.043344981	0.049000031	0.067181991	0.09662725	0.134582384	0.174713737	0.177482762	0.125120901	0.056020093	0.01928177
2006	2	1	1	0	0	0	100	0	0	0	0	0	5.86E-06	7.62E-05	0.000521502	0.001001986	0.003714967	0.012621513	0.038848946	0.062234488	0.080539784	0.135520125	0.224737931	0.229179484	0.120871201	0.049349295	0.025653196	0.01102771	0.004095839
2007	2	1	1	0	0	0	100	0	0	4.48E-06	0	0	4.48E-06	3.59E-05	0.000354211	0.000959508	0.003228251	0.007375656	0.019970318	0.03655994	0.074348409	0.141482574	0.229286512	0.234160274	0.145647914	0.067564599	0.02926499	0.007815057	0.00193695
2008	2	1	1	0	0	0	100	0	0	0	0	5.14E-06	0	1.03E-05	0.000174793	0.000519237	0.001429188	0.00426186	0.011829361	0.026316601	0.063295564	0.143911041	0.220686216	0.229235641	0.158953505	0.085118962	0.040248617	0.011592877	0.002411113
2009	2	1	1	0	0	0	100	0	0	0	0	0	0	7.68E-05	0.000217482	0.000978668	0.002488246	0.00582723	0.010669396	0.019131992	0.047008028	0.104001023	0.165836185	0.189637637	0.186733617	0.147625292	0.084625963	0.028330188	0.006812294
2010	2	1	1	0	0	0	100	0	0	0	0	0	0	5.27E-06	4.74E-05	0.000179232	0.000469167	0.001149195	0.002356377	0.006320573	0.02071714	0.058371728	0.109321131	0.165241595	0.222237451	0.220619089	0.1363114	0.04603106	0.010622147
2011	2	1	1	0	0	0	100	0	0	0	0	6.00E-06	0.000180107	0.000870515	0.002053216	0.002311368	0.003710196	0.007198261	0.013862206	0.016353681	0.026877912	0.056409394	0.099911147	0.145940397	0.197018635	0.209373949	0.143917199	0.056313337	0.017692474
2012	2	1	1	0	0	0	100	0	4.24E-06	0	0	4.24E-06	8.47E-06	0.000203348	0.000843045	0.001707273	0.004172862	0.009862359	0.020724511	0.030099683	0.050726756	0.105151896	0.163461824	0.175311058	0.164364179	0.139038928	0.08770213	0.035763761	0.010832497
2013	2	1	1	0	0	0	100	0	0	0	0	0	4.15E-05	0.00016606	0.000863511	0.001897234	0.005845307	0.016045534	0.036005928	0.056352412	0.101865267	0.177069625	0.201849907	0.166238371	0.109313052	0.069890442	0.038156403	0.014318511	0.004068466
2014	2	1	1	0	0	0	100	0	0	0	0	0	1.40E-05	0.000163789	0.000921896	0.002428752	0.008512331	0.023229912	0.043535027	0.054901961	0.079900791	0.146473864	0.205414385	0.193476531	0.123688521	0.066428003	0.033726426	0.012850391	0.0043287
2015	2	1	1	0	0	0	100	0	0	0	0	6.65E-06	6.65E-06	0.000232725	0.000678228	0.002633119	0.007174584	0.019329486	0.035706687	0.056472419	0.094725783	0.141603277	0.159263791	0.144801585	0.112884994	0.093216394	0.074545189	0.040959626	0.015752168
2016	2	1	1	0	0	0	100	0	0	0	0	0	1.08E-05	0.000129616	0.000496862	0.002095462	0.007593351	0.019258811	0.036249338	0.054211987	0.08642162	0.136691114	0.160810533	0.146012681	0.11677342	0.095138311	0.07755371	0.042190082	0.018362299
2017	2	1	1	0	0	0	100	0	0	0	0	0	9.25E-05	0.000520129	0.002300126	0.005212848	0.014598287	0.031242415	0.049285112	0.071315464	0.12203382	0.188067085	0.193800062	0.150328837	0.094374516	0.048210178	0.020955419	0.005732977	0.001930256
2018	2	1	1	0	0	0	100	0	0	0	0	2.09E-05	9.39E-05	0.000646689	0.002169537	0.0052726	0.015463165	0.041054311	0.073899847	0.098484453	0.133416082	0.174152264	0.169437694	0.123011693	0.076538754	0.046832789	0.025471196	0.010237502	0.003796689
2019	2	1	1	0	0	0	100	0	0	0	0	2.95E-06	3.84E-05	0.000277415	0.000985707	0.003063366	0.010099072	0.028299242	0.064888459	0.111210797	0.180676597	0.229064788	0.166292354	0.097177749	0.053301972	0.029526949	0.015597194	0.006796658	0.002700366
2020	2	1	1	0	0	0	100	0	0	0	0	0	0	4.09E-05	0.000186926	0.00106314	0.004936007	0.015164349	0.040200711	0.077901292	0.144061312	0.200390207	0.206669743	0.152998697	0.088830604	0.04015398	0.018219416	0.006793581	0.002389144
2021	2	1	1	0	0	0	100	0	0	0	0	0	0	0	6.99E-05	0.0003844	0.001642438	0.005626223	0.015236231	0.037007269	0.09187168	0.171861895	0.227984344	0.204326251	0.143241543	0.066885658	0.025020967	0.007163824	0.001677383
2024	2	1	1	0	0	0	100	0	0	0	0	0	0	0	3.77E-05	0.000150915	0.001660064	0.005885682	0.017807961	0.028032447	0.048217317	0.084323713	0.152537257	0.189850972	0.193435201	0.146727033	0.080739483	0.031163931	0.019430296
# Discard	females					
#Year	Season	Fleet	Sex	Type	Shell	Maturity	Nsamp	DataVec																					
1992	2	1	2	2	0	0	100	0.0000	0.0000	0.0000	0.0000	0.0036	0.0458	0.0833	0.1594	0.2193	0.2318	0.1359	0.0750	0.0208	0.0188	0.0042	0.0021	0.0000	0.0000	0.0000	0.0000	0.0000	0.0000
1993	2	1	2	2	0	0	100	0.0000	0.0000	0.0000	0.0008	0.0055	0.0416	0.1265	0.2577	0.3001	0.1705	0.0353	0.0181	0.0204	0.0079	0.0118	0.0039	0.0000	0.0000	0.0000	0.0000	0.0000	0.0000
1994	2	1	2	2	0	0	100	0.0000	0.0000	0.0000	0.0000	0.0019	0.0186	0.0761	0.1484	0.2393	0.3506	0.0872	0.0186	0.0223	0.0148	0.0111	0.0037	0.0074	0.0000	0.0000	0.0000	0.0000	0.0000
1995	2	1	2	2	0	0	100	0.0000	0.0000	0.0000	0.0000	0.0074	0.0221	0.1176	0.1838	0.3603	0.1765	0.0735	0.0368	0.0147	0.0000	0.0074	0.0000	0.0000	0.0000	0.0000	0.0000	0.0000	0.0000
1996	2	1	2	2	0	0	100	0.0000	0.0000	0.0000	0.0000	0.0013	0.0051	0.1080	0.2694	0.3062	0.2541	0.0419	0.0038	0.0064	0.0025	0.0000	0.0000	0.0000	0.0013	0.0000	0.0000	0.0000	0.0000
1997	2	1	2	2	0	0	100	0.0000	0.0000	0.0009	0.0019	0.0244	0.1098	0.2158	0.3049	0.2364	0.0769	0.0206	0.0056	0.0009	0.0000	0.0009	0.0000	0.0000	0.0009	0.0000	0.0000	0.0000	0.0000
1998	2	1	2	2	0	0	100	0.0000	0.0000	0.0000	0.0090	0.0270	0.0721	0.1802	0.3694	0.2883	0.0180	0.0000	0.0090	0.0000	0.0180	0.0090	0.0000	0.0000	0.0000	0.0000	0.0000	0.0000	0.0000
1999	2	1	2	2	0	0	100	0.0000	0.0000	0.0000	0.0000	0.0000	0.0100	0.0300	0.1100	0.3800	0.3400	0.0700	0.0400	0.0200	0.0000	0.0000	0.0000	0.0000	0.0000	0.0000	0.0000	0.0000	0.0000
2000	2	1	2	2	0	0	100	0.0000	0.0000	0.0000	0.0000	0.0000	0.0667	0.0000	0.2667	0.0000	0.3333	0.1333	0.1333	0.0667	0.0000	0.0000	0.0000	0.0000	0.0000	0.0000	0.0000	0.0000	0.0000
2001	2	1	2	2	0	0	100	0.0000	0.0000	0.0000	0.0018	0.0376	0.2473	0.4032	0.1756	0.0878	0.0287	0.0018	0.0000	0.0018	0.0036	0.0018	0.0018	0.0054	0.0000	0.0018	0.0000	0.0000	0.0000
2002	2	1	2	2	0	0	100	0.0000	0.0000	0.0000	0.0000	0.0000	0.0317	0.1905	0.2857	0.3492	0.1111	0.0317	0.0000	0.0000	0.0000	0.0000	0.0000	0.0000	0.0000	0.0000	0.0000	0.0000	0.0000
2003	2	1	2	2	0	0	100	0.0000	0.0000	0.0000	0.0000	0.0000	0.0000	0.0000	0.2727	0.2727	0.0909	0.1818	0.1364	0.0455	0.0000	0.0000	0.0000	0.0000	0.0000	0.0000	0.0000	0.0000	0.0000
2004	2	1	2	2	0	0	100	0.0000	0.0000	0.0000	0.0000	0.0000	0.2222	0.2222	0.1111	0.2222	0.0000	0.1111	0.0000	0.0000	0.1111	0.0000	0.0000	0.0000	0.0000	0.0000	0.0000	0.0000	0.0000
2005	2	1	2	2	0	0	100	0.0076	0.0000	0.0000	0.0000	0.0000	0.0682	0.2273	0.2955	0.1970	0.1061	0.0758	0.0227	0.0000	0.0000	0.0000	0.0000	0.0000	0.0000	0.0000	0.0000	0.0000	0.0000
2006	2	1	2	2	0	0	100	0.0000	0.0000	0.0000	0.0000	0.0000	0.0000	0.0351	0.1404	0.3333	0.2632	0.1579	0.0175	0.0526	0.0000	0.0000	0.0000	0.0000	0.0000	0.0000	0.0000	0.0000	0.0000
2007	2	1	2	2	0	0	100	0.0000	0.0000	0.0000	0.0000	0.0000	0.0000	0.0110	0.2055	0.2575	0.3041	0.1342	0.0384	0.0329	0.0110	0.0027	0.0027	0.0000	0.0000	0.0000	0.0000	0.0000	0.0000
2008	2	1	2	2	0	0	100	0.0000	0.0000	0.0000	0.0000	0.0000	0.0000	0.0217	0.1649	0.2646	0.3688	0.1605	0.0130	0.0043	0.0022	0.0000	0.0000	0.0000	0.0000	0.0000	0.0000	0.0000	0.0000
2009	2	1	2	2	0	0	100	0.0000	0.0000	0.0000	0.0000	0.0000	0.0041	0.0041	0.0935	0.3211	0.3862	0.1504	0.0285	0.0041	0.0081	0.0000	0.0000	0.0000	0.0000	0.0000	0.0000	0.0000	0.0000
2010	2	1	2	2	0	0	100	0.0000	0.0000	0.0000	0.0000	0.0000	0.0172	0.0905	0.2371	0.2845	0.2737	0.0668	0.0151	0.0108	0.0000	0.0043	0.0000	0.0000	0.0000	0.0000	0.0000	0.0000	0.0000
2011	2	1	2	2	0	0	100	0.0000	0.0000	0.0004	0.0048	0.0305	0.2648	0.2993	0.1905	0.1523	0.0458	0.0078	0.0018	0.0005	0.0005	0.0009	0.0000	0.0000	0.0000	0.0000	0.0000	0.0000	0.0000
2012	2	1	2	2	0	0	100	0.0000	0.0000	0.0000	0.0019	0.0081	0.0305	0.0585	0.0921	0.1469	0.3385	0.2427	0.0653	0.0137	0.0006	0.0012	0.0000	0.0000	0.0000	0.0000	0.0000	0.0000	0.0000
2013	2	1	2	2	0	0	100	0.0000	0.0000	0.0000	0.0000	0.0003	0.0099	0.0443	0.0985	0.1830	0.3799	0.2327	0.0405	0.0075	0.0020	0.0003	0.0000	0.0000	0.0000	0.0000	0.0010	0.0000	0.0000
2014	2	1	2	2	0	0	100	0.0000	0.0000	0.0000	0.0000	0.0002	0.0109	0.0352	0.0789	0.2280	0.3948	0.2154	0.0281	0.0057	0.0021	0.0005	0.0002	0.0000	0.0000	0.0000	0.0000	0.0000	0.0000
2015	2	1	2	2	0	0	100	0.0000	0.0000	0.0000	0.0000	0.0004	0.0186	0.0503	0.1167	0.2563	0.3651	0.1635	0.0212	0.0052	0.0004	0.0004	0.0004	0.0004	0.0000	0.0000	0.0009	0.0000	0.0000
2016	2	1	2	2	0	0	100	0.0000	0.0000	0.0000	0.0000	0.0000	0.0064	0.0230	0.0691	0.2199	0.3990	0.2238	0.0409	0.0090	0.0051	0.0026	0.0000	0.0013	0.0000	0.0000	0.0000	0.0000	0.0000
2017	2	1	2	2	0	0	100	0.0000	0.0000	0.0000	0.0019	0.0019	0.0115	0.0477	0.1603	0.3874	0.2824	0.0687	0.0153	0.0191	0.0038	0.0000	0.0000	0.0000	0.0000	0.0000	0.0000	0.0000	0.0000
2018	2	1	2	2	0	0	100	0.0000	0.0000	0.0000	0.0039	0.0430	0.1289	0.2500	0.2559	0.2305	0.0645	0.0117	0.0098	0.0020	0.0000	0.0000	0.0000	0.0000	0.0000	0.0000	0.0000	0.0000	0.0000
2019	2	1	2	2	0	0	100	0.0000	0.0000	0.0000	0.0000	0.0018	0.0175	0.1336	0.3714	0.3825	0.0700	0.0147	0.0046	0.0018	0.0018	0.0000	0.0000	0.0000	0.0000	0.0000	0.0000	0.0000	0.0000
2020	2	1	2	2	0	0	100	0.0000	0.0000	0.0000	0.0556	0.0000	0.2778	0.1111	0.1667	0.3889	0.0000	0.0000	0.0000	0.0000	0.0000	0.0000	0.0000	0.0000	0.0000	0.0000	0.0000	0.0000	0.0000
2021	2	1	2	2	0	0	10	0.0000	0.0000	0.0000	0.0000	0.0000	1.0000	0.0000	0.0000	0.0000	0.0000	0.0000	0.0000	0.0000	0.0000	0.0000	0.0000	0.0000	0.0000	0.0000	0.0000	0.0000	0.0000
2024	2	1	2	2	0	0	10	0.0000	0.0000	0.0000	0.0000	0.0000	1.0000	0.0000	0.0000	0.0000	0.0000	0.0000	0.0000	0.0000	0.0000	0.0000	0.0000	0.0000	0.0000	0.0000	0.0000	0.0000	0.0000
# Trawl bycatch female				
#Year	Season	Fleet	Sex	Type	Shell	Maturity	Nsamp	DataVec																					
1991	2	2	2	2	0	0	100	0.054 0.051 0.037 0.052 0.081 0.133 0.142 0.152 0.134 0.087 0.029 0.011 0.005 0.004 0.003 0.004 0.003 0.005 0.003 0.001 0.003 0.004
1992	2	2	2	2	0	0	100	0.028 0.161 0.177 0.174 0.142 0.087 0.1 0.055 0.035 0.017 0.007 0.001 0.002 0.002 0.003 0.002 0.001 0.003 0.001 0.001 0 0
1993	2	2	2	2	0	0	100	0 0.002 0.01 0.112 0.327 0.26 0.199 0.067 0.019 0.003 0 0.001 0.001 0 0 0 0 0 0 0 0 0
1994	2	2	2	2	0	0	100	0 0 0 0.009 0.009 0.161 0.136 0.243 0.159 0.102 0.048 0.039 0.023 0.011 0.02 0.005 0.005 0 0.011 0.005 0.009 0.005
1995	2	2	2	2	0	0	100	0.02 0.014 0.003 0.017 0.042 0.127 0.133 0.21 0.207 0.105 0.025 0.04 0.011 0.017 0.017 0.008 0.003 0 0 0 0 0
1996	2	2	2	2	0	0	100	0.002 0.002 0.004 0.014 0.07 0.125 0.183 0.187 0.206 0.1 0.033 0.027 0.011 0.011 0.007 0.009 0.002 0.002 0.002 0.001 0.001 0
1997	2	2	2	2	0	0	100	0.008 0.067 0.059 0.168 0.158 0.144 0.196 0.098 0.047 0.019 0.009 0.009 0.008 0.004 0.003 0.002 0.001 0.001 0 0 0 0
1998	2	2	2	2	0	0	100	0.02 0.028 0.046 0.17 0.222 0.148 0.121 0.08 0.047 0.026 0.019 0.013 0.011 0.011 0.01 0.01 0.004 0.005 0.005 0.002 0.001 0.001
1999	2	2	2	2	0	0	100	0.003 0.006 0.027 0.072 0.072 0.135 0.237 0.211 0.112 0.044 0.014 0.007 0.007 0.004 0.006 0.007 0.008 0.011 0.008 0.005 0.004 0.001
2000	2	2	2	2	0	0	100	0.006 0.014 0.016 0.029 0.05 0.134 0.219 0.187 0.128 0.099 0.033 0.025 0.018 0.007 0.006 0.003 0.006 0.008 0.005 0.004 0.001 0.001
2001	2	2	2	2	0	0	100	0.01 0.027 0.06 0.078 0.055 0.143 0.163 0.131 0.126 0.091 0.038 0.023 0.012 0.01 0.012 0.004 0.005 0.006 0.003 0.004 0 0
2002	2	2	2	2	0	0	100	0.004 0.007 0.014 0.032 0.078 0.185 0.241 0.17 0.103 0.043 0.03 0.03 0.018 0.014 0.01 0.007 0.002 0.005 0.005 0.002 0.002 0
2003	2	2	2	2	0	0	100	0.023 0.324 0.16 0.058 0.046 0.069 0.083 0.079 0.06 0.035 0.018 0.01 0.004 0.005 0.004 0.003 0.005 0.005 0.006 0.003 0.002 0
2004	2	2	2	2	0	0	100	0.016 0.031 0.04 0.104 0.238 0.308 0.134 0.05 0.038 0.017 0.008 0.006 0.003 0.002 0.001 0.001 0.001 0.001 0.001 0 0 0
2005	2	2	2	2	0	0	100	0.005 0.006 0.01 0.026 0.125 0.258 0.242 0.129 0.091 0.045 0.022 0.012 0.006 0.006 0.003 0.005 0.004 0.002 0.002 0.002 0.002 0.001
2006	2	2	2	2	0	0	100	0 0.001 0.001 0.009 0.027 0.12 0.254 0.281 0.178 0.076 0.026 0.009 0.004 0.004 0.001 0.003 0.002 0 0.001 0 0.001 0
2007	2	2	2	2	0	0	100	0 0.002 0.002 0.009 0.037 0.12 0.237 0.225 0.171 0.077 0.033 0.018 0.016 0.014 0.014 0.01 0.007 0.004 0.001 0.001 0 0
2008	2	2	2	2	0	0	100	0.005 0.007 0.006 0.012 0.048 0.12 0.172 0.203 0.191 0.117 0.042 0.021 0.017 0.012 0.011 0.005 0.004 0.002 0.003 0 0.002 0
2009	2	2	2	2	0	0	100	0.001 0.002 0.003 0.007 0.039 0.184 0.279 0.217 0.16 0.062 0.018 0.006 0.005 0.004 0.004 0.002 0.003 0.002 0.001 0.001 0 0
2010	2	2	2	2	0	0	100	0.002 0.025 0.011 0.041 0.146 0.173 0.215 0.141 0.095 0.048 0.028 0.016 0.008 0.007 0.008 0.005 0.007 0.006 0.004 0.009 0.003 0.002
2011	2	2	2	2	0	0	100	0.001 0.003 0.006 0.042 0.114 0.124 0.122 0.174 0.194 0.099 0.042 0.013 0.006 0.004 0.005 0.006 0.013 0.013 0.008 0.004 0.004 0.003
2012	2	2	2	2	0	0	100	0.002 0.001 0.004 0.011 0.036 0.099 0.153 0.21 0.21 0.142 0.066 0.028 0.011 0.006 0.006 0.004 0.001 0.002 0.002 0.003 0.003 0
2013	2	2	2	2	0	0	100	0.004 0.029 0.023 0.022 0.066 0.141 0.127 0.098 0.112 0.13 0.13 0.06 0.025 0.009 0.008 0.005 0.005 0.004 0.002 0.001 0.001 0.001
2014	2	2	2	2	0	0	100	0.002 0.023 0.023 0.102 0.164 0.141 0.169 0.116 0.115 0.08 0.025 0.009 0.009 0.005 0.002 0.003 0.002 0.001 0.003 0.003 0.001 0.001
2015	2	2	2	2	0	0	100	0.008 0.015 0.023 0.076 0.124 0.137 0.214 0.221 0.089 0.053 0.017 0.008 0.003 0.004 0.004 0.001 0.002 0.002 0.001 0 0 0
2016	2	2	2	2	0	0	100	0.002 0.006 0.032 0.064 0.115 0.194 0.16 0.115 0.087 0.07 0.046 0.038 0.02 0.012 0.014 0.006 0.011 0.004 0.004 0.002 0 0
2017	2	2	2	2	0	0	100	0.003 0.007 0.045 0.169 0.16 0.202 0.129 0.099 0.053 0.041 0.028 0.01 0.013 0.008 0.008 0.01 0.003 0.001 0.006 0 0.003 0.003
2018	2	2	2	2	0	0	100	0.004 0.006 0.008 0.053 0.134 0.293 0.24 0.138 0.069 0.02 0.007 0.008 0.004 0.005 0.003 0.001 0.002 0.001 0 0.001 0 0
2019	2	2	2	2	0	0	100	0.002 0.004 0.009 0.027 0.127 0.298 0.226 0.155 0.076 0.026 0.017 0.014 0.008 0.006 0.002 0.001 0.001 0.001 0 0 0.001 0
2020	2	2	2	2	0	0	100	0.008 0.012 0.015 0.048 0.181 0.296 0.207 0.096 0.055 0.017 0.012 0.015 0.012 0.008 0.007 0.008 0 0.002 0.002 0 0 0
2021	2	2	2	2	0	0	100	0 0.019 0.041 0.056 0.071 0.152 0.1 0.16 0.104 0.067 0.048 0.03 0.045 0.022 0.033 0.019 0.022 0 0.004 0.004 0.004 0
2022	2	2	2	2	0	0	100	0.01 0.055 0.039 0.074 0.141 0.119 0.161 0.116 0.077 0.042 0.064 0.029 0.035 0.016 0.003 0.006 0.006 0.006 0 0 0 0
2023	2	2	2	2	0	0	100	0.083 0.092 0.076 0.071 0.138 0.112 0.101 0.136 0.082 0.032 0.032 0.014 0.008 0.011 0.004 0.004 0.004 0.001 0 0 0 0.001
2024	2	2	2	2	0	0	100	0.005 0.056 0.083 0.04 0.115 0.135 0.162 0.165 0.057 0.067 0.048 0.023 0.016 0.008 0.009 0.003 0.003 0.001 0.001 0.001 0.001 0.001
# Trawl bycatch male				
#Year	Season	Fleet	Sex	Type	Shell	Maturity	Nsamp	DataVec																					
1991	2	2	1	2	0	0	100	0.015 0.019 0.012 0.021 0.024 0.021 0.021 0.022 0.021 0.022 0.035 0.045 0.067 0.093 0.091 0.078 0.073 0.08 0.092 0.07 0.052 0.025
1992	2	2	1	2	0	0	100	0.011 0.055 0.075 0.097 0.121 0.068 0.067 0.052 0.042 0.029 0.036 0.028 0.028 0.026 0.035 0.033 0.039 0.056 0.043 0.033 0.019 0.006
1993	2	2	1	2	0	0	100	0 0.001 0.002 0.023 0.047 0.073 0.12 0.104 0.064 0.053 0.044 0.031 0.028 0.036 0.049 0.069 0.076 0.071 0.058 0.03 0.013 0.008
1994	2	2	1	2	0	0	100	0 0 0 0.002 0.002 0.019 0.024 0.039 0.056 0.074 0.072 0.058 0.054 0.066 0.068 0.083 0.102 0.108 0.076 0.052 0.032 0.013
1995	2	2	1	2	0	0	100	0.001 0.003 0.001 0.005 0.015 0.03 0.053 0.073 0.095 0.094 0.112 0.101 0.098 0.079 0.065 0.051 0.037 0.035 0.026 0.015 0.009 0.004
1996	2	2	1	2	0	0	100	0 0.001 0.001 0.002 0.002 0.008 0.028 0.06 0.088 0.093 0.084 0.067 0.073 0.088 0.095 0.087 0.072 0.061 0.044 0.027 0.013 0.006
1997	2	2	1	2	0	0	100	0.002 0.006 0.006 0.011 0.008 0.012 0.03 0.052 0.073 0.081 0.073 0.055 0.052 0.054 0.066 0.073 0.082 0.094 0.082 0.054 0.026 0.008
1998	2	2	1	2	0	0	100	0.002 0.002 0.004 0.008 0.007 0.007 0.015 0.026 0.041 0.052 0.056 0.057 0.064 0.086 0.105 0.102 0.102 0.093 0.079 0.055 0.027 0.01
1999	2	2	1	2	0	0	100	0 0.001 0.005 0.008 0.009 0.016 0.032 0.049 0.055 0.058 0.053 0.048 0.053 0.066 0.081 0.086 0.102 0.107 0.091 0.053 0.021 0.006
2000	2	2	1	2	0	0	100	0.002 0.001 0.002 0.004 0.008 0.019 0.032 0.041 0.05 0.064 0.058 0.048 0.047 0.053 0.065 0.083 0.103 0.118 0.105 0.061 0.027 0.008
2001	2	2	1	2	0	0	100	0.001 0.001 0.003 0.002 0.002 0.004 0.016 0.035 0.055 0.07 0.069 0.055 0.05 0.056 0.077 0.091 0.107 0.112 0.097 0.062 0.025 0.009
2002	2	2	1	2	0	0	100	0 0 0.001 0.002 0.004 0.01 0.017 0.022 0.031 0.037 0.045 0.052 0.063 0.087 0.122 0.132 0.125 0.107 0.077 0.043 0.017 0.005
2003	2	2	1	2	0	0	100	0.001 0.044 0.022 0.009 0.004 0.006 0.015 0.029 0.044 0.05 0.051 0.051 0.059 0.069 0.088 0.104 0.107 0.102 0.075 0.047 0.018 0.005
2004	2	2	1	2	0	0	100	0.003 0.004 0.005 0.011 0.023 0.031 0.034 0.051 0.052 0.05 0.05 0.049 0.054 0.062 0.073 0.083 0.082 0.091 0.089 0.061 0.033 0.011
2005	2	2	1	2	0	0	100	0 0.001 0.001 0.003 0.008 0.012 0.016 0.035 0.051 0.054 0.067 0.078 0.081 0.065 0.067 0.069 0.075 0.085 0.089 0.08 0.044 0.018
2006	2	2	1	2	0	0	100	0 0 0 0 0.001 0.003 0.007 0.018 0.028 0.031 0.035 0.048 0.062 0.071 0.088 0.12 0.139 0.138 0.1 0.063 0.033 0.014
2007	2	2	1	2	0	0	100	0 0 0 0.001 0.002 0.005 0.012 0.026 0.036 0.046 0.049 0.064 0.082 0.08 0.096 0.119 0.129 0.106 0.072 0.043 0.022 0.009
2008	2	2	1	2	0	0	100	0 0.001 0 0.001 0.001 0.002 0.007 0.02 0.03 0.034 0.034 0.039 0.046 0.061 0.091 0.141 0.168 0.144 0.094 0.054 0.023 0.009
2009	2	2	1	2	0	0	100	0 0.001 0 0.001 0.001 0.002 0.007 0.017 0.024 0.03 0.039 0.052 0.07 0.093 0.115 0.122 0.126 0.111 0.092 0.061 0.028 0.01
2010	2	2	1	2	0	0	100	0.001 0.003 0.001 0.003 0.006 0.009 0.019 0.032 0.031 0.024 0.029 0.033 0.043 0.061 0.077 0.09 0.102 0.116 0.128 0.109 0.063 0.022
2011	2	2	1	2	0	0	100	0 0.001 0.001 0.006 0.012 0.007 0.013 0.024 0.028 0.027 0.034 0.039 0.039 0.045 0.061 0.081 0.094 0.122 0.132 0.124 0.077 0.031
2012	2	2	1	2	0	0	100	0 0.001 0.001 0.002 0.004 0.015 0.041 0.058 0.044 0.033 0.044 0.053 0.051 0.046 0.06 0.08 0.095 0.1 0.108 0.089 0.053 0.024
2013	2	2	1	2	0	0	100	0.001 0.004 0.002 0.002 0.002 0.004 0.009 0.02 0.024 0.032 0.05 0.064 0.065 0.067 0.093 0.112 0.117 0.107 0.094 0.073 0.042 0.016
2014	2	2	1	2	0	0	100	0.002 0.003 0.002 0.008 0.013 0.01 0.016 0.024 0.033 0.043 0.047 0.049 0.052 0.062 0.09 0.126 0.129 0.106 0.086 0.06 0.032 0.01
2015	2	2	1	2	0	0	100	0.002 0.001 0.005 0.016 0.018 0.019 0.046 0.066 0.051 0.052 0.055 0.068 0.06 0.051 0.054 0.059 0.064 0.058 0.064 0.083 0.073 0.037
2016	2	2	1	2	0	0	100	0.001 0.001 0.003 0.007 0.012 0.021 0.035 0.044 0.043 0.048 0.066 0.073 0.078 0.086 0.09 0.09 0.079 0.065 0.051 0.048 0.039 0.02
2017	2	2	1	2	0	0	100	0.001 0.001 0.006 0.013 0.026 0.033 0.04 0.043 0.041 0.044 0.047 0.052 0.058 0.084 0.101 0.092 0.085 0.077 0.061 0.049 0.034 0.013
2018	2	2	1	2	0	0	100	0 0 0.001 0.003 0.016 0.076 0.15 0.166 0.13 0.105 0.089 0.071 0.053 0.039 0.035 0.024 0.016 0.01 0.006 0.005 0.002 0.001
2019	2	2	1	2	0	0	100	0.003 0.008 0.01 0.014 0.018 0.024 0.044 0.068 0.094 0.116 0.118 0.1 0.093 0.083 0.068 0.055 0.034 0.023 0.014 0.008 0.004 0.002
2020	2	2	1	2	0	0	100	0 0.001 0.002 0.003 0.004 0.012 0.022 0.035 0.041 0.055 0.067 0.098 0.115 0.132 0.134 0.108 0.077 0.051 0.024 0.011 0.005 0.003
2021	2	2	1	2	0	0	100	0.001 0.002 0.004 0.004 0.004 0.004 0.009 0.015 0.023 0.031 0.05 0.088 0.141 0.158 0.155 0.127 0.091 0.053 0.024 0.009 0.004 0.002
2022	2	2	1	2	0	0	100	0.001 0.003 0.005 0.006 0.007 0.012 0.017 0.022 0.025 0.035 0.047 0.064 0.077 0.117 0.156 0.142 0.117 0.082 0.042 0.015 0.004 0.002
2023	2	2	1	2	0	0	100	0.008 0.012 0.025 0.034 0.054 0.063 0.089 0.098 0.075 0.058 0.047 0.043 0.048 0.057 0.067 0.068 0.061 0.045 0.027 0.013 0.006 0.002
2024	2	2	1	2	0	0	100	0 0.009 0.02 0.028 0.081 0.08 0.059 0.06 0.045 0.033 0.034 0.044 0.06 0.065 0.076 0.083 0.079 0.06 0.042 0.027 0.013 0.004
# Survey immature females																													
# Year	Season	Fleet	Sex	Type	Shell	Maturity	Nsamp	DataVec																					
1982	1	3	2	2	0	2	100	0.047	0.0102	0.0414	0.1538	0.4728	0.1933	0.0473	0.0117	0.0026	0	8.00E-04	0	4.00E-04	0	0	0	0	0	0	0	0	0
1983	1	3	2	2	0	2	100	0.2433	0.0313	0.0265	0.1803	0.1543	0.0274	0.0059	4.00E-04	3.00E-04	0	0	0	0	0	0	0	0	0	0	0	0	0
1984	1	3	2	2	0	2	100	0.1174	0.0876	0.2444	0.3727	0.0928	0.0142	0.0019	5.00E-04	2.00E-04	1.00E-04	0	0	0	0	0	0	0	0	0	0	0	0
1985	1	3	2	2	0	2	100	0.1626	0.1553	0.343	0.1702	0.0833	0.0244	0.0041	4.00E-04	0	0	0	0	0	0	0	0	0	0	0	0	0	0
1986	1	3	2	2	0	2	100	0.1019	0.1362	0.3077	0.2307	0.1123	0.0774	0.0138	0.0019	9.00E-04	0	0	0	0	0	0	0	0	0	0	0	0	0
1987	1	3	2	2	0	2	100	0.008	0.0934	0.2767	0.3101	0.162	0.1066	0.0317	0.0054	0.0011	2.00E-04	0	0	0	0	0	0	0	0	0	0	0	0
1988	1	3	2	2	0	2	100	0.066	0.1137	0.2372	0.2696	0.1627	0.0967	0.0356	0.0071	0.0016	3.00E-04	0	0	0	0	0	0	0	0	0	0	0	0
1989	1	4	2	2	0	2	100	0.0133	0.0452	0.2366	0.2743	0.1931	0.1613	0.0596	0.0116	0.0018	9.00E-04	2.00E-04	0	0	0	0	0	0	0	0	0	0	0
1990	1	4	2	2	0	2	100	0.0522	0.2347	0.1151	0.2255	0.1625	0.1333	0.056	0.0059	0.0078	0.0042	2.00E-04	0	0	0	0	0	0	0	0	0	0	0
1991	1	4	2	2	0	2	100	0.0902	0.0785	0.1903	0.2843	0.1533	0.08	0.0359	0.0045	6.00E-04	1.00E-04	0	0	0	0	0	0	0	0	0	0	0	0
1992	1	4	2	2	0	2	100	0.1124	0.1728	0.3032	0.236	0.059	0.0449	0.0178	0.0025	3.00E-04	1.00E-04	0	0	0	0	0	0	0	0	0	0	0	0
1993	1	4	2	2	0	2	100	0.1214	0.1816	0.3101	0.2438	0.0653	0.0148	0.003	2.00E-04	1.00E-04	0	0	0	0	0	0	0	0	0	0	0	0	0
1994	1	4	2	2	0	2	100	0.1071	0.2245	0.3335	0.1872	0.0561	0.0216	0.0067	0.0011	2.00E-04	0	0	0	0	0	0	0	0	0	0	0	0	0
1995	1	4	2	2	0	2	100	0.0693	0.1796	0.2433	0.3345	0.1428	0.019	0.0023	7.00E-04	3.00E-04	1.00E-04	0	0	0	0	0	0	0	0	0	0	0	0
1996	1	4	2	2	0	2	100	0.0163	0.0473	0.2243	0.4211	0.2304	0.0517	0.0041	0.0013	3.00E-04	0	0	0	0	0	0	0	0	0	0	0	0	0
1997	1	4	2	2	0	2	100	0.0157	0.0323	0.1273	0.4874	0.2574	0.068	0.0038	0.0015	0	0	0	0	0	0	0	0	0	0	0	0	0	0
1998	1	4	2	2	0	2	100	0.0215	0.0247	0.1454	0.3237	0.2337	0.1658	0.0544	5.00E-04	2.00E-04	0	0	0	0	0	0	0	0	0	0	0	0	0
1999	1	4	2	2	0	2	100	0.1964	0.1163	0.1531	0.1997	0.1145	0.0695	0.0613	0.025	0.0066	6.00E-04	0	0	0	0	0	0	0	0	0	0	0	0
2000	1	4	2	2	0	2	100	0.0835	0.1219	0.2673	0.2404	0.1719	0.0637	0.0146	0.0021	8.00E-04	2.00E-04	0	0	0	0	0	0	0	0	0	0	0	0
2001	1	4	2	2	0	2	100	0.0263	0.1012	0.3482	0.1199	0.193	0.1679	0.0271	0.0064	6.00E-04	1.00E-04	0	0	0	0	0	0	0	0	0	0	0	0
2002	1	4	2	2	0	2	100	0.0736	0.0619	0.2177	0.2104	0.2566	0.1521	0.0108	0.0013	4.00E-04	2.00E-04	0	0	0	0	0	0	0	0	0	0	0	0
2003	1	4	2	2	0	2	100	0.1074	0.1292	0.195	0.2873	0.1395	0.0713	0.011	0.0017	3.00E-04	1.00E-04	0	0	0	0	0	0	0	0	0	0	0	0
2004	1	4	2	2	0	2	100	0.1754	0.4463	0.1712	0.1373	0.0389	0.0089	0.0013	5.00E-04	2.00E-04	0	0	0	0	0	0	0	0	0	0	0	0	0
2005	1	4	2	2	0	2	100	0.0451	0.0555	0.2226	0.306	0.2719	0.0653	0.0232	0.0028	1.00E-04	2.00E-04	0	0	0	0	0	0	0	0	0	0	0	0
2006	1	4	2	2	0	2	100	0.0628	0.1143	0.2864	0.196	0.1027	0.1247	0.0844	0.0074	0.0028	0.0013	0	0	0	0	0	0	0	0	0	0	0	0
2007	1	4	2	2	0	2	100	0.0111	0.0361	0.0636	0.2526	0.3778	0.2018	0.0456	0.0055	0.0017	3.00E-04	0	1.00E-04	0	0	0	0	0	0	0	0	0	0
2008	1	4	2	2	0	2	100	0.1458	0.0837	0.1482	0.1562	0.1886	0.1413	0.0396	0.0133	0.0048	2.00E-04	3.00E-04	8.00E-04	0	0	0	0	0	0	0	0	0	0
2009	1	4	2	2	0	2	100	0.1405	0.1749	0.1576	0.3014	0.1318	0.0286	0.0075	8.00E-04	4.00E-04	2.00E-04	0	0	0	0	0	0	0	0	0	0	0	0
2010	1	4	2	2	0	2	100	0.0498	0.067	0.3459	0.4257	0.0536	0.0207	0.0051	5.00E-04	7.00E-04	1.00E-04	0	0	0	0	0	0	0	0	0	0	0	0
2011	1	4	2	2	0	2	100	0.0879	0.0985	0.232	0.2057	0.1477	0.0829	0.075	0.0177	0.0029	4.00E-04	0	0	0	0	0	0	0	0	0	0	0	0
2012	1	4	2	2	0	2	100	0.0764	0.1655	0.2528	0.1706	0.0753	0.0848	0.1016	0.0355	0.0056	9.00E-04	2.00E-04	5.00E-04	0	0	0	0	0	0	0	0	0	0
2013	1	4	2	2	0	2	100	0.1801	0.1814	0.158	0.1791	0.1308	0.0966	0.0357	0.0044	6.00E-04	6.00E-04	0	1.00E-04	1.00E-04	0	0	0	0	0	0	0	0	0
2014	1	4	2	2	0	2	100	0.0684	0.043	0.1896	0.3191	0.202	0.0884	0.0513	7.00E-04	2.00E-04	2.00E-04	0	0	0	0	0	0	0	0	0	0	0	0
2015	1	4	2	2	0	2	100	0.1723	0.2874	0.2517	0.156	0.06	0.0302	0.0036	1.00E-04	0.0015	0	0	0	0	0	0	0	0	0	0	0	0	0
2016	1	4	2	2	0	2	100	0.1331	0.2304	0.3039	0.2156	0.0726	0.0166	0.001	0	0	0	0	0	0	0	0	0	0	0	0	0	0	0
2017	1	4	2	2	0	2	100	0.1241	0.1247	0.4471	0.2239	0.0477	0.0144	0.0013	2.00E-04	1.00E-04	0	0	0	0	0	0	0	0	0	0	0	0	0
2018	1	4	2	2	0	2	100	0.0084	0.0433	0.4099	0.4073	0.0994	0.021	0.0013	0	0	1.00E-04	0	0	0	0	0	0	0	0	0	0	0	0
2019	1	4	2	2	0	2	100	0.0055	0.0113	0.0558	0.2636	0.4963	0.1565	0.0035	2.00E-04	3.00E-04	0	0	0	0	0	0	0	0	0	0	0	0	0
2021	1	4	2	2	0	2	100	0.2454	0.1373	0.1054	0.0984	0.081	0.0294	0.0398	0.0096	0.0099	0.0019	0	0	0	0	0	0	0	0	0	0	0	0
2022	1	4	2	2	0	2	100	0.1193	0.0752	0.2671	0.3599	0.1317	0.0139	6.00E-04	2.00E-04	1.00E-04	0	0	0	0	0	0	0	0	0	0	0	0	0
2023	1	4	2	2	0	2	100	0.1768	0.2027	0.1648	0.2426	0.107	0.0218	0.006	0.0053	0.002	0	0	0	0	0	0	0	0	0	0	0	0	0
2024	1	4	2	2	0	2	100	0.128	0.1801	0.1853	0.2292	0.078	0.0837	0.0884	0.0124	0.0022	0.0018	3.00E-04	0	0	0	0	0	0	0	0	0	0	0
2025	1	4	2	2	0	2	100	0.0144	0.0255	0.1595	0.3413	0.2181	0.1444	0.078	0.012	0.001	5.00E-04	0	0	0	0	0	0	0	0	0	0	0	0
# Survey immature males				
# Year	Season	Fleet	Sex	Type	Shell	Maturity	Nsamp	DataVec																					
1982	1	3	1	2	0	2	100 0.001	0.001	0.002	0.012	0.053	0.118	0.157	0.140	0.120	0.113	0.101	0.070	0.049	0.031	0.019	0.009	0.002	0.001	0.000	0.000	0.000	0.000
1983	1	3	1	2	0	2	100 0.055	0.080	0.011	0.016	0.048	0.084	0.129	0.141	0.113	0.074	0.058	0.054	0.055	0.045	0.023	0.010	0.004	0.001	0.000	0.000	0.000	0.000
1984	1	3	1	2	0	2	100 0.061	0.100	0.099	0.143	0.190	0.065	0.042	0.041	0.042	0.037	0.038	0.035	0.032	0.032	0.022	0.012	0.007	0.003	0.001	0.000	0.000	0.000
1985	1	3	1	2	0	2	100 0.043	0.099	0.104	0.168	0.121	0.081	0.077	0.063	0.035	0.032	0.036	0.037	0.033	0.027	0.019	0.012	0.008	0.004	0.001	0.000	0.000	0.000
1986	1	3	1	2	0	2	100 0.051	0.173	0.112	0.126	0.105	0.113	0.104	0.072	0.041	0.032	0.024	0.017	0.010	0.007	0.006	0.004	0.003	0.001	0.000	0.000	0.000	0.000
1987	1	3	1	2	0	2	100 0.003	0.030	0.163	0.229	0.161	0.104	0.111	0.072	0.041	0.025	0.020	0.013	0.009	0.008	0.005	0.003	0.002	0.001	0.000	0.000	0.000	0.000
1988	1	3	1	2	0	2	100 0.003	0.046	0.080	0.123	0.139	0.157	0.137	0.105	0.058	0.049	0.035	0.027	0.015	0.012	0.008	0.005	0.002	0.001	0.000	0.000	0.000	0.000
1989	1	4	1	2	0	2	100 0.001	0.004	0.031	0.107	0.111	0.103	0.098	0.098	0.120	0.116	0.083	0.057	0.035	0.021	0.011	0.004	0.002	0.000	0.000	0.000	0.000	0.000
1990	1	4	1	2	0	2	100 0.003	0.026	0.052	0.051	0.083	0.110	0.113	0.090	0.070	0.051	0.043	0.046	0.053	0.075	0.068	0.042	0.017	0.006	0.001	0.000	0.000	0.000
1991	1	4	1	2	0	2	100 0.050	0.061	0.077	0.127	0.138	0.097	0.114	0.093	0.051	0.027	0.025	0.025	0.030	0.041	0.025	0.011	0.005	0.002	0.000	0.000	0.000	0.000
1992	1	4	1	2	0	2	100 0.033	0.086	0.115	0.229	0.239	0.090	0.051	0.044	0.031	0.018	0.020	0.015	0.010	0.007	0.005	0.004	0.002	0.001	0.000	0.000	0.000	0.000
1993	1	4	1	2	0	2	100 0.034	0.099	0.124	0.191	0.171	0.157	0.110	0.064	0.023	0.010	0.006	0.004	0.003	0.002	0.002	0.001	0.000	0.000	0.000	0.000	0.000	0.000
1994	1	4	1	2	0	2	100 0.026	0.089	0.120	0.154	0.134	0.134	0.124	0.091	0.055	0.033	0.019	0.010	0.004	0.003	0.002	0.001	0.001	0.000	0.000	0.000	0.000	0.000
1995	1	4	1	2	0	2	100 0.006	0.022	0.037	0.063	0.129	0.161	0.159	0.147	0.108	0.077	0.040	0.025	0.014	0.008	0.004	0.002	0.001	0.000	0.000	0.000	0.000	0.000
1996	1	4	1	2	0	2	100 0.001	0.003	0.015	0.033	0.048	0.082	0.118	0.134	0.133	0.113	0.093	0.079	0.059	0.045	0.024	0.013	0.005	0.002	0.001	0.000	0.000	0.000
1997	1	4	1	2	0	2	100 0.001	0.002	0.008	0.024	0.046	0.061	0.070	0.086	0.084	0.099	0.098	0.104	0.100	0.093	0.065	0.036	0.017	0.006	0.001	0.000	0.000	0.000
1998	1	4	1	2	0	2	100 0.012	0.012	0.026	0.085	0.185	0.119	0.108	0.091	0.065	0.040	0.035	0.038	0.047	0.054	0.043	0.024	0.010	0.005	0.002	0.000	0.000	0.000
1999	1	4	1	2	0	2	100 0.057	0.124	0.087	0.074	0.114	0.119	0.127	0.113	0.063	0.031	0.019	0.014	0.012	0.013	0.012	0.009	0.006	0.005	0.002	0.001	0.000	0.000
2000	1	4	1	2	0	2	100 0.019	0.053	0.091	0.152	0.142	0.177	0.172	0.090	0.038	0.022	0.017	0.012	0.007	0.004	0.002	0.001	0.000	0.000	0.000	0.000	0.000	0.000
2001	1	4	1	2	0	2	100 0.005	0.008	0.074	0.129	0.048	0.082	0.136	0.146	0.140	0.105	0.065	0.033	0.016	0.007	0.004	0.003	0.001	0.000	0.000	0.000	0.000	0.000
2002	1	4	1	2	0	2	100 0.008	0.023	0.038	0.081	0.079	0.120	0.101	0.102	0.073	0.075	0.061	0.063	0.074	0.058	0.031	0.011	0.003	0.001	0.000	0.000	0.000	0.000
2003	1	4	1	2	0	2	100 0.023	0.080	0.123	0.121	0.210	0.120	0.088	0.058	0.048	0.033	0.026	0.019	0.015	0.014	0.011	0.005	0.003	0.001	0.000	0.000	0.000	0.000
2004	1	4	1	2	0	2	100 0.018	0.122	0.255	0.136	0.124	0.100	0.079	0.087	0.040	0.012	0.009	0.006	0.003	0.004	0.003	0.002	0.001	0.001	0.000	0.000	0.000	0.000
2005	1	4	1	2	0	2	100 0.006	0.025	0.035	0.127	0.143	0.134	0.127	0.160	0.110	0.044	0.029	0.028	0.018	0.008	0.003	0.001	0.001	0.001	0.000	0.000	0.000	0.000
2006	1	4	1	2	0	2	100 0.015	0.032	0.106	0.185	0.093	0.070	0.093	0.100	0.075	0.054	0.042	0.051	0.033	0.017	0.012	0.011	0.008	0.004	0.001	0.000	0.000	0.000
2007	1	4	1	2	0	2	100 0.002	0.011	0.050	0.083	0.146	0.203	0.146	0.094	0.046	0.038	0.033	0.037	0.035	0.034	0.020	0.013	0.007	0.003	0.001	0.000	0.000	0.000
2008	1	4	1	2	0	2	100 0.037	0.064	0.036	0.045	0.047	0.089	0.117	0.131	0.133	0.114	0.063	0.041	0.029	0.024	0.015	0.010	0.005	0.002	0.001	0.000	0.000	0.000
2009	1	4	1	2	0	2	100 0.048	0.082	0.147	0.112	0.133	0.079	0.056	0.048	0.036	0.042	0.042	0.038	0.039	0.039	0.029	0.016	0.008	0.004	0.001	0.000	0.000	0.000
2010	1	4	1	2	0	2	100 0.041	0.069	0.075	0.192	0.298	0.167	0.074	0.044	0.018	0.007	0.005	0.003	0.002	0.002	0.002	0.001	0.001	0.001	0.000	0.000	0.000	0.000
2011	1	4	1	2	0	2	100 0.050	0.054	0.067	0.110	0.120	0.137	0.155	0.132	0.072	0.035	0.028	0.014	0.008	0.005	0.005	0.003	0.002	0.002	0.001	0.000	0.000	0.000
2012	1	4	1	2	0	2	100 0.019	0.066	0.146	0.123	0.083	0.092	0.116	0.116	0.079	0.054	0.039	0.031	0.016	0.009	0.007	0.004	0.002	0.001	0.000	0.000	0.000	0.000
2013	1	4	1	2	0	2	100 0.020	0.087	0.114	0.102	0.142	0.124	0.111	0.077	0.050	0.047	0.042	0.033	0.020	0.009	0.008	0.006	0.004	0.002	0.001	0.000	0.000	0.000
2014	1	4	1	2	0	2	100 0.018	0.084	0.035	0.096	0.200	0.107	0.107	0.118	0.076	0.049	0.032	0.022	0.015	0.013	0.012	0.009	0.005	0.002	0.001	0.000	0.000	0.000
2015	1	4	1	2	0	2	100 0.062	0.188	0.250	0.173	0.091	0.066	0.058	0.041	0.024	0.014	0.010	0.010	0.006	0.004	0.003	0.001	0.000	0.000	0.000	0.000	0.000	0.000
2016	1	4	1	2	0	2	100 0.016	0.166	0.225	0.224	0.176	0.089	0.041	0.025	0.011	0.007	0.007	0.005	0.004	0.002	0.001	0.001	0.000	0.000	0.000	0.000	0.000	0.000
2017	1	4	1	2	0	2	100 0.019	0.078	0.129	0.292	0.189	0.103	0.083	0.054	0.024	0.014	0.009	0.004	0.002	0.001	0.001	0.000	0.000	0.000	0.000	0.000	0.000	0.000
2018	1	4	1	2	0	2	100 0.004	0.003	0.039	0.135	0.185	0.241	0.177	0.102	0.052	0.028	0.018	0.010	0.004	0.002	0.001	0.000	0.000	0.000	0.000	0.000	0.000	0.000
2019	1	4	1	2	0	2	100 0.001	0.001	0.001	0.008	0.051	0.100	0.115	0.151	0.151	0.149	0.122	0.078	0.041	0.021	0.008	0.003	0.001	0.000	0.000	0.000	0.000	0.000
2021	1	4	1	2	0	2	100 0.037	0.037	0.038	0.018	0.023	0.018	0.021	0.031	0.042	0.081	0.134	0.172	0.161	0.107	0.055	0.020	0.004	0.001	0.000	0.000	0.000	0.000
2022	1	4	1	2	0	2	100 0.067	0.125	0.102	0.224	0.212	0.114	0.058	0.033	0.016	0.013	0.010	0.007	0.006	0.004	0.003	0.003	0.002	0.001	0.000	0.000	0.000	0.000
2023	1	4	1	2	0	2	100 0.067	0.169	0.297	0.126	0.091	0.095	0.072	0.047	0.016	0.008	0.004	0.003	0.002	0.002	0.001	0.001	0.001	0.000	0.000	0.000	0.000	0.000
2024	1	4	1	2	0	2	100 0.019	0.104	0.133	0.146	0.180	0.158	0.090	0.073	0.040	0.022	0.016	0.009	0.004	0.002	0.001	0.001	0.000	0.000	0.000	0.000	0.000	0.000
2025	1	4	1	2	0	2	100 0.008	0.019	0.045	0.124	0.182	0.152	0.146	0.127	0.097	0.038	0.020	0.017	0.009	0.007	0.005	0.004	0.002	0.001	0.000	0.000	0.000	0.000
# Survey mature females																													
# Year	Season	Fleet	Sex	Type	Shell	Maturity	Nsamp	DataVec																					
1982	1	3	2	2	0	1	100	0.000	0.000	0.001	0.013	0.127	0.381	0.259	0.126	0.066	0.018	0.005	0.003	0.001	0.000	0.000	0.000	0.000	0.000	0.000	0.000	0.000	0.000
1983	1	3	2	2	0	1	100	0.000	0.000	0.001	0.021	0.205	0.426	0.227	0.084	0.028	0.007	0.001	0.000	0.000	0.000	0.000	0.000	0.000	0.000	0.000	0.000	0.000	0.000
1984	1	3	2	2	0	1	100	0.000	0.000	0.001	0.024	0.188	0.357	0.250	0.117	0.052	0.007	0.002	0.002	0.001	0.000	0.000	0.000	0.000	0.000	0.000	0.000	0.000	0.000
1985	1	3	2	2	0	1	100	0.000	0.000	0.001	0.017	0.139	0.451	0.280	0.074	0.023	0.007	0.004	0.003	0.001	0.000	0.000	0.000	0.000	0.000	0.000	0.000	0.000	0.000
1986	1	3	2	2	0	1	100	0.000	0.000	0.001	0.010	0.133	0.475	0.292	0.067	0.021	0.001	0.001	0.000	0.000	0.000	0.000	0.000	0.000	0.000	0.000	0.000	0.000	0.000
1987	1	3	2	2	0	1	100	0.000	0.000	0.001	0.034	0.173	0.379	0.248	0.105	0.052	0.008	0.001	0.000	0.000	0.000	0.000	0.000	0.000	0.000	0.000	0.000	0.000	0.000
1988	1	3	2	2	0	1	100	0.000	0.000	0.002	0.036	0.171	0.394	0.209	0.103	0.052	0.024	0.004	0.003	0.001	0.000	0.000	0.000	0.000	0.000	0.000	0.000	0.000	0.000
1989	1	4	2	2	0	1	100	0.000	0.000	0.001	0.055	0.248	0.371	0.178	0.085	0.045	0.015	0.002	0.000	0.000	0.000	0.000	0.000	0.000	0.000	0.000	0.000	0.000	0.000
1990	1	4	2	2	0	1	100	0.000	0.000	0.002	0.036	0.197	0.381	0.204	0.102	0.058	0.016	0.004	0.001	0.000	0.000	0.000	0.000	0.000	0.000	0.000	0.000	0.000	0.000
1991	1	4	2	2	0	1	100	0.000	0.000	0.002	0.029	0.236	0.397	0.191	0.081	0.047	0.014	0.003	0.001	0.000	0.000	0.000	0.000	0.000	0.000	0.000	0.000	0.000	0.000
1992	1	4	2	2	0	1	100	0.000	0.000	0.004	0.059	0.197	0.304	0.221	0.115	0.067	0.025	0.007	0.001	0.000	0.000	0.000	0.000	0.000	0.000	0.000	0.000	0.000	0.000
1993	1	4	2	2	0	1	100	0.000	0.000	0.005	0.080	0.299	0.356	0.142	0.052	0.042	0.019	0.004	0.000	0.000	0.000	0.000	0.000	0.000	0.000	0.000	0.000	0.000	0.000
1994	1	4	2	2	0	1	100	0.000	0.000	0.003	0.092	0.258	0.275	0.201	0.118	0.042	0.010	0.002	0.000	0.000	0.000	0.000	0.000	0.000	0.000	0.000	0.000	0.000	0.000
1995	1	4	2	2	0	1	100	0.000	0.000	0.002	0.065	0.282	0.369	0.187	0.055	0.032	0.009	0.001	0.000	0.000	0.000	0.000	0.000	0.000	0.000	0.000	0.000	0.000	0.000
1996	1	4	2	2	0	1	100	0.000	0.000	0.005	0.108	0.332	0.331	0.152	0.051	0.017	0.004	0.001	0.000	0.000	0.000	0.000	0.000	0.000	0.000	0.000	0.000	0.000	0.000
1997	1	4	2	2	0	1	100	0.000	0.000	0.009	0.080	0.292	0.356	0.199	0.047	0.014	0.001	0.000	0.001	0.000	0.000	0.000	0.000	0.000	0.000	0.000	0.000	0.000	0.000
1998	1	4	2	2	0	1	100	0.000	0.000	0.005	0.080	0.293	0.365	0.187	0.056	0.010	0.003	0.000	0.000	0.000	0.000	0.000	0.000	0.000	0.000	0.000	0.000	0.000	0.000
1999	1	4	2	2	0	1	100	0.000	0.000	0.001	0.040	0.250	0.383	0.215	0.077	0.022	0.011	0.001	0.000	0.000	0.000	0.000	0.000	0.000	0.000	0.000	0.000	0.000	0.000
2000	1	4	2	2	0	1	100	0.000	0.000	0.001	0.034	0.174	0.384	0.299	0.075	0.021	0.012	0.000	0.000	0.000	0.000	0.000	0.000	0.000	0.000	0.000	0.000	0.000	0.000
2001	1	4	2	2	0	1	100	0.000	0.000	0.001	0.013	0.108	0.384	0.342	0.104	0.037	0.009	0.001	0.001	0.000	0.000	0.000	0.000	0.000	0.000	0.000	0.000	0.000	0.000
2002	1	4	2	2	0	1	100	0.000	0.000	0.000	0.011	0.169	0.426	0.233	0.107	0.045	0.007	0.001	0.001	0.000	0.000	0.000	0.000	0.000	0.000	0.000	0.000	0.000	0.000
2003	1	4	2	2	0	1	100	0.000	0.000	0.000	0.013	0.214	0.370	0.278	0.080	0.039	0.004	0.001	0.001	0.000	0.000	0.000	0.000	0.000	0.000	0.000	0.000	0.000	0.000
2004	1	4	2	2	0	1	100	0.000	0.001	0.041	0.083	0.219	0.359	0.203	0.068	0.023	0.003	0.001	0.000	0.000	0.000	0.000	0.000	0.000	0.000	0.000	0.000	0.000	0.000
2005	1	4	2	2	0	1	100	0.000	0.000	0.002	0.044	0.162	0.402	0.276	0.080	0.020	0.012	0.002	0.000	0.000	0.000	0.000	0.000	0.000	0.000	0.000	0.000	0.000	0.000
2006	1	4	2	2	0	1	100	0.000	0.000	0.000	0.006	0.081	0.271	0.311	0.219	0.084	0.024	0.004	0.002	0.000	0.000	0.000	0.000	0.000	0.000	0.000	0.000	0.000	0.000
2007	1	4	2	2	0	1	100	0.000	0.000	0.000	0.040	0.137	0.320	0.240	0.111	0.086	0.055	0.009	0.001	0.000	0.000	0.000	0.000	0.000	0.000	0.000	0.000	0.000	0.000
2008	1	4	2	2	0	1	100	0.000	0.000	0.000	0.053	0.110	0.281	0.208	0.183	0.121	0.039	0.004	0.001	0.001	0.000	0.000	0.000	0.000	0.000	0.000	0.000	0.000	0.000
2009	1	4	2	2	0	1	100	0.000	0.000	0.000	0.016	0.107	0.318	0.249	0.159	0.104	0.039	0.008	0.001	0.001	0.000	0.000	0.000	0.000	0.000	0.000	0.000	0.000	0.000
2010	1	4	2	2	0	1	100	0.000	0.000	0.005	0.143	0.178	0.354	0.207	0.072	0.034	0.007	0.001	0.000	0.000	0.000	0.000	0.000	0.000	0.000	0.000	0.000	0.000	0.000
2011	1	4	2	2	0	1	100	0.000	0.000	0.000	0.056	0.223	0.416	0.208	0.065	0.025	0.006	0.001	0.000	0.000	0.000	0.000	0.000	0.000	0.000	0.000	0.000	0.000	0.000
2012	1	4	2	2	0	1	100	0.000	0.000	0.005	0.056	0.270	0.374	0.191	0.053	0.027	0.016	0.007	0.001	0.000	0.000	0.000	0.000	0.000	0.000	0.000	0.000	0.000	0.000
2013	1	4	2	2	0	1	100	0.000	0.004	0.001	0.064	0.226	0.376	0.171	0.072	0.045	0.030	0.008	0.002	0.001	0.000	0.000	0.000	0.000	0.000	0.000	0.000	0.000	0.000
2014	1	4	2	2	0	1	100	0.000	0.000	0.001	0.068	0.189	0.326	0.202	0.073	0.068	0.055	0.015	0.002	0.002	0.000	0.000	0.000	0.000	0.000	0.000	0.000	0.000	0.000
2015	1	4	2	2	0	1	100	0.000	0.000	0.001	0.034	0.153	0.317	0.223	0.100	0.079	0.069	0.020	0.004	0.001	0.000	0.000	0.000	0.000	0.000	0.000	0.000	0.000	0.000
2016	1	4	2	2	0	1	100	0.000	0.000	0.000	0.063	0.138	0.332	0.211	0.102	0.083	0.052	0.013	0.003	0.001	0.000	0.000	0.000	0.000	0.000	0.000	0.000	0.000	0.000
2017	1	4	2	2	0	1	100	0.000	0.000	0.021	0.167	0.252	0.312	0.166	0.050	0.023	0.006	0.002	0.000	0.000	0.001	0.000	0.000	0.000	0.000	0.000	0.000	0.000	0.000
2018	1	4	2	2	0	1	100	0.000	0.000	0.003	0.106	0.339	0.359	0.129	0.044	0.019	0.002	0.000	0.000	0.000	0.000	0.000	0.000	0.000	0.000	0.000	0.000	0.000	0.000
2019	1	4	2	2	0	1	100	0.000	0.000	0.003	0.049	0.260	0.433	0.176	0.052	0.021	0.005	0.000	0.000	0.000	0.000	0.000	0.000	0.000	0.000	0.000	0.000	0.000	0.000
2021	1	4	2	2	0	1	100	0.000	0.003	0.002	0.053	0.307	0.457	0.132	0.039	0.003	0.003	0.000	0.001	0.000	0.000	0.000	0.000	0.000	0.000	0.000	0.000	0.000	0.000
2022	1	4	2	2	0	1	100	0.000	0.000	0.004	0.079	0.243	0.405	0.198	0.046	0.024	0.000	0.001	0.000	0.000	0.000	0.000	0.000	0.000	0.000	0.000	0.000	0.000	0.000
2023	1	4	2	2	0	1	100	0.000	0.000	0.005	0.052	0.252	0.486	0.138	0.045	0.014	0.005	0.001	0.003	0.001	0.000	0.000	0.000	0.000	0.000	0.000	0.000	0.000	0.000
2024	1	4	2	2	0	1	100	0.000	0.000	0.001	0.066	0.290	0.348	0.168	0.074	0.024	0.014	0.010	0.002	0.002	0.002	0.000	0.000	0.000	0.000	0.000	0.000	0.000	0.000
2025	1	4	2	2	0	1	100	0.000	0.000	0.004	0.040	0.132	0.281	0.241	0.092	0.101	0.081	0.021	0.004	0.003	0.001	0.000	0.000	0.000	0.000	0.000	0.000	0.000	0.000
# Survey mature male																													
# Year	Season	Fleet	Sex	Type	Shell	Maturity	Nsamp	DataVec																					
1982	1	3	1	2	0	1	100	0.000	0.000	0.000	0.003	0.017	0.054	0.096	0.105	0.104	0.117	0.126	0.102	0.079	0.062	0.051	0.040	0.020	0.013	0.005	0.003	0.002	0.001
1983	1	3	1	2	0	1	100	0.000	0.001	0.000	0.002	0.012	0.042	0.085	0.103	0.101	0.094	0.093	0.091	0.098	0.096	0.071	0.049	0.034	0.018	0.007	0.004	0.001	0.000
1984	1	3	1	2	0	1	100	0.000	0.001	0.002	0.009	0.030	0.034	0.056	0.061	0.062	0.068	0.077	0.074	0.072	0.088	0.089	0.076	0.074	0.060	0.039	0.019	0.006	0.002
1985	1	3	1	2	0	1	100	0.000	0.001	0.003	0.014	0.016	0.025	0.042	0.054	0.044	0.052	0.069	0.073	0.077	0.078	0.083	0.091	0.089	0.086	0.063	0.032	0.008	0.002
1986	1	3	1	2	0	1	100	0.000	0.002	0.005	0.015	0.025	0.052	0.081	0.092	0.087	0.082	0.075	0.067	0.049	0.050	0.056	0.063	0.063	0.061	0.042	0.024	0.007	0.002
1987	1	3	1	2	0	1	100	0.000	0.000	0.010	0.036	0.052	0.071	0.110	0.106	0.083	0.072	0.072	0.060	0.050	0.057	0.055	0.055	0.044	0.032	0.022	0.011	0.004	0.001
1988	1	3	1	2	0	1	100	0.000	0.001	0.004	0.014	0.035	0.072	0.102	0.107	0.088	0.093	0.084	0.073	0.052	0.052	0.050	0.050	0.039	0.032	0.026	0.017	0.009	0.002
1989	1	4	1	2	0	1	100	0.000	0.001	0.001	0.011	0.030	0.058	0.085	0.091	0.095	0.084	0.076	0.072	0.069	0.074	0.073	0.063	0.048	0.030	0.020	0.013	0.005	0.002
1990	1	4	1	2	0	1	100	0.000	0.000	0.000	0.003	0.008	0.023	0.038	0.042	0.054	0.070	0.075	0.074	0.071	0.094	0.104	0.100	0.081	0.064	0.055	0.028	0.011	0.006
1991	1	4	1	2	0	1	100	0.000	0.000	0.000	0.000	0.004	0.014	0.042	0.062	0.060	0.053	0.053	0.052	0.054	0.069	0.073	0.074	0.076	0.104	0.091	0.069	0.032	0.017
1992	1	4	1	2	0	1	100	0.000	0.000	0.003	0.023	0.061	0.054	0.048	0.059	0.061	0.054	0.066	0.061	0.056	0.058	0.058	0.064	0.067	0.072	0.065	0.043	0.018	0.009
1993	1	4	1	2	0	1	100	0.000	0.000	0.002	0.012	0.046	0.081	0.110	0.111	0.098	0.091	0.080	0.061	0.043	0.043	0.044	0.046	0.037	0.036	0.030	0.018	0.007	0.004
1994	1	4	1	2	0	1	100	0.000	0.003	0.012	0.035	0.040	0.078	0.120	0.132	0.129	0.116	0.093	0.064	0.036	0.030	0.022	0.024	0.018	0.017	0.016	0.010	0.005	0.002
1995	1	4	1	2	0	1	100	0.000	0.000	0.003	0.016	0.035	0.076	0.101	0.134	0.129	0.129	0.099	0.075	0.056	0.045	0.034	0.025	0.015	0.012	0.009	0.005	0.002	0.001
1996	1	4	1	2	0	1	100	0.000	0.000	0.001	0.007	0.017	0.030	0.062	0.091	0.104	0.103	0.104	0.092	0.085	0.086	0.067	0.057	0.042	0.028	0.015	0.008	0.003	0.001
1997	1	4	1	2	0	1	100	0.000	0.000	0.000	0.000	0.004	0.014	0.027	0.053	0.071	0.096	0.090	0.081	0.074	0.073	0.079	0.079	0.081	0.076	0.054	0.031	0.014	0.005
1998	1	4	1	2	0	1	100	0.000	0.000	0.000	0.001	0.009	0.014	0.027	0.040	0.061	0.069	0.068	0.065	0.065	0.073	0.084	0.101	0.101	0.096	0.066	0.040	0.015	0.005
1999	1	4	1	2	0	1	100	0.001	0.003	0.004	0.007	0.015	0.029	0.049	0.071	0.072	0.067	0.062	0.063	0.063	0.075	0.094	0.082	0.068	0.069	0.053	0.034	0.015	0.006
2000	1	4	1	2	0	1	100	0.000	0.000	0.001	0.015	0.030	0.053	0.089	0.107	0.077	0.067	0.065	0.058	0.059	0.061	0.070	0.074	0.054	0.052	0.036	0.021	0.006	0.003
2001	1	4	1	2	0	1	100	0.000	0.000	0.001	0.008	0.009	0.043	0.069	0.114	0.130	0.118	0.102	0.078	0.056	0.059	0.051	0.054	0.038	0.032	0.019	0.011	0.005	0.002
2002	1	4	1	2	0	1	100	0.000	0.000	0.000	0.001	0.001	0.014	0.038	0.076	0.092	0.115	0.089	0.078	0.076	0.080	0.084	0.088	0.072	0.048	0.024	0.016	0.005	0.002
2003	1	4	1	2	0	1	100	0.000	0.001	0.008	0.019	0.062	0.055	0.062	0.065	0.079	0.076	0.073	0.069	0.063	0.070	0.071	0.062	0.057	0.050	0.033	0.018	0.005	0.001
2004	1	4	1	2	0	1	100	0.001	0.002	0.003	0.009	0.023	0.083	0.109	0.162	0.117	0.066	0.061	0.053	0.038	0.047	0.042	0.039	0.038	0.037	0.033	0.026	0.009	0.004
2005	1	4	1	2	0	1	100	0.000	0.001	0.003	0.022	0.041	0.056	0.081	0.148	0.140	0.088	0.069	0.083	0.077	0.047	0.029	0.025	0.021	0.023	0.020	0.014	0.009	0.004
2006	1	4	1	2	0	1	100	0.001	0.003	0.003	0.020	0.019	0.026	0.060	0.121	0.120	0.096	0.072	0.075	0.059	0.048	0.046	0.056	0.063	0.058	0.030	0.014	0.008	0.002
2007	1	4	1	2	0	1	100	0.000	0.000	0.000	0.001	0.013	0.049	0.074	0.103	0.087	0.082	0.077	0.082	0.069	0.067	0.059	0.066	0.070	0.052	0.031	0.013	0.005	0.001
2008	1	4	1	2	0	1	100	0.000	0.000	0.001	0.004	0.008	0.022	0.056	0.091	0.115	0.117	0.086	0.067	0.063	0.061	0.061	0.071	0.064	0.057	0.029	0.017	0.007	0.004
2009	1	4	1	2	0	1	100	0.000	0.000	0.001	0.013	0.045	0.062	0.078	0.088	0.068	0.065	0.058	0.056	0.049	0.047	0.064	0.074	0.071	0.056	0.048	0.038	0.015	0.007
2010	1	4	1	2	0	1	100	0.000	0.000	0.002	0.023	0.095	0.128	0.090	0.116	0.059	0.056	0.059	0.034	0.042	0.038	0.043	0.044	0.041	0.042	0.040	0.028	0.014	0.006
2011	1	4	1	2	0	1	100	0.000	0.002	0.003	0.013	0.026	0.052	0.095	0.113	0.105	0.073	0.066	0.049	0.038	0.038	0.047	0.048	0.055	0.056	0.055	0.042	0.016	0.008
2012	1	4	1	2	0	1	100	0.000	0.001	0.005	0.020	0.041	0.066	0.089	0.111	0.108	0.101	0.082	0.071	0.047	0.033	0.043	0.045	0.037	0.035	0.029	0.019	0.011	0.005
2013	1	4	1	2	0	1	100	0.000	0.001	0.003	0.009	0.024	0.046	0.067	0.079	0.075	0.087	0.105	0.104	0.079	0.051	0.063	0.060	0.052	0.038	0.027	0.018	0.008	0.005
2014	1	4	1	2	0	1	100	0.000	0.001	0.001	0.008	0.035	0.032	0.071	0.107	0.092	0.087	0.082	0.066	0.051	0.048	0.060	0.073	0.071	0.045	0.035	0.023	0.009	0.004
2015	1	4	1	2	0	1	100	0.000	0.000	0.001	0.001	0.009	0.030	0.082	0.105	0.111	0.100	0.091	0.082	0.058	0.051	0.056	0.055	0.048	0.035	0.031	0.026	0.017	0.011
2016	1	4	1	2	0	1	100	0.000	0.004	0.025	0.064	0.100	0.089	0.083	0.077	0.056	0.061	0.068	0.066	0.061	0.050	0.048	0.044	0.035	0.026	0.019	0.012	0.008	0.006
2017	1	4	1	2	0	1	100	0.000	0.000	0.010	0.079	0.124	0.124	0.155	0.127	0.079	0.064	0.058	0.037	0.029	0.020	0.023	0.022	0.017	0.014	0.009	0.005	0.003	0.001
2018	1	4	1	2	0	1	100	0.000	0.000	0.001	0.018	0.058	0.130	0.168	0.157	0.113	0.085	0.074	0.063	0.039	0.031	0.022	0.018	0.010	0.006	0.003	0.002	0.001	0.000
2019	1	4	1	2	0	1	100	0.000	0.000	0.000	0.007	0.037	0.062	0.085	0.094	0.100	0.108	0.111	0.104	0.085	0.074	0.052	0.037	0.022	0.011	0.006	0.003	0.002	0.001
2021	1	4	1	2	0	1	100	0.000	0.001	0.002	0.004	0.010	0.024	0.033	0.052	0.066	0.098	0.133	0.140	0.125	0.106	0.084	0.059	0.034	0.020	0.007	0.002	0.001	0.001
2022	1	4	1	2	0	1	100	0.000	0.000	0.006	0.035	0.075	0.067	0.062	0.057	0.066	0.071	0.080	0.079	0.077	0.074	0.077	0.064	0.050	0.032	0.018	0.007	0.002	0.001
2023	1	4	1	2	0	1	100	0.000	0.006	0.043	0.040	0.053	0.091	0.097	0.095	0.052	0.038	0.034	0.041	0.042	0.066	0.067	0.069	0.067	0.052	0.027	0.014	0.006	0.004
2024	1	4	1	2	0	1	100	0.000	0.008	0.025	0.060	0.106	0.127	0.115	0.122	0.089	0.074	0.066	0.047	0.034	0.028	0.025	0.021	0.017	0.017	0.012	0.005	0.002	0.001
2025	1	4	1	2	0	1	100	0.000	0.000	0.000	0.002	0.011	0.045	0.090	0.142	0.174	0.117	0.096	0.100	0.060	0.041	0.034	0.034	0.025	0.015	0.007	0.004	0.001	0.001
## Growth data																													
# Type of growth increment (0=ignore; 1=growth increment with a CV;2=size-at-release; 3= size-at-release values) 																													
1																													
# nobs_growth																													
294																												
## Premolt	Sex	Molt Inc	CV																										
25.2	1	7.6		0.03
25.2	1	7.6		0.03
25.4	1	6.4		0.03
25.6	1	5.8		0.03
25.6	1	5.8		0.03
25.7	1	7.57	0.03
25.7	1	5.47	0.03
25.8	1	4.9		0.03
25.9	1	5.2		0.03
25.9	1	5.2		0.03
26		1	6.2		0.03
26.1	1	5.4		0.03
26.3	1	73		0.03
26.5	1	6.7		0.03
26.7	1	8.1		0.03
27.1	1	5.5		0.03
27.2	1	6.1		0.03
27.4	1	7.4		0.03
27.6	1	5.4		0.03
27.9	1	8.9		0.03
28.8	1	6.8		0.03
28.9	1	7.05	0.03
29		1	6.9		0.03
29.1	1	7		0.03
29.7	1	7.3		0.03
29.9	1	10		0.03
30.3	1	10		0.03
30.7	1	9.8		0.03
44.2	1	14.5	0.03
44.7	1	12.6	0.03
53.56	1	12.14	0.03
54.84	1	13.11	0.03
56.07	1	15.92	0.03
56.5	1	13.5	0.03
56.5	1	15.74	0.03
56.95	1	13.08	0.03
57		1	13		0.03
57.42	1	16.56	0.03
57.44	1	18.13	0.03
57.63	1	10.97	0.03
57.63	1	10.97	0.03
58.47	1	16.29	0.03
58.7	1	13.8	0.03
59.3	1	15.8	0.03
59.86	1	14.75	0.03
60.3	1	14.8	0.03
60.48	1	16.67	0.03
60.6	1	16.49	0.03
60.62	1	18.51	0.03
60.8	1	17.6	0.03
60.82	1	18.14	0.03
60.86	1	18.14	0.03
61.09	1	19.86	0.03
61.45	1	16		0.03
61.59	1	18.43	0.03
61.94	1	17.02	0.03
62.15	1	19.03	0.03
62.28	1	14.5	0.03
62.3	1	19.5	0.03
62.57	1	17.38	0.03
62.72	1	16.99	0.03
62.78	1	17.11	0.03
63.09	1	18.22	0.03
63.37	1	20.62	0.03
63.75	1	15.92	0.03
63.81	1	15.49	0.03
63.89	1	15.2	0.03
64		1	20.7	0.03
64		1	20.7	0.03
64.01	1	16.54	0.03
64.21	1	19.03	0.03
64.37	1	18.02	0.03
64.59	1	19.2	0.03
64.7	1	18		0.03
65.02	1	15.07	0.03
65.42	1	15.41	0.03
65.76	1	16.12	0.03
65.79	1	17.23	0.03
65.85	1	18.38	0.03
65.94	1	17.1	0.03
65.97	1	17.13	0.03
66.01	1	15.5	0.03
66.04	1	18.42	0.03
66.37	1	16.64	0.03
66.52	1	19.72	0.03
67.05	1	17.45	0.03
67.1	1	16.74	0.03
67.23	1	18.33	0.03
67.34	1	16.47	0.03
67.44	1	16.9	0.03
67.6	1	18.4	0.03
67.66	1	20.98	0.03
67.86	1	16.64	0.03
67.88	1	19.73	0.03
67.9	1	17.4	0.03
68.75	1	17.95	0.03
68.86	1	19.66	0.03
69.03	1	16.55	0.03
69.05	1	20.67	0.03
69.06	1	15.05	0.03
69.36	1	17.91	0.03
69.57	1	17.28	0.03
69.69	1	17.44	0.03
69.8	1	17.27	0.03
70.19	1	21.96	0.03
70.25	1	9.9		0.03
70.87	1	19		0.03
71.04	1	27.79	0.03
71.2	1	20.37	0.03
71.4	1	18.98	0.03
71.71	1	21.25	0.03
71.71	1	9.65	0.03
72.19	1	16.38	0.03
72.26	1	18.82	0.03
72.37	1	17.49	0.03
72.4	1	18.54	0.03
72.53	1	15.7	0.03
72.53	1	15.91	0.03
73.19	1	17.15	0.03
73.27	1	18.17	0.03
73.41	1	21.45	0.03
73.54	1	17.55	0.03
73.61	1	18.48	0.03
73.89	1	19.77	0.03
73.89	1	15.82	0.03
73.97	1	18.41	0.03
74.01	1	19.55	0.03
74.06	1	18.78	0.03
74.5	1	19.4	0.03
74.97	1	19.7	0.03
75.19	1	20.88	0.03
75.35	1	20.39	0.03
75.43	1	20.28	0.03
75.54	1	17.67	0.03
75.66	1	18.98	0.03
75.71	1	15.11	0.03
75.72	1	17.96	0.03
75.98	1	20.66	0.03
76.31	1	21.82	0.03
76.81	1	17.28	0.03
77.1	1	20.36	0.03
77.22	1	20.94	0.03
78.05	1	21.3	0.03
78.1	1	19.17	0.03
78.21	1	17.75	0.03
78.53	1	19.58	0.03
78.72	1	17.39	0.03
79.61	1	21.33	0.03
79.9	1	17.9	0.03
80.14	1	20.19	0.03
80.7	1	14.18	0.03
80.85	1	22.16	0.03
80.88	1	18.23	0.03
82.89	1	21.87	0.03
83.12	1	21.36	0.03
84.6	1	20.13	0.03
87.29	1	22.7	0.03
89.8	1	20.2	0.03
89.9	1	22.2	0.03
89.9	1	22.4	0.03
93.8	1	23.8	0.03
25		2	6.1		0.03
25.1	2	7.1		0.03
25.2	2	6.8		0.03
25.2	2	6.8		0.03
25.3	2	8.2		0.03
25.4	2	6.3		0.03
25.4	2	6.3		0.03
25.5	2	9.1		0.03
25.5	2	7.4		0.03
25.5	2	9.1		0.03
25.5	2	7.4		0.03
25.5	2	5.72	0.03
25.7	2	6.8		0.03
25.7	2	7.6		0.03
25.7	2	4.2		0.03
25.8	2	7.8		0.03
25.8	2	6.3		0.03
25.9	2	6.8		0.03
25.9	2	6.8		0.03
25.9	2	5.7		0.03
25.9	2	6.7		0.03
26		2	7.1		0.03
26		2	6.8		0.03
26		2	6.2		0.03
26.1	2	7.1		0.03
26.2	2	6.4		0.03
26.2	2	6.4		0.03
26.2	2	7		0.03
26.3	2	6.5		0.03
26.3	2	3.9		0.03
26.4	2	5.4		0.03
26.4	2	5.4		0.03
26.4	2	6.2		0.03
26.4	2	7.3		0.03
26.5	2	7.4		0.03
26.5	2	7.2		0.03
26.5	2	6.19	0.03
26.6	2	8.3		0.03
26.7	2	5		0.03
26.7	2	4.5		0.03
26.7	2	5.7		0.03
26.9	2	7.5		0.03
26.9	2	7.6		0.03
26.9	2	6.2		0.03
27		2	7.7		0.03
27.1	2	5.93	0.03
27.1	2	6.3		0.03
27.1	2	6.2		0.03
27.1	2	5.6		0.03
27.2	2	7.2		0.03
27.2	2	7.3		0.03
27.2	2	6.3		0.03
27.4	2	7.7		0.03
27.4	2	7.1		0.03
27.4	2	6.8		0.03
27.5	2	7.3		0.03
27.5	2	6.5		0.03
27.6	2	5.3		0.03
27.6	2	5.14	0.03
27.7	2	5.81	0.03
28		2	7		0.03
28		2	6.8		0.03
28.1	2	6.4		0.03
28.1	2	6.4		0.03
28.1	2	6.5		0.03
28.1	2	6.3		0.03
28.2	2	8.02	0.03
28.2	2	7.6		0.03
28.2	2	8.02	0.03
28.2	2	7.6		0.03
28.2	2	7.6		0.03
28.3	2	6.44	0.03
28.3	2	7.24	0.03
28.4	2	6.5		0.03
28.5	2	7.9		0.03
28.5	2	7.5		0.03
28.5	2	7.63	0.03
28.6	2	6.9		0.03
28.6	2	6.8		0.03
28.7	2	8.4		0.03
28.7	2	7.3		0.03
28.7	2	8.4		0.03
28.7	2	7.3		0.03
28.7	2	5.8		0.03
28.7	2	6.76	0.03
28.9	2	7		0.03
28.9	2	5.9		0.03
28.9	2	6.8		0.03
29		2	7.7		0.03
29		2	7.7		0.03
29		2	6.9		0.03
29.1	2	9.3		0.03
29.1	2	9.3		0.03
29.1	2	7.5		0.03
29.1	2	2.7		0.03
29.1	2	4.82	0.03
29.2	2	9.3		0.03
29.2	2	7.6		0.03
29.3	2	6.1		0.03
29.3	2	6.34	0.03
29.4	2	7.3		0.03
29.4	2	7.3		0.03
29.5	2	8.9		0.03
29.6	2	6.6		0.03
29.6	2	5.88	0.03
29.8	2	7.38	0.03
30		2	6.08	0.03
30.3	2	6.7		0.03
30.4	2	6.8		0.03
30.6	2	5.8		0.03
30.6	2	6.15	0.03
30.9	2	7.5		0.03
30.9	2	7.5		0.03
30.9	2	6.6		0.03
31		2	6.5		0.03
31.7	2	7.35	0.03
31.8	2	7.8		0.03
32.8	2	12.1	0.01
33.3	2	8.04	0.01
34.9	2	9.9		0.01
34.9	2	9.9		0.01
35.3	2	12.3	0.01
38.3	2	12.6	0.01
38.9	2	14.1	0.01
41		2	14.8	0.01
42.1	2	12.5	0.01
44.2	2	15.3	0.01
44.3	2	15		0.01
44.8	2	14.9	0.01
45.2	2	14.4	0.01
46.9	2	13.5	0.01
47		2	14.4	0.01
47.9	2	13.5	0.01
# Environmental data																													
0   #--format flag (0=old style, 1=new style)																													
# Number of series																													
0																													
# Year ranges																													
																													
# Environmental Indices																													
# Index Year Value   																													
																													
## eof																													
9999																													
