ParName   Value   Gradient
T_pars_est[3]      13.6865   -0.0089611
T_pars_est[11]      8.44397  5.18846e-06
T_pars_est[12]      8.45546  5.22606e-06
T_pars_est[13]      8.50429  2.97491e-06
T_pars_est[14]      8.73749 -7.31469e-06
T_pars_est[15]      9.26706 -2.65511e-06
T_pars_est[16]      9.99651  9.54059e-06
T_pars_est[17]        10.75 -1.95203e-05
T_pars_est[18]      11.1445  1.32527e-05
T_pars_est[19]      11.2232  1.69283e-06
T_pars_est[20]      11.3036   1.9766e-05
T_pars_est[21]      11.3317  1.10994e-05
T_pars_est[22]      11.1223  5.05747e-06
T_pars_est[23]       10.806 -1.07422e-05
T_pars_est[24]      10.5472 -3.03191e-06
T_pars_est[25]       10.706 -5.94524e-05
T_pars_est[26]      11.5304 -3.03674e-05
T_pars_est[27]      11.0853  -0.00014315
T_pars_est[28]      10.1408 -8.71164e-05
T_pars_est[29]      9.15062 -1.53802e-05
T_pars_est[30]      8.17879 -2.33703e-05
T_pars_est[31]      7.36159 -4.47561e-06
T_pars_est[32]      6.94273 -2.94619e-06
T_pars_est[33]      13.6344 -0.000374535
T_pars_est[34]      13.3744 -0.000365471
T_pars_est[35]      13.1833 -0.000267353
T_pars_est[36]      13.3583 -0.000271761
T_pars_est[37]      12.6942 -0.000153163
T_pars_est[38]      12.8349 -0.000242799
T_pars_est[39]      12.6914 -0.000243391
T_pars_est[40]      12.4616 -0.000244441
T_pars_est[41]      12.3556 -0.000279441
T_pars_est[42]       11.786 -0.000155859
T_pars_est[43]      11.0545 -7.97681e-05
T_pars_est[44]      10.8297 -9.51949e-05
T_pars_est[45]      10.9511  -0.00015209
T_pars_est[46]      10.2614 -0.000120571
T_pars_est[47]      8.97277  4.68268e-06
T_pars_est[48]       7.8959  -8.3285e-06
T_pars_est[49]      7.09519 -4.63071e-05
T_pars_est[50]      6.53439 -8.00939e-06
T_pars_est[51]      6.12627 -1.73996e-05
T_pars_est[52]      5.82618   6.1441e-06
T_pars_est[53]      5.61981 -1.86699e-05
T_pars_est[54]      5.51384 -2.92904e-05
T_pars_est[55]      9.64979 -5.71028e-05
T_pars_est[56]      9.70753 -1.75845e-05
T_pars_est[57]      10.0211  8.22405e-06
T_pars_est[58]      11.0897 -4.80427e-05
T_pars_est[59]       12.807 -4.14685e-05
T_pars_est[60]      13.8222 -1.43775e-07
T_pars_est[61]      13.3701  0.000118262
T_pars_est[62]      12.4099    0.0001274
T_pars_est[63]      11.4219  9.91521e-05
T_pars_est[64]      10.2853  8.96219e-05
T_pars_est[65]      9.51731  0.000116323
T_pars_est[66]      9.08621  3.34323e-05
T_pars_est[67]       8.9167  0.000113241
T_pars_est[68]      8.78007  0.000149286
T_pars_est[69]      8.59081  0.000168566
T_pars_est[70]      8.35627  0.000155041
T_pars_est[71]      8.11867  9.63404e-05
T_pars_est[72]      7.90429  0.000120492
T_pars_est[73]      7.71833  8.52659e-05
T_pars_est[74]      7.55768  5.34914e-05
T_pars_est[75]      7.44386  6.71378e-05
T_pars_est[76]      7.37993  1.83394e-05
T_pars_est[77]     -15.1266 -1.22122e-05
T_pars_est[78]     -15.3371  1.75621e-05
T_pars_est[79]     -14.9322 -8.14746e-06
T_pars_est[80]     -14.1215  7.52125e-06
T_pars_est[81]     -13.2354 -6.18417e-07
T_pars_est[82]     -14.1042 -4.42062e-06
T_pars_est[83]     -15.2489 -2.62359e-05
T_pars_est[84]     -16.1895  -1.4998e-05
T_pars_est[85]     -16.8883  1.66611e-05
T_pars_est[86]     -17.3788 -4.53814e-06
T_pars_est[87]     -17.7097 -1.40001e-05
T_pars_est[88]     -17.9837  9.01183e-06
T_pars_est[89]     -18.2087 -4.73987e-06
T_pars_est[90]     -18.4079  1.53815e-07
T_pars_est[91]      -18.583  1.50077e-05
T_pars_est[92]     -18.7386 -3.89427e-06
T_pars_est[93]     -18.8772 -7.13554e-07
log_fbar[1]  -0.00893148   -0.0027441
log_fbar[2]     -5.58975    0.0001957
log_fdev[1](1)     -1.39708   0.00011697
log_fdev[1](2)     -1.72872  8.23902e-05
log_fdev[1](3)     -1.11675  6.58643e-05
log_fdev[1](4)    -0.761364  0.000170778
log_fdev[1](5)     -0.62493  0.000268569
log_fdev[1](6)    -0.311941  4.05574e-05
log_fdev[1](7)    -0.295035 -0.000462682
log_fdev[1](8)    -0.200413 -0.000524894
log_fdev[1](9)      1.00063 -0.000154326
log_fdev[1](10)      0.56517 -6.64301e-06
log_fdev[1](11)     0.821213 -5.17681e-05
log_fdev[1](12)     0.823532  1.95117e-05
log_fdev[1](13)     0.439084 -0.000233563
log_fdev[1](14)     0.698646  -0.00031146
log_fdev[1](15)     0.787548  0.000149452
log_fdev[1](16)      1.01947 -0.000257991
log_fdev[1](17)      1.02084 -0.000242927
log_fdev[1](18)    -0.190018  -0.00010985
log_fdev[1](19)   -0.0964662 -6.73491e-06
log_fdev[1](20)     0.366491  5.38367e-05
log_fdev[1](21)    -0.334271  3.72441e-05
log_fdev[1](22)     -1.99268 -1.72429e-05
log_fdev[1](23)     -0.98742  0.000129555
log_fdev[1](24)    -0.906456  0.000157991
log_fdev[1](25)    -0.274948 -2.27483e-05
log_fdev[1](26)    0.0444281 -0.000271337
log_fdev[1](27)    -0.205038 -0.000311808
log_fdev[1](28)    -0.528007 -0.000557279
log_fdev[1](29)     -0.91666 -0.000888281
log_fdev[1](30)    -0.191165 -0.000999265
log_fdev[1](31)     0.284049 -0.000377499
log_fdev[1](32)      0.50038  0.000327892
log_fdev[1](33)      1.00316  0.000135546
log_fdev[1](34)      1.03269  9.13205e-05
log_fdev[1](35)     0.592979 -0.000415689
log_fdev[1](36)     0.705014 -0.000391128
log_fdev[1](37)       1.0608 -1.23304e-05
log_fdev[1](38)      1.45242  4.12649e-06
log_fdev[1](39)      1.20238 -0.000102109
log_fdev[1](40)     -1.15597   0.00051698
log_fdev[1](41)     -1.20559  0.000200216
log_fdev[2](1)     0.302195 -3.05424e-05
log_fdev[2](2)     0.269451  -1.3148e-05
log_fdev[2](3)      0.11944 -3.71626e-05
log_fdev[2](4)   -0.0517168 -3.08406e-05
log_fdev[2](5)     -9.03344  5.11066e-06
log_fdev[2](6)     -5.00578 -4.83226e-05
log_fdev[2](7)     -5.46951 -3.34155e-05
log_fdev[2](8)     -1.56659 -1.30022e-05
log_fdev[2](9)    -0.260672 -3.70228e-05
log_fdev[2](10)       2.3086   2.7199e-05
log_fdev[2](11)      1.79573 -7.16509e-06
log_fdev[2](12)      1.48775 -4.03933e-05
log_fdev[2](13)      1.23236 -5.88621e-05
log_fdev[2](14)      1.58822 -3.11404e-05
log_fdev[2](15)      1.47586 -1.53032e-05
log_fdev[2](16)     0.918143  9.93346e-07
log_fdev[2](17)     0.982588  2.17355e-05
log_fdev[2](18)     0.437403  1.06297e-05
log_fdev[2](19)     0.692761   1.2376e-05
log_fdev[2](20)     0.426631 -1.46753e-05
log_fdev[2](21)     -0.36513 -1.75067e-05
log_fdev[2](22)    -0.420255 -1.80023e-05
log_fdev[2](23)    -0.172495 -5.41691e-07
log_fdev[2](24)   0.00438396  1.15948e-05
log_fdev[2](25)     0.719027 -8.94874e-06
log_fdev[2](26)     0.421408 -5.50307e-06
log_fdev[2](27)    -0.172711 -5.74991e-05
log_fdev[2](28)      0.46007 -8.72441e-05
log_fdev[2](29)    -0.917831 -9.71901e-05
log_fdev[2](30)    -0.550149 -6.32534e-05
log_fdev[2](31)    -0.105248  1.07768e-05
log_fdev[2](32)    0.0803306  6.29138e-05
log_fdev[2](33)      1.65524  1.98921e-05
log_fdev[2](34)      2.89044  2.18137e-06
log_fdev[2](35)    -0.732228 -4.77846e-05
log_fdev[2](36)     0.343019 -5.77426e-05
log_fdev[2](37)      1.61877  -1.0012e-05
log_fdev[2](38)     0.984209  2.40243e-05
log_fdev[2](39)     0.903411  7.75765e-05
log_fdev[2](40)     0.416295  6.44678e-05
log_fdev[2](41)     -0.27805  4.35959e-05
log_fdev[2](42)     0.394495  1.14051e-05
log_fdev[2](43)     0.173582 -2.89132e-05
log_foff[1]     -6.64085 -0.000778761
log_fdov[1](1)      1.06411  7.94201e-05
log_fdov[1](2)      1.31196  0.000142169
log_fdov[1](3)     0.962828  0.000161707
log_fdov[1](4)     0.881625  0.000173736
log_fdov[1](5)      1.76205  0.000193214
log_fdov[1](6)      1.33362   3.0751e-05
log_fdov[1](7)     0.593994 -3.37845e-05
log_fdov[1](8)     0.443472  5.39492e-05
log_fdov[1](9)      2.73595 -6.21702e-06
log_fdov[1](10)      1.32219 -1.62281e-05
log_fdov[1](11)       1.3904 -8.46426e-07
log_fdov[1](12)     0.654057  2.90044e-06
log_fdov[1](13)     0.825114 -6.29685e-05
log_fdov[1](14)      -0.3293 -0.000129637
log_fdov[1](15)      1.00148 -6.62469e-05
log_fdov[1](16)      0.90522 -0.000104541
log_fdov[1](17)    -0.876971 -5.43295e-05
log_fdov[1](18)    -0.324548 -0.000184679
log_fdov[1](19)     -2.30316 -0.000159492
log_fdov[1](20)   -0.0706243 -0.000108528
log_fdov[1](21)     -1.48084 -8.33418e-05
log_fdov[1](22)     0.303063 -3.19926e-05
log_fdov[1](23)    -0.904484 -5.57668e-05
log_fdov[1](24)    -0.566215  4.45715e-05
log_fdov[1](25)     -2.61573  7.80597e-05
log_fdov[1](26)    -0.293752  5.14409e-05
log_fdov[1](27)    0.0844253  3.20135e-05
log_fdov[1](28)     0.294721 -4.26723e-06
log_fdov[1](29)     0.710673 -0.000111671
log_fdov[1](30)       2.6319 -8.60497e-05
log_fdov[1](31)     0.546364  1.20078e-06
log_fdov[1](32)      1.07966  4.53445e-05
log_fdov[1](33)      1.65961 -5.52003e-05
log_fdov[1](34)     0.784161  2.51053e-05
log_fdov[1](35)     0.135722 -6.07345e-05
log_fdov[1](36)   -0.0555579 -0.000112322
log_fdov[1](37)    -0.670013 -0.000195853
log_fdov[1](38)     -1.16688 -7.64157e-05
log_fdov[1](39)      -4.4663 -9.51305e-05
log_fdov[1](40)     -4.94522 -8.38126e-05
log_fdov[1](41)     -4.34877 -0.000136581
rec_dev_est(1982)     0.537679  -0.00111221
rec_dev_est(1983)     0.275874  -0.00065504
rec_dev_est(1984)      1.41112 -0.000325915
rec_dev_est(1985)      1.82266 -0.000554828
rec_dev_est(1986)   0.00747109 -0.000147011
rec_dev_est(1987)     0.717625 -0.000410936
rec_dev_est(1988)      0.54643 -0.000425381
rec_dev_est(1989)    -0.185474 -0.000168994
rec_dev_est(1990)     0.310033  0.000516108
rec_dev_est(1991)      1.08374  0.000757799
rec_dev_est(1992)    -0.156409  0.000452737
rec_dev_est(1993)     -0.32661  7.06404e-05
rec_dev_est(1994)    -0.966608  9.00193e-05
rec_dev_est(1995)     -1.80012  0.000120864
rec_dev_est(1996)     0.592934 -5.77036e-05
rec_dev_est(1997)    -0.230345 -0.000196028
rec_dev_est(1998)     -1.02353 -5.37979e-06
rec_dev_est(1999)    -0.828494 -0.000286939
rec_dev_est(2000)    -0.844266 -1.23446e-05
rec_dev_est(2001)    0.0186687   -0.0013774
rec_dev_est(2002)      1.41026  -0.00168576
rec_dev_est(2003)     0.145711  -0.00104509
rec_dev_est(2004)     0.440249  -0.00183506
rec_dev_est(2005)    -0.826736 -2.40224e-05
rec_dev_est(2006)     -1.66705 -1.98274e-05
rec_dev_est(2007)    -0.785343  0.000260958
rec_dev_est(2008)      1.40722  0.000701633
rec_dev_est(2009)    -0.650262 -0.000273784
rec_dev_est(2010)    -0.460142 -0.000308399
rec_dev_est(2011)    -0.530089 -0.000196593
rec_dev_est(2012)     -0.49642  0.000199375
rec_dev_est(2013)     -0.35531  0.000761756
rec_dev_est(2014)     0.235963   0.00120616
rec_dev_est(2015)    -0.114237  0.000688195
rec_dev_est(2016)     0.521158  6.60224e-05
rec_dev_est(2017)     -1.18737 -2.53027e-05
rec_dev_est(2018)     -1.19256  4.18698e-05
rec_dev_est(2019)    -0.593218  3.94844e-06
rec_dev_est(2020)     0.425258 -4.40513e-05
rec_dev_est(2021)     0.823331 -2.95015e-05
rec_dev_est(2022)     0.909453 -4.06296e-05
rec_dev_est(2023)    -0.463651  7.09957e-05
rec_dev_est(2024)      -1.5392  4.75907e-05
logit_rec_prop_est(1982)      4.51085 -0.000331326
logit_rec_prop_est(1983)      4.25249 -1.37307e-05
logit_rec_prop_est(1984)    -0.825242  -0.00134442
logit_rec_prop_est(1985)    -0.256264  -0.00152727
logit_rec_prop_est(1986)     -1.74839 -0.000374697
logit_rec_prop_est(1987)   -0.0100905  -0.00107446
logit_rec_prop_est(1988)     0.170761 -0.000562116
logit_rec_prop_est(1989)     -1.83841 -0.000217028
logit_rec_prop_est(1990)      1.80891   0.00132167
logit_rec_prop_est(1991)      1.47938   0.00420779
logit_rec_prop_est(1992)     0.227921   0.00213074
logit_rec_prop_est(1993)     -1.27005   0.00143023
logit_rec_prop_est(1994)     -1.28973   0.00101884
logit_rec_prop_est(1995)      1.45445  0.000392137
logit_rec_prop_est(1996)    -0.651146   0.00144854
logit_rec_prop_est(1997)      1.99103  0.000329531
logit_rec_prop_est(1998)     -2.91292 -5.38741e-05
logit_rec_prop_est(1999)      0.69932 -0.000573754
logit_rec_prop_est(2000)     -1.70058 -0.000400857
logit_rec_prop_est(2001)      1.80542   -0.0024913
logit_rec_prop_est(2002)     -1.20574  -0.00935303
logit_rec_prop_est(2003)     0.198877  -0.00545744
logit_rec_prop_est(2004)      1.90315  -0.00297493
logit_rec_prop_est(2005)     0.627271  -0.00176948
logit_rec_prop_est(2006)      3.79896  0.000705048
logit_rec_prop_est(2007)      2.88843  0.000777898
logit_rec_prop_est(2008)     -1.34691   0.00575643
logit_rec_prop_est(2009)    -0.670545  -0.00117966
logit_rec_prop_est(2010)    -0.624216  -0.00141044
logit_rec_prop_est(2011)    -0.940088 -0.000661124
logit_rec_prop_est(2012)    -0.689252   0.00162828
logit_rec_prop_est(2013)      1.70848   0.00241743
logit_rec_prop_est(2014)    0.0507817   0.00600447
logit_rec_prop_est(2015)     -1.27802   0.00498727
logit_rec_prop_est(2016)     -2.49251     0.001642
logit_rec_prop_est(2017)     -4.34278  6.45957e-05
logit_rec_prop_est(2018)     -4.22917  0.000319174
logit_rec_prop_est(2019)     -1.20871 -8.14017e-05
logit_rec_prop_est(2020)     0.835523  0.000486634
logit_rec_prop_est(2021)    -0.970515   0.00037882
logit_rec_prop_est(2022)   -0.0618779  1.05262e-05
logit_rec_prop_est(2023)    -0.712233 -0.000216199
logit_rec_prop_est(2024)      2.86336  4.95313e-06
