ParName   Value   Gradient
T_pars_est[3]      13.5337   0.00373958
T_pars_est[11]      8.36757  6.12917e-06
T_pars_est[12]      8.37617  0.000231652
T_pars_est[13]      8.41946 -0.000105253
T_pars_est[14]      8.68381  0.000333903
T_pars_est[15]       9.2429  3.88637e-05
T_pars_est[16]      9.99003 -0.000161622
T_pars_est[17]      10.7514  9.46497e-05
T_pars_est[18]      11.1444 -0.000400714
T_pars_est[19]       11.229 -0.000114899
T_pars_est[20]      11.3204   0.00061441
T_pars_est[21]      11.3577   0.00050977
T_pars_est[22]      11.1485  0.000645864
T_pars_est[23]      10.8281  0.000147897
T_pars_est[24]       10.565   0.00104821
T_pars_est[25]      10.7195   0.00108009
T_pars_est[26]      11.5431  0.000926376
T_pars_est[27]      11.0952   0.00172112
T_pars_est[28]      10.1514   0.00143822
T_pars_est[29]      9.16183  0.000144708
T_pars_est[30]      8.18901  -0.00044933
T_pars_est[31]      7.37072  0.000429207
T_pars_est[32]      6.95116 -0.000127509
T_pars_est[33]      14.9667  0.000200214
T_pars_est[34]      13.6629  9.54372e-05
T_pars_est[35]      13.1271 -0.000540314
T_pars_est[36]      13.3068   0.00199885
T_pars_est[37]      12.8647  -0.00326358
T_pars_est[38]      12.9755    0.0026558
T_pars_est[39]      12.7102  -0.00108707
T_pars_est[40]      12.4341 -0.000321527
T_pars_est[41]       12.341 -0.000679704
T_pars_est[42]      11.7661  0.000559232
T_pars_est[43]      11.0495   0.00271538
T_pars_est[44]      10.8314   0.00203554
T_pars_est[45]      10.9551   0.00229405
T_pars_est[46]      10.2653  -0.00529864
T_pars_est[47]      8.97747 -4.34362e-05
T_pars_est[48]      7.90159   0.00113992
T_pars_est[49]      7.10204 -0.000123821
T_pars_est[50]      6.54184 -0.000214382
T_pars_est[51]      6.13424 -0.000105658
T_pars_est[52]      5.83462 -0.000318769
T_pars_est[53]      5.62863  0.000964022
T_pars_est[54]      5.52287  0.000761666
T_pars_est[55]      9.76386 -1.64424e-05
T_pars_est[56]      9.80187 -0.000275292
T_pars_est[57]      10.0352  0.000209086
T_pars_est[58]      11.0739 -7.99449e-05
T_pars_est[59]      12.8253  4.89651e-05
T_pars_est[60]      14.0215 -2.29448e-05
T_pars_est[61]      13.6022   0.00080621
T_pars_est[62]      12.5568 -9.54851e-05
T_pars_est[63]      11.5542  0.000306175
T_pars_est[64]      10.3969  0.000510717
T_pars_est[65]       9.6162   -0.0005358
T_pars_est[66]      9.18888 -0.000649817
T_pars_est[67]      9.04946 -0.000833133
T_pars_est[68]      8.91862   3.1959e-05
T_pars_est[69]      8.71452 -0.000360652
T_pars_est[70]      8.45948 -0.000335464
T_pars_est[71]      8.19642 -0.000322748
T_pars_est[72]      7.96141 -0.000248481
T_pars_est[73]      7.75189 -0.000298682
T_pars_est[74]      7.57296 -7.52095e-05
T_pars_est[75]      7.44802     0.000908
T_pars_est[76]      7.37911   -0.0013329
T_pars_est[77]     -15.1266 -4.81012e-05
T_pars_est[78]     -15.3371 -0.000313548
T_pars_est[79]     -14.9322  8.84066e-06
T_pars_est[80]     -14.1215 -0.000387067
T_pars_est[81]     -13.2354  0.000561725
T_pars_est[82]     -14.1042 -0.000397105
T_pars_est[83]     -15.2489  0.000878569
T_pars_est[84]     -16.1895 -0.000851183
T_pars_est[85]     -16.8883 -0.000910775
T_pars_est[86]     -17.3788 -0.000534305
T_pars_est[87]     -17.7096   0.00207399
T_pars_est[88]     -17.9836  0.000694121
T_pars_est[89]     -18.2087 -0.000462815
T_pars_est[90]     -18.4079 -0.000841243
T_pars_est[91]      -18.583  0.000140635
T_pars_est[92]     -18.7386  0.000632404
T_pars_est[93]     -18.8772 -0.000300079
log_fbar[1]   -0.0300455   0.00318733
log_fbar[2]     -5.60098   0.00284067
log_fdev[1](1)     -1.38789   -0.0056046
log_fdev[1](2)     -1.71347  -0.00721459
log_fdev[1](3)     -1.09777   0.00458342
log_fdev[1](4)    -0.765169   0.00983057
log_fdev[1](5)    -0.659518  -0.00191581
log_fdev[1](6)    -0.398381  -0.00119922
log_fdev[1](7)    -0.275928  0.000762944
log_fdev[1](8)   -0.0769941  -0.00112408
log_fdev[1](9)      1.07465  -0.00141369
log_fdev[1](10)     0.610559   0.00121896
log_fdev[1](11)     0.828001  0.000661893
log_fdev[1](12)     0.840483  -0.00164864
log_fdev[1](13)     0.480257  0.000560072
log_fdev[1](14)     0.774148  0.000663313
log_fdev[1](15)     0.889628 -0.000513296
log_fdev[1](16)      1.05873 -0.000369092
log_fdev[1](17)      1.08453  0.000499614
log_fdev[1](18)    -0.144418 -0.000341828
log_fdev[1](19)   -0.0898698 -0.000119012
log_fdev[1](20)     0.229655 -0.000618968
log_fdev[1](21)    -0.488021  0.000504806
log_fdev[1](22)     -1.97935   0.00273372
log_fdev[1](23)    -0.960509   0.00161593
log_fdev[1](24)    -0.893534  0.000753246
log_fdev[1](25)    -0.225044   0.00111183
log_fdev[1](26)      0.11013  0.000545699
log_fdev[1](27)    -0.263152  0.000376316
log_fdev[1](28)     -0.60845 -4.19308e-05
log_fdev[1](29)    -0.907541  0.000605797
log_fdev[1](30)    -0.171816 -0.000969689
log_fdev[1](31)     0.336296 -0.000576243
log_fdev[1](32)     0.568798  5.82021e-05
log_fdev[1](33)      1.02683  0.000540287
log_fdev[1](34)      1.02096  0.000352946
log_fdev[1](35)     0.586389   -0.0008634
log_fdev[1](36)     0.613833  0.000386402
log_fdev[1](37)      1.05993 -0.000349633
log_fdev[1](38)      1.55032  -0.00090942
log_fdev[1](39)      1.22597 -0.000788855
log_fdev[1](40)     -1.26464  -0.00114528
log_fdev[1](41)     -1.59864   0.00494772
log_fdev[2](1)      0.29381   0.00254069
log_fdev[2](2)     0.268764  0.000227147
log_fdev[2](3)       0.1192  0.000151144
log_fdev[2](4)   -0.0744088  0.000166739
log_fdev[2](5)     -9.08606 -5.90168e-05
log_fdev[2](6)     -5.06638  0.000317415
log_fdev[2](7)      -5.4308  0.000372073
log_fdev[2](8)     -1.45982  0.000329523
log_fdev[2](9)     -0.19279  0.000383416
log_fdev[2](10)      2.34877  -0.00208326
log_fdev[2](11)      1.81009  0.000493742
log_fdev[2](12)      1.51085  0.000157999
log_fdev[2](13)      1.24754  0.000364886
log_fdev[2](14)      1.61727  5.34661e-05
log_fdev[2](15)      1.51727  5.01049e-05
log_fdev[2](16)     0.940444  0.000346093
log_fdev[2](17)      1.01599 -2.67297e-05
log_fdev[2](18)     0.452033 -1.78532e-05
log_fdev[2](19)     0.669232 -9.70488e-06
log_fdev[2](20)     0.328089 -0.000222803
log_fdev[2](21)     -0.45998   3.8954e-05
log_fdev[2](22)     -0.41828  0.000296346
log_fdev[2](23)     -0.15027  0.000704167
log_fdev[2](24)    0.0302373  0.000338573
log_fdev[2](25)      0.77057  0.000127641
log_fdev[2](26)     0.446657 -1.37534e-05
log_fdev[2](27)     -0.23685  2.95437e-06
log_fdev[2](28)     0.390307 -3.51338e-05
log_fdev[2](29)    -0.920449  0.000135594
log_fdev[2](30)    -0.523615  0.000437767
log_fdev[2](31)   -0.0330346   -1.578e-05
log_fdev[2](32)     0.148472   0.00024795
log_fdev[2](33)      1.69586  9.49014e-05
log_fdev[2](34)      2.92714 -0.000457084
log_fdev[2](35)    -0.710191  0.000415877
log_fdev[2](36)     0.337054  0.000315425
log_fdev[2](37)      1.67835 -5.51935e-05
log_fdev[2](38)      1.09386  1.80977e-05
log_fdev[2](39)     0.977843 -0.000178501
log_fdev[2](40)     0.378722 -0.000173418
log_fdev[2](41)    -0.418003  0.000386897
log_fdev[2](42)     0.186992  0.000275879
log_fdev[2](43)   -0.0204847  0.000422448
log_foff[1]     -6.51228  -0.00172311
log_fdov[1](1)     0.848848  -0.00157904
log_fdov[1](2)      1.09049 -4.08094e-05
log_fdov[1](3)     0.735635  0.000237636
log_fdov[1](4)     0.609953 -2.20473e-05
log_fdov[1](5)      1.23009  3.59852e-06
log_fdov[1](6)      1.01423  -0.00146066
log_fdov[1](7)     0.562251 -0.000455401
log_fdov[1](8)     0.438687  -0.00015153
log_fdov[1](9)      2.82067 -6.16928e-05
log_fdov[1](10)      1.40684 -0.000202835
log_fdov[1](11)      1.49967 -0.000281505
log_fdov[1](12)     0.716254  -0.00047509
log_fdov[1](13)      0.56644  -9.1961e-05
log_fdov[1](14)      -0.9036  0.000303732
log_fdov[1](15)     0.422484 -0.000150823
log_fdov[1](16)     0.508924 -7.06045e-05
log_fdov[1](17)     -1.22557   -0.0001368
log_fdov[1](18)     -0.59153  0.000737724
log_fdov[1](19)      -2.4889 -3.00554e-05
log_fdov[1](20)    -0.124641 -0.000317431
log_fdov[1](21)      -1.4906  0.000594735
log_fdov[1](22)     0.156339  0.000643686
log_fdov[1](23)     -1.07609  9.08535e-05
log_fdov[1](24)    -0.521529  3.61503e-05
log_fdov[1](25)     -2.41535 -3.34472e-05
log_fdov[1](26)    -0.271422  0.000347457
log_fdov[1](27)   0.00490246  0.000453937
log_fdov[1](28)     0.132009  0.000414747
log_fdov[1](29)     0.378248 -7.45082e-05
log_fdov[1](30)      2.59306 -0.000100242
log_fdov[1](31)     0.847601  0.000307463
log_fdov[1](32)      1.44514  0.000552697
log_fdov[1](33)      2.09651  -5.4127e-05
log_fdov[1](34)      1.26453  -6.2007e-05
log_fdov[1](35)     0.514342 -0.000672156
log_fdov[1](36)     0.206964 -0.000302738
log_fdov[1](37)    -0.531955 -0.000250436
log_fdov[1](38)    -0.878086 -0.000419779
log_fdov[1](39)     -3.84283  0.000137812
log_fdov[1](40)     -4.09435  0.000918524
log_fdov[1](41)     -3.65466   3.4578e-05
rec_dev_est(1982)    -0.281479 -5.95099e-05
rec_dev_est(1983)     0.846967  0.000101713
rec_dev_est(1984)       1.3212    0.0004285
rec_dev_est(1985)      1.75445  0.000181224
rec_dev_est(1986)    -0.230892   0.00163865
rec_dev_est(1987)     0.830941 -0.000224215
rec_dev_est(1988)     0.613323 -0.000776745
rec_dev_est(1989)    -0.134153  0.000958414
rec_dev_est(1990)     0.493921  7.75019e-05
rec_dev_est(1991)       1.8572  -0.00093865
rec_dev_est(1992)    -0.391741 -3.01827e-05
rec_dev_est(1993)    -0.626174  -0.00178185
rec_dev_est(1994)     -1.26839 -0.000418698
rec_dev_est(1995)     -1.89938   0.00034084
rec_dev_est(1996)     0.832148   0.00154289
rec_dev_est(1997)    -0.241403   0.00450704
rec_dev_est(1998)    -0.866018  0.000843442
rec_dev_est(1999)    -0.660823  0.000510414
rec_dev_est(2000)    -0.934979 -0.000165258
rec_dev_est(2001)     0.297104 -0.000436912
rec_dev_est(2002)      1.10212 -6.08084e-05
rec_dev_est(2003)     0.623186  0.000164899
rec_dev_est(2004)     0.944519 -7.59985e-05
rec_dev_est(2005)    -0.170193  0.000104356
rec_dev_est(2006)     -1.18957  -0.00025316
rec_dev_est(2007)    -0.134349  -0.00101177
rec_dev_est(2008)     0.786821   -0.0023035
rec_dev_est(2009)    -0.801074  -0.00139782
rec_dev_est(2010)    -0.786152  -0.00128859
rec_dev_est(2011)    -0.765654 -0.000319483
rec_dev_est(2012)      -0.4918  0.000643812
rec_dev_est(2013)    0.0158167  -0.00250724
rec_dev_est(2014)     0.509157   0.00164075
rec_dev_est(2015)    -0.724465  -0.00176417
rec_dev_est(2016)    -0.520495  0.000392501
rec_dev_est(2017)     -1.73572  0.000721332
rec_dev_est(2018)     -1.81407  0.000441996
rec_dev_est(2019)    -0.640582  0.000603742
rec_dev_est(2020)     0.773893  0.000519435
rec_dev_est(2021)     0.657519 -0.000272951
rec_dev_est(2022)      1.02454 -0.000336402
rec_dev_est(2023)     -0.27309    0.0002285
rec_dev_est(2024)     -1.27709  0.000253467
