ParName   Value   Gradient
T_pars_est[3]      13.7733  -0.00402852
T_pars_est[11]      9.40001  5.02778e-06
T_pars_est[12]      9.41009   8.9851e-06
T_pars_est[13]      9.44156 -1.38649e-06
T_pars_est[14]      9.56015  4.74284e-06
T_pars_est[15]      10.0507  4.13175e-06
T_pars_est[16]      10.6451  4.82781e-07
T_pars_est[17]      11.1314 -6.67292e-06
T_pars_est[18]      11.3458 -4.58144e-06
T_pars_est[19]      11.4446 -1.82893e-05
T_pars_est[20]      11.4832  2.70212e-06
T_pars_est[21]      11.4519  1.98023e-06
T_pars_est[22]       11.239  1.16643e-05
T_pars_est[23]      10.9653   5.2153e-06
T_pars_est[24]      10.7389  1.41813e-05
T_pars_est[25]      10.9237   2.0123e-05
T_pars_est[26]      11.7015   4.3644e-05
T_pars_est[27]      11.2281  2.75801e-05
T_pars_est[28]      10.3141   2.8715e-05
T_pars_est[29]      9.29554 -2.80384e-06
T_pars_est[30]      8.30041  2.00649e-05
T_pars_est[31]      7.47353  1.11756e-05
T_pars_est[32]      7.06547  1.39153e-06
T_pars_est[33]      13.8122  8.73807e-05
T_pars_est[34]      13.6052  3.15722e-06
T_pars_est[35]      13.2388  7.60953e-06
T_pars_est[36]      13.3046  3.81079e-06
T_pars_est[37]      12.8449  7.44004e-06
T_pars_est[38]      12.9242  1.85827e-05
T_pars_est[39]       12.663  1.89394e-05
T_pars_est[40]       12.406  3.73593e-06
T_pars_est[41]      12.3169  3.72584e-05
T_pars_est[42]      11.8426   2.4922e-05
T_pars_est[43]      11.1649  2.73652e-05
T_pars_est[44]      10.9461  1.03314e-05
T_pars_est[45]      11.0132  4.69321e-05
T_pars_est[46]      10.2114  3.19677e-05
T_pars_est[47]      8.92139  1.26332e-05
T_pars_est[48]      7.87788  2.57018e-06
T_pars_est[49]       7.1146  7.09329e-06
T_pars_est[50]      6.57798  3.25808e-07
T_pars_est[51]      6.18923 -2.77464e-06
T_pars_est[52]       5.9041  2.09146e-08
T_pars_est[53]      5.70791  8.73526e-06
T_pars_est[54]      5.60678 -3.55682e-06
T_pars_est[55]      10.6646  3.14994e-08
T_pars_est[56]      10.7356 -2.40667e-06
T_pars_est[57]      10.8519  6.95907e-06
T_pars_est[58]      11.4462 -6.38055e-06
T_pars_est[59]      12.9563 -6.46543e-06
T_pars_est[60]       13.566 -1.86495e-05
T_pars_est[61]      13.2411 -2.35996e-05
T_pars_est[62]       12.379  4.91609e-06
T_pars_est[63]      11.4159 -2.11303e-05
T_pars_est[64]      10.3109 -1.63969e-05
T_pars_est[65]      9.55308 -1.47669e-05
T_pars_est[66]      9.07275 -3.31075e-05
T_pars_est[67]       8.8275  -1.6257e-05
T_pars_est[68]      8.71749 -1.78188e-05
T_pars_est[69]      8.56626 -2.03239e-05
T_pars_est[70]      8.36445 -1.25944e-05
T_pars_est[71]      8.15334 -1.34697e-05
T_pars_est[72]      7.95937 -1.68035e-05
T_pars_est[73]      7.78911  -1.6619e-05
T_pars_est[74]      7.63946 -1.35926e-05
T_pars_est[75]      7.53286 -1.98502e-05
T_pars_est[76]       7.4724 -2.80022e-05
T_pars_est[77]     -13.6802  2.27141e-06
T_pars_est[78]     -13.8657  2.97765e-07
T_pars_est[79]     -13.8855 -6.04595e-06
T_pars_est[80]      -13.658  3.49231e-06
T_pars_est[81]     -12.9895  -1.3979e-05
T_pars_est[82]     -14.2424   5.1213e-07
T_pars_est[83]     -15.3763  7.61316e-07
T_pars_est[84]     -16.2563 -8.49756e-06
T_pars_est[85]     -16.9194   9.7583e-06
T_pars_est[86]     -17.3837  1.39757e-05
T_pars_est[87]     -17.7084  1.27828e-05
T_pars_est[88]     -17.9808 -7.52944e-06
T_pars_est[89]     -18.2059  9.62245e-07
T_pars_est[90]     -18.4056 -5.15538e-06
T_pars_est[91]     -18.5814  3.34149e-06
T_pars_est[92]     -18.7377 -6.34879e-06
T_pars_est[93]     -18.8768 -1.47427e-06
G_pars_est[1]      1.00966 -0.000188826
G_pars_est[2]    -0.241576  0.000411958
G_pars_est[4]     -4.69962  1.80642e-05
G_pars_est[5]    -0.422456  -2.9722e-06
S_pars_est[5]     -3.07405  3.12084e-06
S_pars_est[6]     -2.53524  4.52953e-06
S_pars_est[7]     -2.17007 -5.99817e-07
S_pars_est[8]      -1.3864  2.27198e-06
S_pars_est[9]     -1.45169  4.96684e-06
S_pars_est[10]      -1.2574 -2.27697e-06
S_pars_est[11]    -0.985235 -8.18663e-07
S_pars_est[12]    -0.961841 -3.95314e-06
S_pars_est[13]     -1.07733 -4.87785e-08
S_pars_est[14]     -1.04998 -3.52079e-06
S_pars_est[15]    -0.984612 -2.44226e-06
S_pars_est[16]    -0.953646 -2.97137e-07
S_pars_est[17]    -0.934618  5.49383e-07
S_pars_est[18]    -0.833189 -2.03071e-06
S_pars_est[19]     -0.82237  -3.1208e-06
S_pars_est[20]    -0.874996 -2.46931e-06
S_pars_est[21]    -0.730603  3.49661e-06
S_pars_est[22]    -0.643219  2.64144e-06
S_pars_est[23]    -0.454987  7.76644e-07
S_pars_est[24]    -0.294796 -1.42487e-06
S_pars_est[25]     -0.19823  3.89677e-06
S_pars_est[26]     -0.23962 -2.26206e-06
S_pars_est[27]     -4.08287  1.94766e-06
S_pars_est[28]     -2.82589  1.49438e-05
S_pars_est[29]     -2.20452 -2.26542e-07
S_pars_est[30]     -1.63347 -5.55281e-06
S_pars_est[31]     -1.47389 -3.13385e-06
S_pars_est[32]      -1.2255 -1.04859e-06
S_pars_est[33]     -1.00723 -1.36391e-06
S_pars_est[34]    -0.935091 -1.05662e-05
S_pars_est[35]     -1.02951 -1.62555e-05
S_pars_est[36]     -1.05998 -8.29865e-06
S_pars_est[37]     -1.02836 -3.52776e-06
S_pars_est[38]    -0.984907 -1.00081e-05
S_pars_est[39]    -0.953618 -8.04425e-06
S_pars_est[40]    -0.797682 -5.04234e-06
S_pars_est[41]    -0.535838  3.52384e-06
S_pars_est[42]    -0.306066 -7.18081e-06
S_pars_est[43]    -0.218367 -4.39329e-06
S_pars_est[44]    -0.157023 -5.56829e-06
S_pars_est[45]    -0.145225 -3.36555e-06
S_pars_est[46]    -0.122106  1.99191e-06
S_pars_est[47]   -0.0967974 -6.12433e-08
S_pars_est[48]    -0.102851 -3.86783e-06
S_pars_est[51]     -2.90677 -2.71048e-06
S_pars_est[52]     -3.30868   8.3379e-06
S_pars_est[53]     -2.18819  -2.6654e-06
S_pars_est[54]     -1.22242 -7.47434e-06
S_pars_est[55]     -1.00527 -8.23269e-06
S_pars_est[56]    -0.493716 -6.73454e-06
S_pars_est[57]    -0.584731 -3.04925e-06
S_pars_est[58]    -0.752531 -1.46179e-07
S_pars_est[59]    -0.814535  2.76722e-06
S_pars_est[60]    -0.909689  2.29738e-06
S_pars_est[61]    -0.899229 -9.62795e-07
S_pars_est[62]    -0.865857 -4.02006e-06
S_pars_est[63]    -0.836514 -1.80437e-06
S_pars_est[64]    -0.793624 -2.16282e-07
S_pars_est[65]    -0.723248  2.64177e-06
S_pars_est[66]    -0.632489  1.15895e-06
S_pars_est[67]    -0.530806  3.78852e-08
S_pars_est[68]    -0.424888  5.16329e-07
S_pars_est[69]    -0.315236  7.74709e-07
S_pars_est[70]    -0.200662 -3.56956e-07
S_pars_est[71]   -0.0842798  2.43663e-07
S_pars_est[73]     -1.90826 -1.08994e-06
S_pars_est[74]     -2.29794  2.31887e-05
S_pars_est[75]      -1.4103  2.29496e-05
S_pars_est[76]    -0.756481 -1.17694e-05
S_pars_est[77]    -0.564838 -9.64357e-06
S_pars_est[78]    -0.226054 -2.00134e-05
S_pars_est[79]    -0.419079 -4.30281e-06
S_pars_est[80]     -1.08367 -6.43939e-06
S_pars_est[81]     -1.20799  9.95323e-06
S_pars_est[82]     -1.54938 -1.14405e-06
S_pars_est[83]     -1.65592  1.54664e-06
S_pars_est[84]     -1.15061  4.86259e-07
S_pars_est[85]    -0.844241  3.85962e-07
S_pars_est[86]    -0.778749 -2.80973e-07
S_pars_est[87]     -0.71074 -4.59955e-07
S_pars_est[88]    -0.623379 -1.28341e-06
S_pars_est[89]     -0.52419 -1.99622e-06
S_pars_est[90]    -0.419919 -9.70404e-07
S_pars_est[91]     -0.31129  1.22168e-06
S_pars_est[92]    -0.197179  3.06793e-07
S_pars_est[93]   -0.0804726 -3.64605e-07
log_fbar[1] -0.000646272 -0.000449167
log_fbar[2]     -5.58664  -0.00010636
log_fdev[1](1)     -1.56457 -9.06037e-07
log_fdev[1](2)      -1.8562  2.79746e-05
log_fdev[1](3)     -1.20648 -1.36408e-05
log_fdev[1](4)    -0.833723 -3.11092e-07
log_fdev[1](5)    -0.688889  1.58265e-05
log_fdev[1](6)    -0.338669 -4.50087e-05
log_fdev[1](7)    -0.271803 -3.00729e-05
log_fdev[1](8)    -0.191279  -2.1216e-05
log_fdev[1](9)      1.01905 -3.21275e-05
log_fdev[1](10)     0.595704 -6.00486e-05
log_fdev[1](11)     0.819521 -5.11982e-05
log_fdev[1](12)     0.845029 -4.94195e-05
log_fdev[1](13)     0.512164 -0.000104239
log_fdev[1](14)     0.674376 -5.29228e-05
log_fdev[1](15)     0.802686 -2.65633e-05
log_fdev[1](16)      1.07806 -3.38048e-05
log_fdev[1](17)      1.08044  2.88153e-05
log_fdev[1](18)    -0.164194  1.72047e-06
log_fdev[1](19)    -0.110987 -1.17462e-05
log_fdev[1](20)     0.423191  8.36068e-06
log_fdev[1](21)    -0.222037  3.66419e-06
log_fdev[1](22)     -1.90324 -1.50094e-05
log_fdev[1](23)    -0.946044  1.05209e-06
log_fdev[1](24)    -0.941937  4.91458e-06
log_fdev[1](25)    -0.343044 -8.97762e-06
log_fdev[1](26)    0.0347407 -2.67462e-05
log_fdev[1](27)    -0.176739 -5.30328e-05
log_fdev[1](28)    -0.504371 -3.98027e-05
log_fdev[1](29)    -0.868531 -7.63968e-06
log_fdev[1](30)    -0.141724   1.3859e-05
log_fdev[1](31)      0.32052  1.53174e-05
log_fdev[1](32)     0.525627 -2.63985e-05
log_fdev[1](33)      1.04042 -5.00214e-05
log_fdev[1](34)      1.06631 -8.19945e-05
log_fdev[1](35)     0.607364 -3.33513e-05
log_fdev[1](36)     0.661926 -1.04656e-06
log_fdev[1](37)      1.05557  3.43467e-05
log_fdev[1](38)      1.48029 -2.37625e-05
log_fdev[1](39)       1.2223 -7.26817e-06
log_fdev[1](40)     -1.17235 -7.24303e-05
log_fdev[1](41)     -1.41847 -4.95298e-05
log_fdev[2](1)     0.162152  1.50628e-06
log_fdev[2](2)     0.163895  1.77919e-06
log_fdev[2](3)    0.0399697 -6.69514e-07
log_fdev[2](4)    -0.115362 -1.24777e-06
log_fdev[2](5)     -9.08274  -3.6374e-06
log_fdev[2](6)     -5.01118 -1.36642e-06
log_fdev[2](7)      -5.4373 -3.32989e-06
log_fdev[2](8)     -1.54924  3.29104e-06
log_fdev[2](9)    -0.248718  6.41455e-08
log_fdev[2](10)      2.32617  3.59456e-07
log_fdev[2](11)      1.79692  3.88069e-06
log_fdev[2](12)      1.51692 -5.17045e-06
log_fdev[2](13)       1.2676 -6.50052e-06
log_fdev[2](14)      1.58656  4.12821e-06
log_fdev[2](15)      1.49548   1.7479e-06
log_fdev[2](16)     0.956918 -2.43587e-06
log_fdev[2](17)      1.01121 -1.35489e-05
log_fdev[2](18)     0.447059 -1.42377e-05
log_fdev[2](19)     0.706977 -1.45899e-05
log_fdev[2](20)     0.492436  9.63279e-06
log_fdev[2](21)     -0.26773  2.05608e-06
log_fdev[2](22)    -0.338602 -2.38296e-05
log_fdev[2](23)    -0.135817 -1.15929e-05
log_fdev[2](24)   -0.0176307  7.30641e-06
log_fdev[2](25)     0.689341 -1.22101e-05
log_fdev[2](26)     0.429166 -2.11059e-05
log_fdev[2](27)    -0.141154  -1.7841e-05
log_fdev[2](28)      0.49261 -7.88205e-06
log_fdev[2](29)    -0.865906 -1.47135e-05
log_fdev[2](30)    -0.492042 -1.83597e-05
log_fdev[2](31)   -0.0597375 -9.77192e-07
log_fdev[2](32)     0.115884  1.27196e-05
log_fdev[2](33)      1.69392 -1.08401e-06
log_fdev[2](34)      2.92196 -1.18391e-05
log_fdev[2](35)    -0.721944 -9.03675e-06
log_fdev[2](36)     0.330292   6.0825e-06
log_fdev[2](37)      1.61939 -7.48678e-06
log_fdev[2](38)     0.992768 -6.73938e-06
log_fdev[2](39)     0.916117 -1.55086e-05
log_fdev[2](40)     0.389421 -1.28595e-05
log_fdev[2](41)    -0.384277 -7.98377e-06
log_fdev[2](42)     0.247598 -2.13024e-06
log_fdev[2](43)     0.060639 -6.84008e-06
log_foff[1]     -6.65876 -0.000403487
log_fdov[1](1)      1.23583 -1.96695e-05
log_fdov[1](2)      1.44353 -3.54013e-05
log_fdov[1](3)      1.05597 -1.91564e-05
log_fdov[1](4)     0.932803 -1.71361e-05
log_fdov[1](5)      1.71956 -1.99743e-05
log_fdov[1](6)       1.5237 -3.14338e-05
log_fdov[1](7)     0.952108 -3.11202e-05
log_fdov[1](8)     0.669472 -2.66086e-05
log_fdov[1](9)      2.68602  -5.8501e-05
log_fdov[1](10)      1.14972 -6.30349e-05
log_fdov[1](11)      1.29884 -4.39589e-05
log_fdov[1](12)     0.585124 -6.18067e-05
log_fdov[1](13)     0.711009 -4.03357e-05
log_fdov[1](14)    -0.351618 -4.05633e-05
log_fdov[1](15)     0.866692 -4.86349e-05
log_fdov[1](16)     0.600295 -1.06383e-05
log_fdov[1](17)     -1.30646 -3.61479e-05
log_fdov[1](18)    -0.624442  -2.2243e-05
log_fdov[1](19)     -2.29183  5.29653e-06
log_fdov[1](20)   -0.0402895 -5.37934e-07
log_fdov[1](21)     -1.49325  9.98363e-06
log_fdov[1](22)     0.282921  1.67848e-06
log_fdov[1](23)    -0.912813  3.39542e-06
log_fdov[1](24)    -0.497386  1.75569e-07
log_fdov[1](25)     -2.49212  1.09934e-05
log_fdov[1](26)    -0.217555  2.71509e-05
log_fdov[1](27)    0.0883077  1.24942e-05
log_fdov[1](28)     0.255233  3.25251e-05
log_fdov[1](29)     0.613448  1.37106e-05
log_fdov[1](30)      2.65011  1.83006e-05
log_fdov[1](31)     0.655171  2.81849e-05
log_fdov[1](32)      1.16288  1.74286e-05
log_fdov[1](33)      1.71224 -2.03161e-05
log_fdov[1](34)     0.825873 -1.30712e-05
log_fdov[1](35)     0.170081 -2.57167e-05
log_fdov[1](36)  0.000600062  4.94632e-07
log_fdov[1](37)    -0.767393  8.01484e-06
log_fdov[1](38)     -1.32234 -1.25287e-05
log_fdov[1](39)     -4.50708 -6.60208e-06
log_fdov[1](40)     -4.91673 -4.17196e-06
log_fdov[1](41)     -4.10625 -1.72561e-05
rec_dev_est(1982)     0.341831 -1.12008e-05
rec_dev_est(1983)     0.421034  4.96844e-05
rec_dev_est(1984)     0.934156 -0.000173657
rec_dev_est(1985)      1.51873 -0.000222585
rec_dev_est(1986)     0.816877 -4.77003e-05
rec_dev_est(1987)      1.02366 -0.000174129
rec_dev_est(1988)    -0.178909 -0.000143132
rec_dev_est(1989)    -0.306493 -2.41915e-05
rec_dev_est(1990)      0.35109  -2.2232e-05
rec_dev_est(1991)        0.914 -0.000169558
rec_dev_est(1992)   -0.0891953  -3.2241e-05
rec_dev_est(1993)    0.0108248 -2.97719e-05
rec_dev_est(1994)    -0.165064 -3.52111e-05
rec_dev_est(1995)     -1.00705 -2.65298e-05
rec_dev_est(1996)    -0.381381 -5.05373e-05
rec_dev_est(1997)    -0.488679 -0.000126685
rec_dev_est(1998)     -1.35662  8.10278e-06
rec_dev_est(1999)    -0.648627 -5.06444e-05
rec_dev_est(2000)     -0.83776  1.26341e-05
rec_dev_est(2001)    0.0371943 -0.000242115
rec_dev_est(2002)      1.23903 -6.98362e-05
rec_dev_est(2003)    -0.141694 -0.000160162
rec_dev_est(2004)     0.267941 -0.000232247
rec_dev_est(2005)    -0.593669 -2.09532e-05
rec_dev_est(2006)     -1.45145 -3.96089e-05
rec_dev_est(2007)    -0.583132 -7.77721e-05
rec_dev_est(2008)      1.07514 -0.000183742
rec_dev_est(2009)    -0.715009 -3.84201e-05
rec_dev_est(2010)    -0.582542  5.14908e-05
rec_dev_est(2011)    -0.714219  2.63836e-05
rec_dev_est(2012)    -0.431318  1.96125e-05
rec_dev_est(2013)    -0.553891 -1.18076e-05
rec_dev_est(2014)     0.311508 -6.12752e-05
rec_dev_est(2015)     0.213821 -5.66089e-05
rec_dev_est(2016)    0.0933787 -6.74281e-05
rec_dev_est(2017)     -1.63237  7.78827e-06
rec_dev_est(2018)     -1.32487 -1.10292e-05
rec_dev_est(2019)     -1.06802 -5.88999e-06
rec_dev_est(2020)     0.595059  1.23212e-05
rec_dev_est(2021)     0.505589 -3.65425e-05
rec_dev_est(2022)      1.24048  9.70076e-06
rec_dev_est(2023)     0.312634 -1.10165e-05
rec_dev_est(2024)      -0.5605  6.88382e-06
logit_rec_prop_est(1982)      2.42321  0.000329818
logit_rec_prop_est(1983)      1.84453  0.000187369
logit_rec_prop_est(1984)     0.037094  0.000465017
logit_rec_prop_est(1985)    0.0930212  0.000224953
logit_rec_prop_est(1986)     -2.53256  0.000134599
logit_rec_prop_est(1987)    -0.587701  4.37475e-05
logit_rec_prop_est(1988)      1.15921 -0.000122965
logit_rec_prop_est(1989)    -0.216428  0.000118144
logit_rec_prop_est(1990)      1.62652  0.000212886
logit_rec_prop_est(1991)      1.58777   0.00051468
logit_rec_prop_est(1992)    -0.111922 -7.58847e-05
logit_rec_prop_est(1993)     -2.32869  -8.9075e-05
logit_rec_prop_est(1994)     -1.51689 -2.96212e-05
logit_rec_prop_est(1995)     -1.23731 -3.07853e-05
logit_rec_prop_est(1996)      1.57504 -0.000105417
logit_rec_prop_est(1997)      2.74253   8.2476e-05
logit_rec_prop_est(1998)     -2.69553  7.56504e-05
logit_rec_prop_est(1999)     0.941769 -0.000221123
logit_rec_prop_est(2000)     -1.68736 -7.72311e-06
logit_rec_prop_est(2001)      1.88791 -0.000147599
logit_rec_prop_est(2002)     -1.39184  -0.00122092
logit_rec_prop_est(2003)       2.7899 -7.22304e-05
logit_rec_prop_est(2004)      1.27131 -0.000295057
logit_rec_prop_est(2005)     0.145311 -0.000144691
logit_rec_prop_est(2006)      2.51107  0.000191742
logit_rec_prop_est(2007)      1.20503  3.99482e-05
logit_rec_prop_est(2008)     -1.02971  -0.00133695
logit_rec_prop_est(2009)    -0.888335 -6.30909e-05
logit_rec_prop_est(2010)     -0.50961   0.00046423
logit_rec_prop_est(2011)    -0.691989  0.000260165
logit_rec_prop_est(2012)    -0.522547  0.000389051
logit_rec_prop_est(2013)      1.76675  3.84529e-05
logit_rec_prop_est(2014)    0.0457292 -7.55857e-05
logit_rec_prop_est(2015)     -3.44079 -0.000127918
logit_rec_prop_est(2016)     -1.05438 -0.000200888
logit_rec_prop_est(2017)     -2.77896  8.23868e-05
logit_rec_prop_est(2018)     -3.01618  7.06215e-05
logit_rec_prop_est(2019)    -0.431951  0.000105419
logit_rec_prop_est(2020)      0.29474  5.48847e-05
logit_rec_prop_est(2021)    0.0100019  0.000221716
logit_rec_prop_est(2022)     0.278514  4.14256e-05
logit_rec_prop_est(2023)    -0.373989  0.000128667
logit_rec_prop_est(2024)       2.8077  2.42656e-05
