ParName   Value   Gradient
T_pars_est[3]      13.6961    0.0078891
T_pars_est[11]      8.51223   2.1421e-05
T_pars_est[12]      8.52625 -2.46102e-05
T_pars_est[13]       8.5904 -3.69192e-06
T_pars_est[14]      8.82576 -3.05844e-05
T_pars_est[15]      9.33524 -1.60615e-05
T_pars_est[16]        10.04  -2.3573e-05
T_pars_est[17]      10.7818  6.51616e-05
T_pars_est[18]       11.157  -6.4753e-06
T_pars_est[19]      11.2091 -1.74373e-05
T_pars_est[20]      11.2632  -1.1699e-05
T_pars_est[21]      11.2714 -5.50751e-07
T_pars_est[22]      11.0478  1.70815e-05
T_pars_est[23]      10.7366 -4.98849e-06
T_pars_est[24]      10.5042  3.53172e-06
T_pars_est[25]       10.686 -4.68551e-05
T_pars_est[26]      11.5334 -7.38971e-05
T_pars_est[27]      11.0743 -5.12785e-05
T_pars_est[28]      10.1072 -2.94561e-05
T_pars_est[29]      9.12029 -2.04124e-05
T_pars_est[30]       8.1562  3.97396e-06
T_pars_est[31]      7.34257 -1.59432e-05
T_pars_est[32]      6.92967  9.19008e-06
T_pars_est[33]      11.8658  0.000161724
T_pars_est[34]      12.3282  1.03169e-05
T_pars_est[35]      12.9504 -5.15939e-06
T_pars_est[36]      13.4733  8.68472e-05
T_pars_est[37]      12.6883  -5.7703e-06
T_pars_est[38]      12.8606 -2.04554e-05
T_pars_est[39]      12.7931 -1.35339e-05
T_pars_est[40]      12.5959 -4.14898e-05
T_pars_est[41]      12.4692 -4.54591e-05
T_pars_est[42]      11.8995 -7.15104e-05
T_pars_est[43]      11.1726 -2.05156e-05
T_pars_est[44]      10.9573 -2.57741e-05
T_pars_est[45]      11.0666 -3.51583e-05
T_pars_est[46]      10.3085 -3.50541e-05
T_pars_est[47]      9.00937  6.77855e-07
T_pars_est[48]      7.94673 -1.99702e-05
T_pars_est[49]      7.16164  7.11243e-05
T_pars_est[50]      6.61514  1.93362e-06
T_pars_est[51]      6.21627  2.67426e-05
T_pars_est[52]      5.92075 -1.68009e-05
T_pars_est[53]      5.71592  1.63508e-05
T_pars_est[54]      5.61041 -1.10598e-05
T_pars_est[55]      9.83418   -2.056e-05
T_pars_est[56]      9.89989  1.48653e-05
T_pars_est[57]      10.2675   4.3064e-06
T_pars_est[58]      11.5483  1.62039e-05
T_pars_est[59]      13.2597  5.61287e-05
T_pars_est[60]      13.9243 -6.36512e-05
T_pars_est[61]      13.2452 -3.25772e-06
T_pars_est[62]      12.2211   1.4394e-05
T_pars_est[63]      11.0695  1.16163e-05
T_pars_est[64]      9.93232 -6.14036e-06
T_pars_est[65]      9.16435  -3.0355e-05
T_pars_est[66]      8.72035 -7.59052e-06
T_pars_est[67]      8.53918 -1.32649e-06
T_pars_est[68]       8.4611 -1.48651e-06
T_pars_est[69]      8.33641  1.87021e-06
T_pars_est[70]       8.1605  8.96961e-06
T_pars_est[71]      7.96809 -7.25468e-06
T_pars_est[72]      7.79369  3.43409e-05
T_pars_est[73]      7.62916   2.0892e-05
T_pars_est[74]      7.48341  1.87024e-05
T_pars_est[75]      7.38233 -1.43403e-05
T_pars_est[76]      7.32639 -1.32266e-05
T_pars_est[77]     -15.2348 -1.07887e-05
T_pars_est[78]     -15.3431   2.1092e-05
T_pars_est[79]     -15.5292  -7.8121e-06
T_pars_est[80]     -15.0323 -1.81562e-05
T_pars_est[81]     -14.0438 -6.95936e-07
T_pars_est[82]     -13.3199  9.51769e-06
T_pars_est[83]     -14.4235 -1.42769e-06
T_pars_est[84]     -15.5266  1.55689e-05
T_pars_est[85]     -16.3747 -2.69241e-05
T_pars_est[86]     -17.0311   5.6221e-06
T_pars_est[87]     -17.4935  1.39017e-05
T_pars_est[88]     -17.8377  8.93106e-06
T_pars_est[89]     -18.1101 -1.83746e-05
T_pars_est[90]     -18.3385  1.12972e-05
T_pars_est[91]     -18.5362 -7.88061e-06
T_pars_est[92]     -18.7102  1.51585e-05
T_pars_est[93]     -18.8641 -8.28369e-06
log_fbar[1]   -0.0902855  0.000357814
log_fbar[2]     -5.66897  0.000404693
log_fdev[1](1)     -1.30696 -6.98588e-05
log_fdev[1](2)     -1.69704 -6.35914e-05
log_fdev[1](3)     -1.12315 -4.82136e-05
log_fdev[1](4)    -0.774907 -9.96153e-05
log_fdev[1](5)     -0.59865 -0.000121557
log_fdev[1](6)    -0.172229 -7.59486e-05
log_fdev[1](7)    -0.116376  2.06257e-05
log_fdev[1](8)    -0.062964  0.000106675
log_fdev[1](9)     0.936509  0.000302126
log_fdev[1](10)     0.334069 -0.000148578
log_fdev[1](11)     0.672334 -7.66964e-05
log_fdev[1](12)     0.814821  0.000238759
log_fdev[1](13)     0.471623  0.000260686
log_fdev[1](14)     0.569851 -7.69405e-05
log_fdev[1](15)      0.51899 -0.000156574
log_fdev[1](16)     0.329323  3.37315e-05
log_fdev[1](17)      0.94606  0.000170823
log_fdev[1](18)    -0.538203  0.000208965
log_fdev[1](19)    -0.540757 -3.87753e-06
log_fdev[1](20)    0.0908263 -0.000222693
log_fdev[1](21)     0.144064 -0.000101806
log_fdev[1](22)    -0.511797 -6.59521e-05
log_fdev[1](23)    -0.760705   -7.086e-05
log_fdev[1](24)    -0.933117  0.000568499
log_fdev[1](25)    -0.300177  0.000358374
log_fdev[1](26)    0.0495442 -0.000153472
log_fdev[1](27)     -0.18498 -0.000112099
log_fdev[1](28)     -0.47764 -0.000125039
log_fdev[1](29)    -0.848675  1.51759e-05
log_fdev[1](30)    -0.125071 -0.000143549
log_fdev[1](31)     0.380772  0.000229282
log_fdev[1](32)     0.575581  0.000261298
log_fdev[1](33)      1.02055  3.97273e-05
log_fdev[1](34)      1.02528  8.19881e-07
log_fdev[1](35)     0.607349  9.34904e-05
log_fdev[1](36)     0.728851  0.000100766
log_fdev[1](37)      1.11821  4.93327e-05
log_fdev[1](38)      1.44193 -8.57369e-05
log_fdev[1](39)      1.11153  1.07015e-05
log_fdev[1](40)     -1.32208 -0.000159334
log_fdev[1](41)     -1.49259 -0.000225625
log_fdev[2](1)     0.394557 -1.06514e-05
log_fdev[2](2)      0.30694   3.2327e-05
log_fdev[2](3)     0.123234 -1.56976e-05
log_fdev[2](4)   -0.0495638  2.54002e-05
log_fdev[2](5)     -8.98193    1.064e-05
log_fdev[2](6)     -4.86438  1.19557e-05
log_fdev[2](7)     -5.30458 -1.65349e-05
log_fdev[2](8)     -1.43862  5.55812e-06
log_fdev[2](9)    -0.235259 -4.07732e-05
log_fdev[2](10)        2.255  2.35815e-05
log_fdev[2](11)      1.74935 -1.14995e-05
log_fdev[2](12)        1.513  3.93635e-05
log_fdev[2](13)      1.24733  2.63777e-05
log_fdev[2](14)      1.51839 -1.76692e-05
log_fdev[2](15)      1.33351  1.67248e-05
log_fdev[2](16)     0.625837 -3.52553e-05
log_fdev[2](17)        0.745  5.63617e-06
log_fdev[2](18)     0.226294 -6.70292e-05
log_fdev[2](19)     0.480076 -2.77995e-05
log_fdev[2](20)     0.433318 -1.74183e-05
log_fdev[2](21)   -0.0345403  4.14983e-05
log_fdev[2](22)    0.0331701  -2.5596e-06
log_fdev[2](23)    0.0504755  2.44432e-05
log_fdev[2](24)    0.0249571   9.9681e-06
log_fdev[2](25)     0.713788  3.10432e-05
log_fdev[2](26)     0.438254  1.08398e-05
log_fdev[2](27)    -0.136297  7.62662e-06
log_fdev[2](28)     0.513734   4.9799e-05
log_fdev[2](29)    -0.851793  8.08364e-05
log_fdev[2](30)    -0.492927 -9.71579e-06
log_fdev[2](31)   -0.0475597  0.000147234
log_fdev[2](32)      0.10456  3.16175e-05
log_fdev[2](33)      1.65312  7.27439e-05
log_fdev[2](34)      2.90084  4.13164e-05
log_fdev[2](35)    -0.730457   3.0097e-05
log_fdev[2](36)     0.336351  9.97706e-06
log_fdev[2](37)      1.62257   4.8808e-05
log_fdev[2](38)     0.972298 -6.05858e-05
log_fdev[2](39)     0.855459 -3.20113e-05
log_fdev[2](40)     0.299671  -2.0232e-05
log_fdev[2](41)    -0.478272 -4.20421e-05
log_fdev[2](42)     0.173005   0.00012135
log_fdev[2](43)   0.00211097  -5.0583e-05
log_foff[1]     -6.67926 -6.24108e-05
log_fdov[1](1)       1.3127 -4.63724e-05
log_fdov[1](2)      1.61916 -8.87953e-06
log_fdov[1](3)      1.30765  3.73853e-06
log_fdov[1](4)      1.21326 -3.11825e-05
log_fdov[1](5)      1.98805  1.98322e-05
log_fdov[1](6)      1.09669  -6.6978e-06
log_fdov[1](7)     0.429284 -4.71114e-05
log_fdov[1](8)     0.598839 -0.000103395
log_fdov[1](9)      3.23502 -3.15126e-05
log_fdov[1](10)      2.05329 -9.02684e-05
log_fdov[1](11)       2.2987 -4.99917e-06
log_fdov[1](12)      1.08993  3.98689e-05
log_fdov[1](13)       0.6977  0.000112142
log_fdov[1](14)    -0.681067  0.000146194
log_fdov[1](15)        1.043  0.000114826
log_fdov[1](16)      1.40272  7.13511e-05
log_fdov[1](17)     -1.61468  0.000101224
log_fdov[1](18)   -0.0414038    0.0001085
log_fdov[1](19)     -2.19833  2.17587e-05
log_fdov[1](20)     0.115157  1.27123e-05
log_fdov[1](21)     -1.93873 -9.91729e-06
log_fdov[1](22)     -1.94934 -7.33856e-05
log_fdov[1](23)     -1.07489  -0.00017063
log_fdov[1](24)    -0.497377  5.03084e-05
log_fdov[1](25)     -2.63434  5.61736e-05
log_fdov[1](26)    -0.248076 -4.29137e-05
log_fdov[1](27)     0.142002 -5.71781e-05
log_fdov[1](28)     0.289094  -6.1896e-05
log_fdov[1](29)     0.558044 -6.56014e-05
log_fdov[1](30)      2.47338 -5.59749e-05
log_fdov[1](31)     0.393872 -4.49531e-05
log_fdov[1](32)     0.945219 -6.37189e-05
log_fdov[1](33)      1.61312 -7.71329e-05
log_fdov[1](34)     0.844706 -7.17633e-05
log_fdov[1](35)     0.107786 -3.01364e-05
log_fdov[1](36)    -0.237508 -3.39893e-05
log_fdov[1](37)     -0.87757  1.85697e-05
log_fdov[1](38)     -1.18084 -1.41502e-05
log_fdov[1](39)     -4.05562 -3.19567e-05
log_fdov[1](40)     -4.45978 -0.000146784
log_fdov[1](41)     -5.17881 -1.70116e-05
rec_dev_est(1982)     0.685186  0.000223203
rec_dev_est(1983)     0.104193  0.000312883
rec_dev_est(1984)      1.82096  4.81593e-05
rec_dev_est(1985)      1.33483 -0.000191697
rec_dev_est(1986)     -0.74213  0.000153899
rec_dev_est(1987)    0.0196283 -5.01927e-05
rec_dev_est(1988)    -0.246111 -0.000262362
rec_dev_est(1989)     -1.15583 -8.68216e-05
rec_dev_est(1990)      1.50611 -0.000372361
rec_dev_est(1991)      1.26928 -0.000298967
rec_dev_est(1992)    -0.356909  0.000100518
rec_dev_est(1993)    -0.441815 -0.000127952
rec_dev_est(1994)     -1.54377 -7.22398e-05
rec_dev_est(1995)    -0.658449  6.00527e-05
rec_dev_est(1996)    0.0676627  5.41653e-05
rec_dev_est(1997)    -0.537797  0.000359776
rec_dev_est(1998)     -0.34222  0.000742571
rec_dev_est(1999)    -0.840342  0.000495986
rec_dev_est(2000)    -0.799751  3.89286e-06
rec_dev_est(2001)    0.0452959  0.000251214
rec_dev_est(2002)      1.49342  0.000492719
rec_dev_est(2003)     0.122165  0.000485281
rec_dev_est(2004)     0.312188   0.00096251
rec_dev_est(2005)    -0.704919   0.00065292
rec_dev_est(2006)    -0.850382    3.233e-05
rec_dev_est(2007)     -0.36391  0.000602078
rec_dev_est(2008)      1.50911  0.000911127
rec_dev_est(2009)    -0.400423  3.66348e-05
rec_dev_est(2010)    -0.461525  -2.3648e-05
rec_dev_est(2011)     -1.04192  3.40613e-05
rec_dev_est(2012)    -0.858194 -2.36899e-05
rec_dev_est(2013)     0.425615 -0.000281634
rec_dev_est(2014)     0.492877 -0.000225162
rec_dev_est(2015)    -0.334398 -7.48951e-05
rec_dev_est(2016)    -0.418268 -8.60784e-05
rec_dev_est(2017)      -0.8715  4.49685e-05
rec_dev_est(2018)     -1.04258  0.000100012
rec_dev_est(2019)     -0.79462  -0.00011861
rec_dev_est(2020)     0.657446 -0.000110902
rec_dev_est(2021)     0.944726 -3.61214e-05
rec_dev_est(2022)      1.23947 -6.75638e-06
rec_dev_est(2023)    -0.533913 -1.22619e-05
rec_dev_est(2024)     -1.29308  2.97169e-05
logit_rec_prop_est(1982)      3.10919  -0.00016186
logit_rec_prop_est(1983)      4.22847 -0.000412474
logit_rec_prop_est(1984)     -1.05708 -6.47408e-05
logit_rec_prop_est(1985)       1.0653  -0.00089685
logit_rec_prop_est(1986)     -2.63138 -0.000152015
logit_rec_prop_est(1987)      3.48395  0.000391796
logit_rec_prop_est(1988)      4.57606 -4.64371e-06
logit_rec_prop_est(1989)        3.128  -0.00103852
logit_rec_prop_est(1990)    -0.892004  -0.00581431
logit_rec_prop_est(1991)      1.74886  -0.00305812
logit_rec_prop_est(1992)     -1.89458  4.12681e-05
logit_rec_prop_est(1993)     0.460658 -0.000418656
logit_rec_prop_est(1994)     0.684158 -0.000489759
logit_rec_prop_est(1995)     -3.44036 -0.000193708
logit_rec_prop_est(1996)    -0.561157 -0.000349865
logit_rec_prop_est(1997)    -0.626752   0.00168909
logit_rec_prop_est(1998)     0.816477   0.00119555
logit_rec_prop_est(1999)      2.23197   0.00124487
logit_rec_prop_est(2000)     -4.30335 -0.000204713
logit_rec_prop_est(2001)       2.0489  0.000479708
logit_rec_prop_est(2002)     -1.36283   0.00226374
logit_rec_prop_est(2003)     0.305263   0.00105105
logit_rec_prop_est(2004)      2.34181   0.00208339
logit_rec_prop_est(2005)      1.79673 -0.000346901
logit_rec_prop_est(2006)     -2.73518  0.000114996
logit_rec_prop_est(2007)     0.765472   0.00173333
logit_rec_prop_est(2008)     -1.29356   0.00703841
logit_rec_prop_est(2009)     -1.26857  0.000273534
logit_rec_prop_est(2010)    -0.639369  0.000334565
logit_rec_prop_est(2011)    -0.114152 -0.000192933
logit_rec_prop_est(2012)    0.0411612 -0.000571122
logit_rec_prop_est(2013)    -0.541991 -0.000999101
logit_rec_prop_est(2014)     0.153406 -0.000753677
logit_rec_prop_est(2015)     -1.94281 -0.000579653
logit_rec_prop_est(2016)     0.224988  0.000169399
logit_rec_prop_est(2017)     -4.43868 -0.000195372
logit_rec_prop_est(2018)      -4.6423  -0.00032951
logit_rec_prop_est(2019)     -2.23414  -0.00116213
logit_rec_prop_est(2020)     0.745321 -2.05972e-05
logit_rec_prop_est(2021)    -0.814201 -0.000440594
logit_rec_prop_est(2022)     0.234837 -0.000103551
logit_rec_prop_est(2023)      0.95503 -0.000459357
logit_rec_prop_est(2024)      2.28845 -0.000448274
