ParName   Value   Gradient
T_pars_est[3]      13.4807  -0.00415776
T_pars_est[11]      8.37129 -5.81039e-05
T_pars_est[12]      8.37902  0.000432076
T_pars_est[13]      8.42728 -0.000308855
T_pars_est[14]      8.70329 -0.000333886
T_pars_est[15]      9.25079  0.000471388
T_pars_est[16]       10.003  0.000731889
T_pars_est[17]      10.7772 -0.000292931
T_pars_est[18]       11.192  0.000463466
T_pars_est[19]      11.2785 -0.000104555
T_pars_est[20]      11.3646 -0.000537922
T_pars_est[21]      11.3977 -0.000242927
T_pars_est[22]      11.1719 -0.000215494
T_pars_est[23]      10.8331 -0.000513157
T_pars_est[24]      10.5679 -0.000524197
T_pars_est[25]      10.7308   0.00197487
T_pars_est[26]      11.5164 -0.000570878
T_pars_est[27]      11.0643  -0.00113941
T_pars_est[28]      10.1408 -0.000726197
T_pars_est[29]      9.15735  0.000263103
T_pars_est[30]      8.17816   0.00209798
T_pars_est[31]      7.34443  0.000517183
T_pars_est[32]      6.90334 -5.50588e-05
T_pars_est[33]      14.9649  0.000830865
T_pars_est[34]       13.689   0.00263312
T_pars_est[35]      13.1062   0.00263145
T_pars_est[36]      13.2513   0.00258739
T_pars_est[37]      12.8279   0.00404797
T_pars_est[38]      12.9175   0.00234591
T_pars_est[39]      12.6437   0.00188052
T_pars_est[40]      12.3666  -0.00289102
T_pars_est[41]      12.2461  -0.00157542
T_pars_est[42]      11.6366 -9.04872e-05
T_pars_est[43]      10.9039    0.0016965
T_pars_est[44]      10.6666  -0.00240344
T_pars_est[45]      10.7721  -0.00111123
T_pars_est[46]      10.1433 -0.000406159
T_pars_est[47]      8.88802  0.000624512
T_pars_est[48]      7.80421 -0.000332544
T_pars_est[49]      6.99146 -0.000567243
T_pars_est[50]      6.41961  -0.00106333
T_pars_est[51]      6.00675 -0.000161983
T_pars_est[52]       5.7075   0.00017215
T_pars_est[53]      5.50489  0.000181531
T_pars_est[54]      5.40199  0.000756286
T_pars_est[55]      9.83273  0.000407489
T_pars_est[56]      9.88335  8.28741e-05
T_pars_est[57]      10.1822  0.000101118
T_pars_est[58]      11.4412 -8.49888e-06
T_pars_est[59]      13.2344  -0.00025185
T_pars_est[60]      13.9712  -0.00170792
T_pars_est[61]      13.3235 -0.000778497
T_pars_est[62]      12.2642 -0.000251421
T_pars_est[63]      11.1122  -0.00153778
T_pars_est[64]      9.99967  0.000780241
T_pars_est[65]      9.26509   0.00101699
T_pars_est[66]      8.84752  0.000115324
T_pars_est[67]      8.62527  0.000456531
T_pars_est[68]      8.51669  0.000259885
T_pars_est[69]      8.38106  0.000193398
T_pars_est[70]      8.20606  9.50724e-05
T_pars_est[71]      8.01936  0.000172403
T_pars_est[72]      7.84523 -0.000246032
T_pars_est[73]      7.68237 -0.000113839
T_pars_est[74]      7.53756 -0.000117363
T_pars_est[75]       7.4336  0.000533191
T_pars_est[76]      7.37527 -0.000209606
T_pars_est[77]     -15.2348  0.000943951
T_pars_est[78]     -15.3431  -0.00100665
T_pars_est[79]     -15.5292 -0.000666216
T_pars_est[80]     -15.0323  0.000545552
T_pars_est[81]     -14.0438  -0.00130848
T_pars_est[82]     -13.3199   0.00206648
T_pars_est[83]     -14.4235  -0.00105063
T_pars_est[84]     -15.5266  0.000164961
T_pars_est[85]     -16.3747  0.000725038
T_pars_est[86]     -17.0311 -0.000403555
T_pars_est[87]     -17.4935 -0.000210537
T_pars_est[88]     -17.8377  0.000152778
T_pars_est[89]     -18.1101 -5.26679e-05
T_pars_est[90]     -18.3385  1.88119e-05
T_pars_est[91]     -18.5362  1.86023e-05
T_pars_est[92]     -18.7102 -6.38449e-05
T_pars_est[93]     -18.8641  0.000445391
log_fbar[1]    0.0744515   -0.0047905
log_fbar[2]     -5.49975  0.000314956
log_fdev[1](1)     -1.46372  0.000154905
log_fdev[1](2)     -1.72653   0.00261344
log_fdev[1](3)     -1.12222  -0.00343742
log_fdev[1](4)    -0.796206   0.00299615
log_fdev[1](5)     -0.68881 -4.48561e-05
log_fdev[1](6)    -0.440166  -0.00118592
log_fdev[1](7)    -0.336685  -0.00243274
log_fdev[1](8)    -0.185456   -0.0009108
log_fdev[1](9)     0.771542 -0.000405704
log_fdev[1](10)     0.214398 -0.000632713
log_fdev[1](11)     0.568034  1.37265e-05
log_fdev[1](12)     0.797864  0.000578481
log_fdev[1](13)     0.359345  0.000356235
log_fdev[1](14)     0.661698 -0.000260811
log_fdev[1](15)      0.64245  4.40658e-05
log_fdev[1](16)     0.353065 -0.000250882
log_fdev[1](17)      1.02897 -0.000193955
log_fdev[1](18)    -0.344927  2.48633e-05
log_fdev[1](19)    -0.399304 -0.000247751
log_fdev[1](20)     0.250558 -4.40732e-05
log_fdev[1](21)      0.21719 -0.000310189
log_fdev[1](22)    -0.459349 -0.000445207
log_fdev[1](23)    -0.743751 -0.000314183
log_fdev[1](24)    -0.904065 -0.000673384
log_fdev[1](25)      -0.3138 -0.000507594
log_fdev[1](26)    0.0454719 -0.000185864
log_fdev[1](27)    -0.335875 -0.000144655
log_fdev[1](28)    -0.735574 -0.000407794
log_fdev[1](29)    -0.851367 -0.000211075
log_fdev[1](30)    -0.239633  7.22805e-05
log_fdev[1](31)      0.29322 -4.18407e-05
log_fdev[1](32)      0.70049 -0.000308745
log_fdev[1](33)      1.08076 -3.77519e-05
log_fdev[1](34)      1.17698 -0.000262676
log_fdev[1](35)      0.73542 -0.000715501
log_fdev[1](36)     0.786102 -0.000477612
log_fdev[1](37)      1.33967 -0.000148132
log_fdev[1](38)      1.52787  0.000329683
log_fdev[1](39)      1.37155  0.000138424
log_fdev[1](40)     -1.13461  0.000111645
log_fdev[1](41)     -1.70059   0.00224355
log_fdev[2](1)     0.238382   0.00114283
log_fdev[2](2)     0.257231  0.000280053
log_fdev[2](3)    0.0997738  0.000348922
log_fdev[2](4)    -0.102568  0.000575638
log_fdev[2](5)      -9.1154 -0.000436415
log_fdev[2](6)       -5.111  0.000520599
log_fdev[2](7)     -5.50261  0.000759065
log_fdev[2](8)     -1.58443  0.000623703
log_fdev[2](9)     -0.38359  0.000640659
log_fdev[2](10)      2.13467  0.000493182
log_fdev[2](11)      1.64339  0.000723068
log_fdev[2](12)      1.42272   0.00043815
log_fdev[2](13)      1.14561  0.000622699
log_fdev[2](14)      1.53284  0.000306594
log_fdev[2](15)       1.4006    0.0008586
log_fdev[2](16)     0.684791  0.000360793
log_fdev[2](17)      0.86758  0.000241411
log_fdev[2](18)     0.347985  0.000353283
log_fdev[2](19)     0.566805   0.00056444
log_fdev[2](20)     0.510143  0.000705225
log_fdev[2](21)   -0.0179976  0.000710607
log_fdev[2](22)    0.0499923  0.000442333
log_fdev[2](23)    0.0563055  0.000460691
log_fdev[2](24)    0.0485618  0.000378424
log_fdev[2](25)      0.70637  0.000600196
log_fdev[2](26)     0.399167  0.000397587
log_fdev[2](27)    -0.291049  0.000356828
log_fdev[2](28)     0.293563  0.000467091
log_fdev[2](29)    -0.869663  0.000465392
log_fdev[2](30)    -0.586821  0.000648287
log_fdev[2](31)   -0.0489535  0.000609141
log_fdev[2](32)     0.242933  0.000345974
log_fdev[2](33)      1.76662  0.000312047
log_fdev[2](34)      3.05656  0.000266068
log_fdev[2](35)    -0.585749  0.000336484
log_fdev[2](36)     0.472252  0.000570654
log_fdev[2](37)      1.80816    0.0004292
log_fdev[2](38)       1.1026  0.000328106
log_fdev[2](39)       1.0838  0.000478041
log_fdev[2](40)     0.479872  0.000427414
log_fdev[2](41)    -0.330483  0.000814354
log_fdev[2](42)     0.211279  0.000753676
log_fdev[2](43)    -0.100248   0.00056896
log_foff[1]     -6.71799  -0.00503203
log_fdov[1](1)       1.2819  -0.00024359
log_fdov[1](2)      1.46116 -0.000389616
log_fdov[1](3)       1.1178 -0.000592794
log_fdov[1](4)     0.987949   0.00141534
log_fdov[1](5)      1.52066  0.000974063
log_fdov[1](6)      1.21078   0.00045609
log_fdov[1](7)     0.647305  0.000179255
log_fdov[1](8)     0.481412  0.000438758
log_fdov[1](9)       3.0833 -0.000335689
log_fdov[1](10)       1.6958 -0.000547322
log_fdov[1](11)      1.71417 -8.71685e-05
log_fdov[1](12)     0.715048 -0.000443184
log_fdov[1](13)     0.622489 -0.000302649
log_fdov[1](14)     -1.15849 -0.000135037
log_fdov[1](15)     0.513159 -0.000310638
log_fdov[1](16)     0.970661  3.77162e-06
log_fdov[1](17)     -2.05219   -0.0003347
log_fdov[1](18)    -0.414783  3.71328e-05
log_fdov[1](19)      -2.3757 -0.000322766
log_fdov[1](20)   -0.0798069 -0.000564106
log_fdov[1](21)     -2.14034 -0.000134003
log_fdov[1](22)     -2.16141 -0.000465787
log_fdov[1](23)     -1.27729  -0.00010469
log_fdov[1](24)    -0.462314 -0.000314665
log_fdov[1](25)     -2.27078 -0.000612931
log_fdov[1](26)    -0.067658 -0.000111758
log_fdov[1](27)     0.200006 -0.000158313
log_fdov[1](28)     0.388186 -0.000145491
log_fdov[1](29)     0.445736 -0.000184345
log_fdov[1](30)      2.79842 -0.000308345
log_fdov[1](31)      1.04974   -0.0003921
log_fdov[1](32)      1.46612 -0.000358593
log_fdov[1](33)      2.19586 -0.000103083
log_fdov[1](34)      1.29024 -0.000576442
log_fdov[1](35)     0.574719 -0.000520928
log_fdov[1](36)     0.241868 -6.79099e-05
log_fdov[1](37)     -0.70704  4.40647e-05
log_fdov[1](38)    -0.871255  0.000106099
log_fdov[1](39)     -3.87487  0.000384367
log_fdov[1](40)     -4.09164 -2.55437e-05
log_fdov[1](41)     -4.66888  0.000251704
rec_dev_est(1982)    -0.363602 -0.000118011
rec_dev_est(1983)      1.00204   0.00036948
rec_dev_est(1984)      1.39143   0.00328369
rec_dev_est(1985)      2.18127   0.00218583
rec_dev_est(1986)    -0.212467  -0.00064528
rec_dev_est(1987)    0.0214448  0.000396383
rec_dev_est(1988)      1.25187 -0.000775476
rec_dev_est(1989)    -0.712045  -0.00148566
rec_dev_est(1990)     0.597682 -0.000749762
rec_dev_est(1991)      2.05429  0.000581286
rec_dev_est(1992)    -0.114295  -0.00242288
rec_dev_est(1993)     0.042079 -0.000237902
rec_dev_est(1994)     -1.28767  0.000480137
rec_dev_est(1995)     -1.26804  0.000958889
rec_dev_est(1996)    -0.636918  -0.00141443
rec_dev_est(1997)    -0.152767 -0.000242375
rec_dev_est(1998)    -0.120326  -0.00232344
rec_dev_est(1999)    -0.271513  0.000117778
rec_dev_est(2000)     -1.42587 -0.000693649
rec_dev_est(2001)     0.714139   0.00018897
rec_dev_est(2002)     0.917522  -0.00159086
rec_dev_est(2003)     0.560585 -0.000210023
rec_dev_est(2004)      1.09634  0.000779268
rec_dev_est(2005)    -0.388772   0.00298203
rec_dev_est(2006)     -1.16106  -0.00159742
rec_dev_est(2007)    -0.035756  0.000225398
rec_dev_est(2008)     0.678139  0.000416976
rec_dev_est(2009)     -0.66558 -0.000328571
rec_dev_est(2010)    -0.740173  -0.00212162
rec_dev_est(2011)     -1.08179  -0.00158144
rec_dev_est(2012)    -0.561271 -0.000995836
rec_dev_est(2013)    -0.534099  0.000620114
rec_dev_est(2014)     0.859457 -0.000548787
rec_dev_est(2015)    -0.549967  0.000541255
rec_dev_est(2016)    -0.688408   0.00183518
rec_dev_est(2017)     -2.09724  0.000523415
rec_dev_est(2018)     -1.96158  0.000449994
rec_dev_est(2019)    -0.472565  0.000204808
rec_dev_est(2020)     0.860413  0.000173384
rec_dev_est(2021)      0.41179  4.06131e-05
rec_dev_est(2022)      1.10796 -3.19046e-05
rec_dev_est(2023)    -0.479332  0.000204337
rec_dev_est(2024)     -1.33878 -0.000148349
