ParName   Value   Gradient
T_pars_est[3]      13.7981 -0.000778131
T_pars_est[11]      9.82593  1.84777e-06
T_pars_est[12]      9.83098  9.98847e-06
T_pars_est[13]      9.85666 -9.08853e-06
T_pars_est[14]      9.96127 -6.73223e-06
T_pars_est[15]      10.4633  1.23074e-05
T_pars_est[16]      11.0725  2.32413e-07
T_pars_est[17]      11.5399  4.34347e-07
T_pars_est[18]      11.7075  7.82976e-07
T_pars_est[19]      11.7303  6.26554e-07
T_pars_est[20]      11.6938 -2.29208e-06
T_pars_est[21]      11.6103  4.01338e-06
T_pars_est[22]      11.3238  1.67751e-05
T_pars_est[23]      10.9741  1.42785e-05
T_pars_est[24]      10.6878  2.50216e-05
T_pars_est[25]       10.833  1.44569e-05
T_pars_est[26]      11.4723  0.000197921
T_pars_est[27]      11.0189   4.4845e-06
T_pars_est[28]      10.2381 -2.37289e-05
T_pars_est[29]      9.25918  2.94868e-05
T_pars_est[30]      8.26352  3.74967e-06
T_pars_est[31]      7.42146  1.20196e-05
T_pars_est[32]      7.00152  5.30899e-06
T_pars_est[33]      12.8056 -2.54978e-05
T_pars_est[34]      13.3784 -2.66986e-05
T_pars_est[35]      13.3149  2.38757e-05
T_pars_est[36]      13.3729  2.39656e-05
T_pars_est[37]      12.8225  1.74106e-05
T_pars_est[38]      12.8681  2.69653e-06
T_pars_est[39]      12.5912   3.2955e-05
T_pars_est[40]      12.3219  4.13695e-05
T_pars_est[41]      12.1908  8.41893e-06
T_pars_est[42]      11.7332  2.19272e-05
T_pars_est[43]      11.1551  1.05194e-05
T_pars_est[44]      10.9934  1.32011e-05
T_pars_est[45]      10.9765 -3.34903e-06
T_pars_est[46]      10.0895  1.20302e-05
T_pars_est[47]       8.8297  6.32046e-06
T_pars_est[48]      7.81564  3.83036e-06
T_pars_est[49]      7.05502  4.50376e-06
T_pars_est[50]      6.50441  2.51909e-06
T_pars_est[51]      6.10454 -2.10179e-06
T_pars_est[52]       5.8124  -2.7009e-06
T_pars_est[53]      5.61202 -3.54606e-06
T_pars_est[54]      5.50906  4.96564e-06
T_pars_est[55]      11.8668  6.83225e-06
T_pars_est[56]       11.889  1.33343e-05
T_pars_est[57]      11.9509  3.13859e-05
T_pars_est[58]      12.2609  2.81947e-05
T_pars_est[59]       13.411 -4.57205e-05
T_pars_est[60]      13.5416 -0.000108713
T_pars_est[61]      12.9802  9.29953e-05
T_pars_est[62]      12.1319  6.58123e-05
T_pars_est[63]      11.0317  1.72765e-05
T_pars_est[64]      9.95013  3.12148e-05
T_pars_est[65]      9.22575  2.04106e-05
T_pars_est[66]      8.76597  3.09942e-05
T_pars_est[67]      8.47064  2.60475e-05
T_pars_est[68]      8.38002  3.98671e-05
T_pars_est[69]      8.28622  4.70735e-05
T_pars_est[70]      8.15065  2.98851e-05
T_pars_est[71]      8.00054  2.64279e-05
T_pars_est[72]      7.85627   3.1453e-05
T_pars_est[73]      7.72425  2.75933e-05
T_pars_est[74]      7.60315   1.9572e-05
T_pars_est[75]      7.51486  7.91837e-06
T_pars_est[76]      7.46372  6.39674e-06
T_pars_est[77]     -13.8355  5.06762e-06
T_pars_est[78]     -13.9076  8.74715e-06
T_pars_est[79]     -14.0467 -5.52991e-06
T_pars_est[80]     -14.1914 -2.78809e-05
T_pars_est[81]     -13.7306 -3.13536e-05
T_pars_est[82]     -13.5065  4.51579e-05
T_pars_est[83]     -14.5852 -4.25606e-06
T_pars_est[84]     -15.5947 -1.19717e-05
T_pars_est[85]     -16.4021  2.97041e-05
T_pars_est[86]     -17.0324  1.52532e-05
T_pars_est[87]     -17.4892 -2.46589e-05
T_pars_est[88]     -17.8344  -1.8137e-05
T_pars_est[89]     -18.1075  3.73121e-05
T_pars_est[90]     -18.3362 -2.90482e-06
T_pars_est[91]     -18.5342 -3.09895e-06
T_pars_est[92]     -18.7086  5.06446e-06
T_pars_est[93]     -18.8632 -2.40116e-06
G_pars_est[1]      1.09103   0.00027168
G_pars_est[2]    -0.239086 -0.000580109
G_pars_est[4]     -4.59627 -6.84607e-05
G_pars_est[5]    -0.418964  0.000407347
S_pars_est[5]     -3.39541  3.78887e-06
S_pars_est[6]     -2.72474 -6.97248e-06
S_pars_est[7]     -2.38338  2.02954e-05
S_pars_est[8]     -1.53918 -1.72991e-05
S_pars_est[9]     -1.59395 -3.82999e-06
S_pars_est[10]     -1.38889 -7.68767e-07
S_pars_est[11]     -1.10217  4.28936e-06
S_pars_est[12]     -1.05659 -2.58728e-06
S_pars_est[13]     -1.12817 -3.14346e-07
S_pars_est[14]     -1.05978  3.84731e-06
S_pars_est[15]    -0.964177  7.26918e-07
S_pars_est[16]    -0.901166  1.01785e-05
S_pars_est[17]     -0.86458  8.98703e-07
S_pars_est[18]    -0.770399  3.70534e-07
S_pars_est[19]    -0.764116  2.92612e-06
S_pars_est[20]    -0.901258 -2.56905e-06
S_pars_est[21]    -0.773308 -4.86839e-06
S_pars_est[22]    -0.601401 -3.46739e-06
S_pars_est[23]    -0.432874  5.70191e-07
S_pars_est[24]    -0.281678  1.46498e-06
S_pars_est[25]    -0.179447 -1.59109e-06
S_pars_est[26]     -0.19498  3.88141e-06
S_pars_est[27]     -3.89241  7.55751e-06
S_pars_est[28]     -3.00762    1.173e-05
S_pars_est[29]     -2.37361 -7.25123e-07
S_pars_est[30]     -1.63253 -4.03077e-06
S_pars_est[31]     -1.50067 -4.65916e-06
S_pars_est[32]      -1.3099 -1.96326e-05
S_pars_est[33]     -1.09608  8.27472e-06
S_pars_est[34]     -1.02191  4.45476e-06
S_pars_est[35]     -1.07891  1.42974e-05
S_pars_est[36]     -1.07492  6.59413e-06
S_pars_est[37]     -1.02728  1.41416e-06
S_pars_est[38]    -0.952791 -1.37855e-05
S_pars_est[39]    -0.901612  1.71955e-05
S_pars_est[40]    -0.766019 -1.77462e-05
S_pars_est[41]    -0.546391 -1.19298e-05
S_pars_est[42]    -0.331012  1.09382e-05
S_pars_est[43]    -0.229975  2.30629e-06
S_pars_est[44]    -0.169519 -1.60747e-06
S_pars_est[45]    -0.149497 -8.19976e-06
S_pars_est[46]    -0.114268 -4.00793e-06
S_pars_est[47]   -0.0678129  7.93473e-06
S_pars_est[48]   -0.0531212  8.11949e-06
S_pars_est[51]     -4.70445  4.24237e-05
S_pars_est[52]     -4.78624 -1.55446e-05
S_pars_est[53]     -3.42929 -1.55374e-05
S_pars_est[54]      -1.6613  -2.3666e-05
S_pars_est[55]     -1.05972 -1.11391e-05
S_pars_est[56]    -0.510437 -8.11385e-06
S_pars_est[57]    -0.570543  1.60765e-05
S_pars_est[58]    -0.785075  1.00438e-05
S_pars_est[59]     -0.85507  5.20387e-06
S_pars_est[60]    -0.936791 -4.18314e-06
S_pars_est[61]     -0.92013 -7.87973e-07
S_pars_est[62]    -0.872649  -4.0158e-06
S_pars_est[63]     -0.83646 -3.99772e-06
S_pars_est[64]    -0.788811 -5.58506e-06
S_pars_est[65]    -0.719569 -7.18715e-07
S_pars_est[66]    -0.630262 -1.33249e-06
S_pars_est[67]    -0.529525   2.0421e-06
S_pars_est[68]    -0.424127  1.57969e-06
S_pars_est[69]    -0.314803 -2.74649e-06
S_pars_est[70]    -0.200394  3.75241e-06
S_pars_est[71]   -0.0840706 -9.92072e-06
S_pars_est[73]     -3.14428  3.99093e-05
S_pars_est[74]     -2.59746   4.4698e-05
S_pars_est[75]     -2.04073 -5.22601e-05
S_pars_est[76]    -0.814199 -2.70289e-05
S_pars_est[77]    -0.396714 -8.32219e-06
S_pars_est[78]    -0.246885 -7.29167e-05
S_pars_est[79]    -0.554426  4.01687e-05
S_pars_est[80]     -1.22684  1.86417e-05
S_pars_est[81]     -1.45866  5.46889e-06
S_pars_est[82]     -1.86505  3.37913e-06
S_pars_est[83]      -1.8454  4.32602e-06
S_pars_est[84]     -1.21423 -1.73095e-06
S_pars_est[85]    -0.850192  1.50956e-06
S_pars_est[86]    -0.779144  1.68852e-06
S_pars_est[87]    -0.710827  4.39013e-06
S_pars_est[88]    -0.623435 -1.69136e-06
S_pars_est[89]    -0.524229  1.18574e-06
S_pars_est[90]    -0.419948   4.4395e-07
S_pars_est[91]     -0.31131 -2.70806e-06
S_pars_est[92]    -0.197195  2.67862e-06
S_pars_est[93]   -0.0804888  -6.0594e-07
log_fbar[1]    0.0771579    -8.24e-05
log_fbar[2]     -5.51774 -6.18431e-06
log_fdev[1](1)     -1.49648  0.000126217
log_fdev[1](2)     -1.82016  9.75362e-05
log_fdev[1](3)      -1.1935  5.30665e-05
log_fdev[1](4)    -0.827651  3.67725e-05
log_fdev[1](5)    -0.690435  7.37906e-05
log_fdev[1](6)    -0.330148  0.000185058
log_fdev[1](7)    -0.299048  3.17175e-05
log_fdev[1](8)    -0.293807 -1.94595e-05
log_fdev[1](9)      0.70776 -5.33654e-05
log_fdev[1](10)     0.233467  2.56098e-08
log_fdev[1](11)     0.553267  2.25872e-05
log_fdev[1](12)     0.692668  5.78423e-05
log_fdev[1](13)     0.421804 -9.96067e-05
log_fdev[1](14)     0.551457   -9.443e-05
log_fdev[1](15)     0.499545  4.13359e-05
log_fdev[1](16)     0.337256  1.43135e-05
log_fdev[1](17)      1.04076   1.0805e-06
log_fdev[1](18)    -0.354327  2.01637e-05
log_fdev[1](19)    -0.453216 -1.90585e-05
log_fdev[1](20)      0.20269  -4.0769e-06
log_fdev[1](21)     0.283798  0.000120923
log_fdev[1](22)    -0.429079    3.067e-05
log_fdev[1](23)    -0.704514 -3.93207e-05
log_fdev[1](24)    -0.909556 -2.12183e-05
log_fdev[1](25)    -0.352888 -9.25507e-05
log_fdev[1](26)    0.0470661 -0.000118105
log_fdev[1](27)    -0.269312 -0.000102013
log_fdev[1](28)     -0.64953   1.1584e-05
log_fdev[1](29)    -0.763362 -3.44158e-05
log_fdev[1](30)    -0.176959 -1.26711e-05
log_fdev[1](31)     0.327118 -2.16002e-05
log_fdev[1](32)     0.704727  5.59449e-05
log_fdev[1](33)      1.11033  3.77963e-05
log_fdev[1](34)      1.21557 -2.82309e-05
log_fdev[1](35)     0.769144 -9.85153e-05
log_fdev[1](36)     0.848308 -7.05504e-05
log_fdev[1](37)      1.37843 -3.27138e-05
log_fdev[1](38)      1.52668  4.12073e-05
log_fdev[1](39)      1.35884  2.40939e-05
log_fdev[1](40)     -1.12563 -2.74851e-05
log_fdev[1](41)     -1.67108  3.03947e-05
log_fdev[2](1)     0.214703  1.19695e-05
log_fdev[2](2)      0.19895 -3.27746e-06
log_fdev[2](3)    0.0573779  6.04416e-06
log_fdev[2](4)      -0.1043  3.22853e-06
log_fdev[2](5)      -9.0781  4.50886e-06
log_fdev[2](6)      -5.0094  2.56643e-06
log_fdev[2](7)     -5.48164  1.23629e-05
log_fdev[2](8)      -1.6683  2.20937e-05
log_fdev[2](9)    -0.440914 -3.34671e-06
log_fdev[2](10)      2.14087  1.77978e-05
log_fdev[2](11)      1.62002  5.61544e-06
log_fdev[2](12)      1.39044 -1.37374e-06
log_fdev[2](13)      1.20188 -1.08635e-05
log_fdev[2](14)      1.51489  2.47358e-07
log_fdev[2](15)      1.36181  2.79313e-05
log_fdev[2](16)     0.698826  1.78008e-05
log_fdev[2](17)     0.896202  4.59023e-06
log_fdev[2](18)     0.352426  1.31032e-05
log_fdev[2](19)     0.546137  2.00881e-05
log_fdev[2](20)     0.511786  1.62111e-05
log_fdev[2](21)    0.0370264  7.48668e-06
log_fdev[2](22)    0.0929478  4.41894e-06
log_fdev[2](23)     0.101369 -9.30409e-06
log_fdev[2](24)    0.0424648  9.21815e-06
log_fdev[2](25)     0.671939  1.51009e-05
log_fdev[2](26)     0.417793  1.07122e-05
log_fdev[2](27)    -0.212701  1.94083e-05
log_fdev[2](28)     0.389856   7.8246e-06
log_fdev[2](29)    -0.769335 -3.19518e-06
log_fdev[2](30)     -0.51443 -6.57836e-06
log_fdev[2](31)   -0.0251083  9.30742e-06
log_fdev[2](32)      0.24797  2.34952e-05
log_fdev[2](33)      1.78135  1.06533e-05
log_fdev[2](34)      3.04729  4.37846e-06
log_fdev[2](35)    -0.603519 -7.23216e-06
log_fdev[2](36)     0.463234  7.07704e-06
log_fdev[2](37)      1.76559  9.22627e-06
log_fdev[2](38)      1.01833  7.33406e-06
log_fdev[2](39)     0.985505   7.3622e-07
log_fdev[2](40)     0.417406 -8.42699e-06
log_fdev[2](41)    -0.381571 -1.75452e-05
log_fdev[2](42)      0.19166 -8.41822e-06
log_fdev[2](43)    -0.088735  6.91082e-06
log_foff[1]     -6.88914 -0.000215769
log_fdov[1](1)      1.53481  1.15152e-05
log_fdov[1](2)      1.77502  4.92108e-05
log_fdov[1](3)      1.41114  2.82851e-05
log_fdov[1](4)      1.30413  1.41105e-05
log_fdov[1](5)      2.10987  4.55516e-05
log_fdov[1](6)      1.73387  0.000139495
log_fdov[1](7)     0.928381  6.57828e-05
log_fdov[1](8)     0.616297  1.30447e-05
log_fdov[1](9)      2.89597  1.50211e-06
log_fdov[1](10)      1.41514  7.83501e-06
log_fdov[1](11)      1.60746  6.21891e-06
log_fdov[1](12)     0.774836   5.1416e-06
log_fdov[1](13)     0.819193 -4.68445e-05
log_fdov[1](14)    -0.490404 -5.74747e-05
log_fdov[1](15)      1.18918 -1.57674e-05
log_fdov[1](16)      1.40407 -6.65374e-06
log_fdov[1](17)      -1.7499  5.72057e-06
log_fdov[1](18)    -0.219147 -6.49283e-05
log_fdov[1](19)     -2.23739 -3.21444e-05
log_fdov[1](20)    0.0753904  2.65856e-06
log_fdov[1](21)     -2.10374  1.13269e-05
log_fdov[1](22)     -2.07327 -3.83652e-05
log_fdov[1](23)     -1.06212 -3.39996e-05
log_fdov[1](24)    -0.466088 -5.91849e-06
log_fdov[1](25)      -2.5593 -2.11725e-05
log_fdov[1](26)    -0.250846 -2.68621e-05
log_fdov[1](27)     0.151909 -1.65269e-05
log_fdov[1](28)     0.346514 -1.93438e-05
log_fdov[1](29)     0.352339 -1.98158e-05
log_fdov[1](30)      2.62581 -2.32245e-05
log_fdov[1](31)     0.820809 -2.04861e-05
log_fdov[1](32)      1.21797 -9.02911e-06
log_fdov[1](33)      1.86284 -1.40012e-05
log_fdov[1](34)     0.871907   2.8255e-06
log_fdov[1](35)     0.129677 -2.49323e-05
log_fdov[1](36)    -0.106802 -4.36771e-05
log_fdov[1](37)     -1.00839 -5.77192e-05
log_fdov[1](38)     -1.34642 -4.35943e-05
log_fdov[1](39)     -4.51469 -2.71943e-05
log_fdov[1](40)     -4.84874 -3.51032e-05
log_fdov[1](41)      -4.9373 -2.12707e-05
rec_dev_est(1982)     0.542866 -7.80697e-05
rec_dev_est(1983)     0.332464 -9.57688e-05
rec_dev_est(1984)      1.17807  0.000195844
rec_dev_est(1985)      1.89325 -0.000134622
rec_dev_est(1986)      1.01316  1.77894e-07
rec_dev_est(1987)     0.597788   -0.0001125
rec_dev_est(1988)    -0.214566 -6.08887e-05
rec_dev_est(1989)    -0.206095 -2.29708e-05
rec_dev_est(1990)     0.481166 -3.42261e-05
rec_dev_est(1991)       1.0674   0.00053318
rec_dev_est(1992)    -0.226466  0.000151147
rec_dev_est(1993)   -0.0846266  5.31031e-05
rec_dev_est(1994)    -0.817963 -2.34666e-06
rec_dev_est(1995)     -1.12276  4.30536e-05
rec_dev_est(1996)    -0.271948 -1.98752e-05
rec_dev_est(1997)    -0.773276  5.58647e-05
rec_dev_est(1998)    -0.390946 -0.000125514
rec_dev_est(1999)     -0.59846 -7.60025e-05
rec_dev_est(2000)     -1.70864 -4.88314e-05
rec_dev_est(2001)  -0.00685427 -0.000237674
rec_dev_est(2002)      1.41698 -0.000248764
rec_dev_est(2003)    -0.162716 -6.21202e-05
rec_dev_est(2004)     0.244954 -8.14271e-05
rec_dev_est(2005)    -0.495356 -8.62183e-06
rec_dev_est(2006)     -1.18206  2.41913e-05
rec_dev_est(2007)    0.0764778  8.64594e-05
rec_dev_est(2008)      0.63895  -0.00035645
rec_dev_est(2009)    -0.887188 -0.000115214
rec_dev_est(2010)    -0.579697  -0.00013913
rec_dev_est(2011)    -0.820867  -2.1593e-05
rec_dev_est(2012)     -0.31106  3.56143e-05
rec_dev_est(2013)    -0.800374  0.000148523
rec_dev_est(2014)     0.582914  0.000373703
rec_dev_est(2015)    0.0881681 -0.000117595
rec_dev_est(2016)    0.0850799  -7.8549e-06
rec_dev_est(2017)     -1.26703  1.70521e-05
rec_dev_est(2018)     -1.43557  3.32856e-05
rec_dev_est(2019)    -0.877221  1.06039e-05
rec_dev_est(2020)     0.410171 -2.48851e-05
rec_dev_est(2021)     0.434887 -2.81087e-05
rec_dev_est(2022)      1.30345  3.40796e-05
rec_dev_est(2023)    -0.177581 -1.76601e-06
rec_dev_est(2024)    -0.559443  9.80147e-07
logit_rec_prop_est(1982)      3.29593 -6.99862e-05
logit_rec_prop_est(1983)      2.03208 -0.000130628
logit_rec_prop_est(1984)    0.0391028 -0.000646193
logit_rec_prop_est(1985)    -0.137288 -0.000743635
logit_rec_prop_est(1986)     -3.37344  7.09458e-07
logit_rec_prop_est(1987)     0.106269 -0.000633038
logit_rec_prop_est(1988)     0.950459 -0.000311935
logit_rec_prop_est(1989)     0.213696  5.18664e-05
logit_rec_prop_est(1990)      1.59113   0.00135704
logit_rec_prop_est(1991)      1.74683   0.00092813
logit_rec_prop_est(1992)    -0.350019  0.000729759
logit_rec_prop_est(1993)    -0.476233  0.000342479
logit_rec_prop_est(1994)    -0.895163  0.000265383
logit_rec_prop_est(1995)     -0.30982   0.00025017
logit_rec_prop_est(1996)     -2.12483 -7.17617e-05
logit_rec_prop_est(1997)      3.37678  5.00002e-05
logit_rec_prop_est(1998)    -0.740487 -9.87045e-05
logit_rec_prop_est(1999)     0.608581  -0.00014614
logit_rec_prop_est(2000)    0.0731461 -0.000214794
logit_rec_prop_est(2001)      2.17956 -0.000165046
logit_rec_prop_est(2002)     -1.56952 -0.000362587
logit_rec_prop_est(2003)      1.86822 -9.90816e-07
logit_rec_prop_est(2004)       0.9798  0.000112158
logit_rec_prop_est(2005)   -0.0314015  6.31438e-05
logit_rec_prop_est(2006)    -0.198877  0.000122578
logit_rec_prop_est(2007)    -0.355897 -0.000253402
logit_rec_prop_est(2008)     -0.61525  -0.00157972
logit_rec_prop_est(2009)      -0.3921 -0.000588597
logit_rec_prop_est(2010)    -0.683859 -0.000748442
logit_rec_prop_est(2011)     -1.19148  3.14732e-05
logit_rec_prop_est(2012)    -0.762809  0.000390579
logit_rec_prop_est(2013)   -0.0343574  0.000423878
logit_rec_prop_est(2014)     0.278593  0.000900835
logit_rec_prop_est(2015)     -2.87721 -3.84335e-05
logit_rec_prop_est(2016)     -1.14428  3.30461e-05
logit_rec_prop_est(2017)     -3.56861  3.16057e-05
logit_rec_prop_est(2018)     -3.37505  -1.6557e-05
logit_rec_prop_est(2019)      1.69155 -7.04933e-06
logit_rec_prop_est(2020)     -0.33683  0.000228166
logit_rec_prop_est(2021)     0.311733  7.76598e-05
logit_rec_prop_est(2022)    0.0274498 -4.79246e-05
logit_rec_prop_est(2023)      1.80254 -6.67605e-05
logit_rec_prop_est(2024)      2.37134 -4.87868e-05
