ParName   Value   Gradient
T_pars_est[3]      13.6413  -0.00450913
T_pars_est[11]      8.45111  -2.4633e-05
T_pars_est[12]      8.46188   1.1588e-06
T_pars_est[13]      8.51298  2.04736e-06
T_pars_est[14]      8.75443  1.12967e-06
T_pars_est[15]      9.27021 -4.13368e-06
T_pars_est[16]      10.0135 -4.51361e-06
T_pars_est[17]      10.7724  1.72152e-05
T_pars_est[18]      11.1878 -4.29152e-07
T_pars_est[19]      11.2684  -6.3743e-07
T_pars_est[20]      11.3438   7.6028e-06
T_pars_est[21]      11.3685  7.66569e-06
T_pars_est[22]      11.1423 -1.80583e-05
T_pars_est[23]      10.8103 -1.21475e-05
T_pars_est[24]      10.5489 -1.63311e-05
T_pars_est[25]      10.7141 -4.31265e-05
T_pars_est[26]      11.5013  2.28819e-06
T_pars_est[27]      11.0513 -4.32248e-05
T_pars_est[28]      10.1264 -1.85848e-05
T_pars_est[29]      9.14269 -1.12235e-05
T_pars_est[30]      8.16529 -2.61802e-06
T_pars_est[31]      7.33373 -3.03372e-06
T_pars_est[32]      6.89508  1.53327e-05
T_pars_est[33]      13.6896  8.51547e-05
T_pars_est[34]      13.4112   7.0464e-05
T_pars_est[35]      13.1657  2.77671e-05
T_pars_est[36]      13.3137  1.05281e-05
T_pars_est[37]      12.6579  1.46901e-05
T_pars_est[38]      12.7775   2.6377e-05
T_pars_est[39]      12.6216 -2.96459e-06
T_pars_est[40]      12.3914 -1.17958e-05
T_pars_est[41]      12.2645 -8.17697e-06
T_pars_est[42]      11.6587 -3.61547e-05
T_pars_est[43]      10.9111  2.18534e-05
T_pars_est[44]      10.6704 -1.91361e-05
T_pars_est[45]      10.7747 -1.19859e-05
T_pars_est[46]      10.1405 -5.29081e-06
T_pars_est[47]      8.88407  7.94011e-06
T_pars_est[48]       7.8013 -1.20123e-05
T_pars_est[49]      6.98912 -3.54128e-06
T_pars_est[50]      6.41779 -1.43121e-05
T_pars_est[51]      6.00488  -7.7111e-06
T_pars_est[52]      5.70519  3.37599e-06
T_pars_est[53]      5.50199  9.10867e-07
T_pars_est[54]      5.39869   1.0759e-05
T_pars_est[55]      9.81613 -8.59887e-06
T_pars_est[56]      9.88154  2.34399e-05
T_pars_est[57]       10.248  1.85098e-06
T_pars_est[58]      11.5328   3.3189e-05
T_pars_est[59]       13.237  -1.2334e-05
T_pars_est[60]       13.919 -5.87958e-05
T_pars_est[61]      13.2432 -1.67827e-06
T_pars_est[62]      12.2257 -2.49964e-05
T_pars_est[63]      11.0807 -1.89543e-05
T_pars_est[64]      9.95301 -1.38614e-05
T_pars_est[65]      9.21366 -2.95647e-05
T_pars_est[66]      8.79746 -1.58994e-05
T_pars_est[67]      8.55396 -2.15893e-05
T_pars_est[68]      8.44141 -2.38938e-05
T_pars_est[69]      8.30898 -2.50176e-05
T_pars_est[70]      8.13888 -3.98677e-05
T_pars_est[71]      7.95855 -1.97215e-05
T_pars_est[72]      7.78974 -1.18455e-05
T_pars_est[73]      7.63443 -2.14168e-05
T_pars_est[74]      7.49601 -8.25162e-06
T_pars_est[75]      7.39682 -1.83109e-05
T_pars_est[76]      7.34068 -1.79546e-05
T_pars_est[77]     -15.2348  6.70354e-06
T_pars_est[78]     -15.3431 -1.70493e-06
T_pars_est[79]     -15.5292 -1.28154e-06
T_pars_est[80]     -15.0323 -3.68394e-06
T_pars_est[81]     -14.0438  -2.1123e-06
T_pars_est[82]     -13.3199  5.70995e-07
T_pars_est[83]     -14.4235 -7.67582e-06
T_pars_est[84]     -15.5266  4.26449e-06
T_pars_est[85]     -16.3747  4.17262e-06
T_pars_est[86]     -17.0311 -1.13103e-05
T_pars_est[87]     -17.4935   5.9426e-06
T_pars_est[88]     -17.8377  1.94126e-06
T_pars_est[89]     -18.1101 -3.42878e-06
T_pars_est[90]     -18.3385  2.55672e-06
T_pars_est[91]     -18.5362  2.51724e-06
T_pars_est[92]     -18.7102  6.72179e-07
T_pars_est[93]     -18.8641 -5.75803e-07
log_fbar[1]    0.0898956  -0.00188224
log_fbar[2]      -5.4985  0.000116827
log_fdev[1](1)     -1.46458 -9.04159e-05
log_fdev[1](2)     -1.73598 -8.73126e-05
log_fdev[1](3)     -1.13653   -1.133e-05
log_fdev[1](4)    -0.786377  -6.4727e-05
log_fdev[1](5)    -0.649164 -6.80847e-05
log_fdev[1](6)    -0.348611 -5.42364e-05
log_fdev[1](7)    -0.353185 -0.000111056
log_fdev[1](8)    -0.317008 -0.000139349
log_fdev[1](9)     0.679704 -6.08521e-05
log_fdev[1](10)     0.197757  3.66158e-05
log_fdev[1](11)     0.545287 -1.85207e-05
log_fdev[1](12)      0.68802 -0.000193588
log_fdev[1](13)     0.311657  1.97234e-05
log_fdev[1](14)      0.65101 -0.000231135
log_fdev[1](15)     0.593864 -0.000312025
log_fdev[1](16)     0.307216  0.000128553
log_fdev[1](17)     0.997489  0.000222377
log_fdev[1](18)    -0.344515 -1.46336e-05
log_fdev[1](19)    -0.447342 -0.000180904
log_fdev[1](20)     0.191578  -0.00012493
log_fdev[1](21)     0.268244 -0.000108815
log_fdev[1](22)    -0.458467 -0.000178815
log_fdev[1](23)    -0.761186 -9.65704e-05
log_fdev[1](24)    -0.937508    0.0001538
log_fdev[1](25)     -0.36765  0.000312966
log_fdev[1](26)   0.00571472  0.000112304
log_fdev[1](27)     -0.28498 -0.000240832
log_fdev[1](28)    -0.667526 -0.000342048
log_fdev[1](29)     -0.83115 -0.000117985
log_fdev[1](30)    -0.252657  6.62514e-05
log_fdev[1](31)     0.273474 -6.98129e-06
log_fdev[1](32)     0.667271 -0.000258325
log_fdev[1](33)       1.0604 -0.000216195
log_fdev[1](34)      1.18696 -5.64883e-05
log_fdev[1](35)     0.750386  8.47466e-05
log_fdev[1](36)     0.807339  5.16826e-05
log_fdev[1](37)      1.35891 -1.10936e-05
log_fdev[1](38)      1.49941  8.05038e-05
log_fdev[1](39)      1.36515   0.00012508
log_fdev[1](40)     -1.02787 -0.000287663
log_fdev[1](41)     -1.23455 -0.000522713
log_fdev[2](1)      0.25495  -1.3939e-05
log_fdev[2](2)     0.265896  2.87032e-05
log_fdev[2](3)     0.107657 -1.02457e-05
log_fdev[2](4)   -0.0713027 -6.00941e-06
log_fdev[2](5)     -9.05451  7.76353e-06
log_fdev[2](6)     -5.03902 -6.77321e-06
log_fdev[2](7)     -5.51974  -7.0489e-06
log_fdev[2](8)     -1.66728  3.52864e-06
log_fdev[2](9)    -0.432814  2.53379e-05
log_fdev[2](10)      2.12693  2.99456e-05
log_fdev[2](11)      1.61378  1.93903e-05
log_fdev[2](12)      1.35864 -1.58431e-05
log_fdev[2](13)      1.14087  1.93782e-05
log_fdev[2](14)      1.55289 -1.75061e-05
log_fdev[2](15)      1.39252  -1.2319e-05
log_fdev[2](16)     0.666934  4.67031e-05
log_fdev[2](17)     0.866384  2.27229e-05
log_fdev[2](18)       0.3545  1.32522e-05
log_fdev[2](19)     0.541602  3.92825e-06
log_fdev[2](20)     0.498397 -1.00233e-05
log_fdev[2](21)    0.0224883  2.72634e-05
log_fdev[2](22)    0.0617933  3.34722e-05
log_fdev[2](23)     0.049462  -1.2947e-05
log_fdev[2](24)    0.0091047  2.23617e-06
log_fdev[2](25)      0.65082 -3.21784e-06
log_fdev[2](26)      0.38728 -2.48793e-05
log_fdev[2](27)    -0.228071 -4.10966e-05
log_fdev[2](28)     0.362395 -4.58204e-05
log_fdev[2](29)    -0.839421 -7.28808e-06
log_fdev[2](30)    -0.604835 -1.33552e-06
log_fdev[2](31)    -0.107901 -9.80162e-06
log_fdev[2](32)      0.17485  1.15964e-06
log_fdev[2](33)      1.71312   2.3287e-05
log_fdev[2](34)      3.00387  3.96924e-05
log_fdev[2](35)    -0.625433  3.34844e-05
log_fdev[2](36)     0.450969  3.20214e-05
log_fdev[2](37)      1.74108  3.38717e-05
log_fdev[2](38)     0.992487   2.2607e-05
log_fdev[2](39)      1.00025 -1.10779e-06
log_fdev[2](40)     0.497141 -1.08711e-05
log_fdev[2](41)    -0.224817 -1.57484e-05
log_fdev[2](42)     0.405643 -6.25618e-06
log_fdev[2](43)     0.150447 -9.03692e-06
log_foff[1]     -6.82992  -0.00128925
log_fdov[1](1)      1.43314 -3.00118e-05
log_fdov[1](2)      1.62106 -3.46279e-05
log_fdov[1](3)      1.28438  2.15867e-07
log_fdov[1](4)      1.19353  -5.6337e-06
log_fdov[1](5)      2.02918 -2.06664e-05
log_fdov[1](6)      1.39298 -4.28567e-05
log_fdov[1](7)     0.853288 -0.000156731
log_fdov[1](8)      1.09905  -0.00016665
log_fdov[1](9)      3.76245 -0.000112298
log_fdov[1](10)      2.06559 -9.39626e-05
log_fdov[1](11)      1.75826 -9.26669e-05
log_fdov[1](12)     0.734529 -3.70449e-05
log_fdov[1](13)     0.760591 -4.40572e-05
log_fdov[1](14)    -0.743101 -6.38337e-05
log_fdov[1](15)      1.03555 -0.000101253
log_fdov[1](16)      1.51617 -4.13562e-05
log_fdov[1](17)     -1.56455 -5.52592e-05
log_fdov[1](18)    -0.153101 -4.89369e-05
log_fdov[1](19)     -2.23768 -1.62064e-05
log_fdov[1](20)    0.0666802 -1.53456e-05
log_fdov[1](21)     -2.01462 -5.56311e-05
log_fdov[1](22)     -1.95734 -6.58049e-05
log_fdov[1](23)     -1.02257 -6.24516e-05
log_fdov[1](24)    -0.472844 -4.07961e-05
log_fdov[1](25)     -2.56446   6.9531e-06
log_fdov[1](26)    -0.189661  7.10064e-06
log_fdov[1](27)     0.262515  -1.1826e-05
log_fdov[1](28)     0.504496 -2.58499e-05
log_fdov[1](29)     0.573574 -1.35935e-05
log_fdov[1](30)      2.63191 -1.09368e-07
log_fdov[1](31)     0.529165 -5.39927e-05
log_fdov[1](32)     0.883755 -0.000142125
log_fdov[1](33)      1.60076 -8.32158e-05
log_fdov[1](34)     0.704815 -9.23325e-05
log_fdov[1](35)    0.0794735 -0.000103352
log_fdov[1](36)    0.0159573 -5.18144e-05
log_fdov[1](37)    -0.976545   4.9539e-06
log_fdov[1](38)     -1.45793 -4.17533e-06
log_fdov[1](39)     -4.56094  8.25454e-06
log_fdov[1](40)     -4.94759  9.96229e-06
log_fdov[1](41)     -5.52991 -2.41605e-05
rec_dev_est(1982)     0.585284  0.000136051
rec_dev_est(1983)     0.321303  7.49637e-05
rec_dev_est(1984)      1.72069 -0.000334382
rec_dev_est(1985)      1.41662 -0.000304754
rec_dev_est(1986)    -0.776786  5.68322e-06
rec_dev_est(1987)      -0.1725 -0.000122966
rec_dev_est(1988)      1.56819 -0.000410929
rec_dev_est(1989)     -0.45466 -7.20726e-05
rec_dev_est(1990)     0.800617 -0.000215894
rec_dev_est(1991)      1.34089    0.0003726
rec_dev_est(1992)    -0.352477  2.46922e-06
rec_dev_est(1993)    -0.540762 -0.000312147
rec_dev_est(1994)     -1.55547 -0.000136161
rec_dev_est(1995)    -0.457881 -7.34687e-05
rec_dev_est(1996)    -0.150165 -0.000118724
rec_dev_est(1997)    -0.212082   9.5176e-05
rec_dev_est(1998)    -0.615832  0.000167578
rec_dev_est(1999)    -0.799972  0.000157467
rec_dev_est(2000)    -0.779964  -4.3135e-05
rec_dev_est(2001)     0.119294 -0.000339196
rec_dev_est(2002)      1.51841 -0.000222187
rec_dev_est(2003)    0.0885553 -0.000397401
rec_dev_est(2004)      0.32569 -0.000369196
rec_dev_est(2005)    -0.722389  4.40176e-06
rec_dev_est(2006)    -0.852532 -2.40287e-05
rec_dev_est(2007)    -0.389861  -6.9492e-05
rec_dev_est(2008)      1.47374  0.000682932
rec_dev_est(2009)    -0.383186 -6.53555e-05
rec_dev_est(2010)    -0.454828  0.000529599
rec_dev_est(2011)     -1.06596  7.25815e-05
rec_dev_est(2012)    -0.708439 -7.95763e-07
rec_dev_est(2013)    -0.877083 -3.01863e-05
rec_dev_est(2014)      0.20635 -0.000646897
rec_dev_est(2015)      1.04559 -0.000221293
rec_dev_est(2016)    -0.749525 -0.000207985
rec_dev_est(2017)     -1.57091 -4.17248e-05
rec_dev_est(2018)    -0.726495 -4.08365e-06
rec_dev_est(2019)    -0.726038 -0.000145226
rec_dev_est(2020)     0.501007 -0.000149831
rec_dev_est(2021)      0.91598 -1.56545e-06
rec_dev_est(2022)      1.00345  4.87115e-05
rec_dev_est(2023)    -0.826557  1.13029e-05
rec_dev_est(2024)     -1.60968  5.97235e-06
logit_rec_prop_est(1982)      3.18444  2.61815e-05
logit_rec_prop_est(1983)      4.70724 -0.000291983
logit_rec_prop_est(1984)    -0.836993   0.00172549
logit_rec_prop_est(1985)      1.93445   0.00111897
logit_rec_prop_est(1986)     0.491702  -0.00033758
logit_rec_prop_est(1987)      2.85701 -0.000838991
logit_rec_prop_est(1988)     -1.11003  -0.00054618
logit_rec_prop_est(1989)    -0.656909 -0.000334682
logit_rec_prop_est(1990)    -0.535827    0.0007174
logit_rec_prop_est(1991)      2.24108   0.00141232
logit_rec_prop_est(1992)    -0.329312  0.000226872
logit_rec_prop_est(1993)     0.832397  -0.00160107
logit_rec_prop_est(1994)      1.42161 -0.000643163
logit_rec_prop_est(1995)    -0.987466 -0.000268751
logit_rec_prop_est(1996)     -2.32601 -0.000409443
logit_rec_prop_est(1997)     0.354493  0.000336658
logit_rec_prop_est(1998)     0.260638  0.000517642
logit_rec_prop_est(1999)       2.4151  0.000542993
logit_rec_prop_est(2000)      -3.7898 -0.000135408
logit_rec_prop_est(2001)      2.96418   -0.0002597
logit_rec_prop_est(2002)      -1.5783   -0.0013892
logit_rec_prop_est(2003)     0.675341 -0.000883239
logit_rec_prop_est(2004)      2.37184 -0.000567336
logit_rec_prop_est(2005)      1.91074  2.90165e-06
logit_rec_prop_est(2006)     -2.15264 -0.000153986
logit_rec_prop_est(2007)     0.853634  0.000101978
logit_rec_prop_est(2008)     -1.51142    0.0047535
logit_rec_prop_est(2009)    -0.945644  0.000309751
logit_rec_prop_est(2010)    -0.658448   0.00276703
logit_rec_prop_est(2011)    -0.532076  0.000539724
logit_rec_prop_est(2012)    0.0299154  0.000173104
logit_rec_prop_est(2013)     0.168953  -9.6676e-05
logit_rec_prop_est(2014)      1.97746 -0.000699368
logit_rec_prop_est(2015)     -2.83426  -0.00211722
logit_rec_prop_est(2016)    -0.760316  -0.00122814
logit_rec_prop_est(2017)     -4.54051 -0.000241485
logit_rec_prop_est(2018)     -5.22797  -0.00056265
logit_rec_prop_est(2019)     -1.06506 -0.000960119
logit_rec_prop_est(2020)     0.447981 -0.000431037
logit_rec_prop_est(2021)     -1.27786  -0.00015758
logit_rec_prop_est(2022)     -0.30796  8.31827e-05
logit_rec_prop_est(2023)    -0.035825 -0.000170991
logit_rec_prop_est(2024)      1.90044 -0.000167887
