ParName   Value   Gradient
T_pars_est[3]      13.4943   0.00209449
T_pars_est[11]      8.35408  0.000108075
T_pars_est[12]      8.36188 -0.000433298
T_pars_est[13]      8.40903  0.000366068
T_pars_est[14]      8.66828 -3.71231e-05
T_pars_est[15]      9.23038 -0.000123309
T_pars_est[16]      9.97914  0.000363514
T_pars_est[17]      10.7454  0.000817189
T_pars_est[18]      11.1404 -0.000488525
T_pars_est[19]      11.2224  7.30856e-05
T_pars_est[20]      11.3115 -0.000275725
T_pars_est[21]      11.3462  0.000502132
T_pars_est[22]       11.127  0.000381273
T_pars_est[23]      10.8031  -0.00025624
T_pars_est[24]      10.5453 -0.000579689
T_pars_est[25]      10.7104 -0.000720236
T_pars_est[26]      11.5423  -0.00124063
T_pars_est[27]      11.0909  0.000136551
T_pars_est[28]       10.138  0.000856387
T_pars_est[29]      9.15176  0.000659455
T_pars_est[30]      8.18262 -0.000805254
T_pars_est[31]      7.36114 -0.000441645
T_pars_est[32]      6.94294  -0.00103565
T_pars_est[33]      14.9639    0.0019706
T_pars_est[34]      13.6618   0.00365215
T_pars_est[35]      13.1219 -0.000448731
T_pars_est[36]      13.2954  -0.00109365
T_pars_est[37]      12.8604 -0.000325366
T_pars_est[38]      12.9723 -0.000590839
T_pars_est[39]      12.7056   0.00262111
T_pars_est[40]      12.4322   0.00409917
T_pars_est[41]      12.3379   0.00219609
T_pars_est[42]      11.7613  0.000985416
T_pars_est[43]      11.0497 -4.09595e-05
T_pars_est[44]      10.8361   0.00305947
T_pars_est[45]      10.9611  -0.00380225
T_pars_est[46]      10.2668   0.00189282
T_pars_est[47]      8.97814  -0.00261328
T_pars_est[48]      7.90395  -0.00121998
T_pars_est[49]      7.10645  -0.00068207
T_pars_est[50]      6.54787  0.000562421
T_pars_est[51]      6.14075 -0.000286251
T_pars_est[52]      5.84092 -0.000345404
T_pars_est[53]      5.63464   0.00127026
T_pars_est[54]      5.52862 -0.000219824
T_pars_est[55]      9.85491  5.55651e-05
T_pars_est[56]      9.90519  0.000664042
T_pars_est[57]      10.2041 -0.000613227
T_pars_est[58]       11.471 -0.000446713
T_pars_est[59]      13.2722 -0.000207601
T_pars_est[60]      14.0044   0.00121931
T_pars_est[61]      13.3498   0.00186184
T_pars_est[62]      12.2805   0.00267275
T_pars_est[63]      11.1204   0.00273412
T_pars_est[64]      9.99642  0.000458683
T_pars_est[65]      9.24978  0.000753937
T_pars_est[66]      8.82402  0.000473311
T_pars_est[67]      8.61114   0.00044428
T_pars_est[68]      8.51261  0.000835054
T_pars_est[69]      8.37981   0.00084804
T_pars_est[70]      8.20213  -0.00108952
T_pars_est[71]      8.01055  3.04722e-05
T_pars_est[72]      7.83273   0.00220938
T_pars_est[73]      7.66592    0.0024697
T_pars_est[74]      7.51761  -0.00209007
T_pars_est[75]      7.41193 -0.000912897
T_pars_est[76]      7.35279 -0.000347808
T_pars_est[77]     -15.2348   0.00056371
T_pars_est[78]     -15.3431 -0.000411677
T_pars_est[79]     -15.5292     0.000394
T_pars_est[80]     -15.0323  6.15699e-05
T_pars_est[81]     -14.0438   0.00218112
T_pars_est[82]     -13.3199  0.000488774
T_pars_est[83]     -14.4235  -0.00178663
T_pars_est[84]     -15.5266   -5.893e-05
T_pars_est[85]     -16.3747 -0.000919769
T_pars_est[86]     -17.0311   0.00019868
T_pars_est[87]     -17.4935 -0.000196848
T_pars_est[88]     -17.8377  -0.00041505
T_pars_est[89]     -18.1101 -0.000189737
T_pars_est[90]     -18.3385  6.71946e-05
T_pars_est[91]     -18.5362   0.00046489
T_pars_est[92]     -18.7102  0.000100743
T_pars_est[93]     -18.8641 -5.73526e-06
log_fbar[1]   -0.0344323  -0.00515334
log_fbar[2]     -5.58505   0.00319627
log_fdev[1](1)     -1.37716   0.00196229
log_fdev[1](2)     -1.70676  0.000516619
log_fdev[1](3)     -1.09089  -0.00166319
log_fdev[1](4)    -0.757504  -0.00196357
log_fdev[1](5)    -0.650217  -0.00249939
log_fdev[1](6)    -0.387028 -0.000900725
log_fdev[1](7)    -0.271532   0.00279794
log_fdev[1](8)    -0.111294  0.000767813
log_fdev[1](9)     0.889782 -0.000763484
log_fdev[1](10)     0.317262  -0.00161915
log_fdev[1](11)     0.637828 -0.000551687
log_fdev[1](12)     0.791488  -0.00244288
log_fdev[1](13)     0.474689  -0.00163383
log_fdev[1](14)     0.463143  0.000524834
log_fdev[1](15)     0.445145   0.00156488
log_fdev[1](16)      0.38476  0.000445024
log_fdev[1](17)     0.993627  0.000354694
log_fdev[1](18)    -0.429158   0.00176581
log_fdev[1](19)    -0.418989   0.00150557
log_fdev[1](20)     0.165165   0.00116362
log_fdev[1](21)     0.191909 -0.000961656
log_fdev[1](22)    -0.496072 -0.000728436
log_fdev[1](23)    -0.702272   -0.0007267
log_fdev[1](24)    -0.853085 -0.000133277
log_fdev[1](25)    -0.183741  0.000644176
log_fdev[1](26)     0.112016   0.00107045
log_fdev[1](27)    -0.262794   0.00197843
log_fdev[1](28)    -0.596936   0.00104623
log_fdev[1](29)    -0.920199   0.00141761
log_fdev[1](30)    -0.184604  0.000874517
log_fdev[1](31)     0.334772  8.07699e-05
log_fdev[1](32)     0.585038  -0.00012864
log_fdev[1](33)      1.04099 -0.000498062
log_fdev[1](34)      1.03079 -0.000429753
log_fdev[1](35)     0.598844 -0.000562502
log_fdev[1](36)     0.715678  -0.00114449
log_fdev[1](37)      1.07997 -0.000570718
log_fdev[1](38)      1.50836 -0.000363438
log_fdev[1](39)      1.26101  -0.00150593
log_fdev[1](40)     -1.15657  -0.00115812
log_fdev[1](41)     -1.46545   0.00115012
log_fdev[2](1)     0.299987  0.000527694
log_fdev[2](2)     0.265107  0.000159128
log_fdev[2](3)     0.112171 -0.000244335
log_fdev[2](4)   -0.0818651  0.000217337
log_fdev[2](5)     -9.09311  0.000134886
log_fdev[2](6)     -5.07475  0.000215376
log_fdev[2](7)     -5.44912  0.000418031
log_fdev[2](8)     -1.50397  3.38362e-05
log_fdev[2](9)     -0.28147  3.28575e-05
log_fdev[2](10)      2.21934 -0.000691226
log_fdev[2](11)      1.70377 -0.000365946
log_fdev[2](12)      1.46745  0.000268138
log_fdev[2](13)      1.18872  3.33468e-05
log_fdev[2](14)       1.4219  8.13532e-05
log_fdev[2](15)      1.30255 -3.12119e-06
log_fdev[2](16)     0.702918  0.000331594
log_fdev[2](17)     0.841756  0.000504199
log_fdev[2](18)     0.295918  0.000236376
log_fdev[2](19)     0.547017  0.000367267
log_fdev[2](20)     0.461968  0.000357247
log_fdev[2](21)   -0.0326538  0.000368768
log_fdev[2](22)    0.0301815  0.000346156
log_fdev[2](23)    0.0845286  0.000688757
log_fdev[2](24)    0.0900128  0.000777395
log_fdev[2](25)     0.783931  0.000678307
log_fdev[2](26)     0.437638  0.000463167
log_fdev[2](27)    -0.243247   0.00013132
log_fdev[2](28)     0.385305  0.000220963
log_fdev[2](29)    -0.942741  0.000513639
log_fdev[2](30)    -0.542614  0.000289381
log_fdev[2](31)   -0.0407506  0.000192373
log_fdev[2](32)     0.149513  6.35123e-06
log_fdev[2](33)      1.69937  0.000285657
log_fdev[2](34)      2.92882  -7.7345e-05
log_fdev[2](35)    -0.702426  0.000465432
log_fdev[2](36)     0.360294  0.000323831
log_fdev[2](37)      1.65545  0.000144286
log_fdev[2](38)      1.06945 -0.000264694
log_fdev[2](39)      1.00221 -7.27483e-05
log_fdev[2](40)     0.452223  0.000370276
log_fdev[2](41)    -0.314033  0.000433216
log_fdev[2](42)     0.289164  0.000231225
log_fdev[2](43)    0.0540676  0.000563845
log_foff[1]     -6.57496  -0.00862822
log_fdov[1](1)      1.16843   0.00365944
log_fdov[1](2)      1.41436  0.000832519
log_fdov[1](3)      1.05926  0.000778728
log_fdov[1](4)     0.920469 -0.000532656
log_fdov[1](5)      1.45413  -0.00180434
log_fdov[1](6)      1.12027  -0.00105486
log_fdov[1](7)      0.63161  -0.00113967
log_fdov[1](8)     0.553853  -0.00134873
log_fdov[1](9)      3.09428 -0.000350351
log_fdov[1](10)      1.68995  -0.00199554
log_fdov[1](11)      1.78316 -0.000811619
log_fdov[1](12)     0.751073  -0.00122666
log_fdov[1](13)     0.470115 -0.000347339
log_fdov[1](14)    -0.891568   0.00068635
log_fdov[1](15)     0.804065  0.000743803
log_fdov[1](16)      1.04112  0.000470571
log_fdov[1](17)     -1.91528  0.000931889
log_fdov[1](18)    -0.252292  0.000385875
log_fdov[1](19)     -2.30433  0.000729764
log_fdov[1](20)    0.0517378 -0.000987863
log_fdov[1](21)     -2.09345 -0.000490025
log_fdov[1](22)     -2.11957   0.00013724
log_fdov[1](23)     -1.28922  -0.00060948
log_fdov[1](24)    -0.502545  -0.00110333
log_fdov[1](25)     -2.44963 -0.000306608
log_fdov[1](26)    -0.186635  0.000222692
log_fdov[1](27)    0.0741302 -3.02943e-06
log_fdov[1](28)     0.198511 -0.000141936
log_fdov[1](29)     0.467655  0.000125457
log_fdov[1](30)      2.68623  0.000229011
log_fdov[1](31)     0.932762  0.000255138
log_fdov[1](32)      1.50587  0.000202104
log_fdov[1](33)      2.15563  -0.00110657
log_fdov[1](34)      1.35014  -0.00125602
log_fdov[1](35)     0.561221  -0.00107083
log_fdov[1](36)     0.156861 -0.000314532
log_fdov[1](37)    -0.481948 -0.000265884
log_fdov[1](38)     -0.84797 -0.000391513
log_fdov[1](39)     -3.75553  0.000443585
log_fdov[1](40)     -4.07568  0.000128826
log_fdov[1](41)     -4.93126   0.00148932
rec_dev_est(1982)     -0.36191 -0.000652182
rec_dev_est(1983)     0.967129  -0.00270555
rec_dev_est(1984)       1.4513   0.00109162
rec_dev_est(1985)      1.76792   -0.0054832
rec_dev_est(1986)    -0.475214  -0.00102878
rec_dev_est(1987)     0.712864 -0.000926047
rec_dev_est(1988)     0.694673  -0.00393598
rec_dev_est(1989)    -0.933963   0.00211644
rec_dev_est(1990)      1.53586   0.00225331
rec_dev_est(1991)      1.52347    0.0056935
rec_dev_est(1992)   -0.0616848   0.00181262
rec_dev_est(1993)    -0.272932   0.00201545
rec_dev_est(1994)     -1.44566   0.00255598
rec_dev_est(1995)     -1.21627   0.00158825
rec_dev_est(1996)    -0.269573   0.00101265
rec_dev_est(1997)    -0.443098  -0.00849648
rec_dev_est(1998)   -0.0213185   0.00499938
rec_dev_est(1999)    -0.247506   0.00710589
rec_dev_est(2000)     -1.33223  0.000883536
rec_dev_est(2001)     0.432401    0.0013949
rec_dev_est(2002)      1.14158   0.00202552
rec_dev_est(2003)     0.484261 -0.000799163
rec_dev_est(2004)      1.11483   0.00156485
rec_dev_est(2005)    -0.413047  -0.00150998
rec_dev_est(2006)     -1.20358   -0.0014647
rec_dev_est(2007)   -0.0849509  -0.00211375
rec_dev_est(2008)      0.79633  0.000529225
rec_dev_est(2009)    -0.730487   -0.0035661
rec_dev_est(2010)    -0.707566  -0.00121149
rec_dev_est(2011)    -0.882873 -0.000819967
rec_dev_est(2012)     -0.64938  -0.00115563
rec_dev_est(2013)     0.345565   0.00130356
rec_dev_est(2014)     0.406318  -0.00323398
rec_dev_est(2015)    -0.699992  -0.00106466
rec_dev_est(2016)    -0.785189 -0.000484596
rec_dev_est(2017)     -2.02573  -0.00133035
rec_dev_est(2018)     -1.41077  0.000483495
rec_dev_est(2019)    -0.858295  0.000940686
rec_dev_est(2020)     0.901538   0.00155649
rec_dev_est(2021)     0.391986   0.00041814
rec_dev_est(2022)      1.09631 -0.000304147
rec_dev_est(2023)    -0.465229 -0.000179139
rec_dev_est(2024)     -1.33935  9.40943e-05
