ParName   Value   Gradient
theta[3]      13.6256  -0.00163992
theta[11]      8.83921  -2.2062e-05
theta[12]      8.84325 -1.47552e-05
theta[13]      8.89193  1.04271e-05
theta[14]      9.09324 -3.22635e-05
theta[15]      9.57408 -8.37086e-06
theta[16]      10.3079  3.01577e-05
theta[17]        11.05  -3.4817e-05
theta[18]      11.4528 -4.90666e-05
theta[19]      11.5832  1.72318e-06
theta[20]      11.9491  4.52586e-05
theta[21]      12.4479 -3.01745e-05
theta[22]      12.0174 -2.94845e-05
theta[23]      12.2526  -0.00020225
theta[24]      11.8192 -5.92961e-05
theta[25]      11.0898   0.00024913
theta[26]      11.1172  0.000398421
theta[27]      10.6599   0.00057989
theta[28]       9.9164  0.000300173
theta[29]      8.88956   0.00021204
theta[30]      7.87357  3.93015e-05
theta[31]      7.04295 -2.11822e-05
theta[32]      6.57252  3.17687e-05
theta[33]      14.1934 -0.000382313
theta[34]      13.6332  7.35251e-05
theta[35]      13.2059  0.000131062
theta[36]      13.3891   7.5307e-05
theta[37]      12.5549  3.82677e-05
theta[38]      12.6437  3.87571e-05
theta[39]      12.4512  0.000108774
theta[40]      12.0336  4.58986e-05
theta[41]      11.7956   7.6452e-05
theta[42]      11.2278  8.64321e-05
theta[43]      10.4232   4.9744e-05
theta[44]      10.0411  0.000108545
theta[45]      9.90555  0.000166348
theta[46]      9.29977  0.000141324
theta[47]      8.28887  0.000101664
theta[48]      7.31207  9.51057e-05
theta[49]      6.54001  0.000128955
theta[50]      5.97187  0.000160146
theta[51]      5.56374  0.000153939
theta[52]      5.27157   8.9564e-05
theta[53]      5.07624  0.000137113
theta[54]      4.97794  0.000111931
theta[55]      9.80184  3.36831e-05
theta[56]      9.87336 -2.99599e-05
theta[57]      10.2664  6.52643e-06
theta[58]       11.684 -1.61473e-05
theta[59]      13.2651  8.72368e-05
theta[60]      14.1225  -7.5689e-07
theta[61]      13.5868 -0.000169764
theta[62]      12.1797  8.13274e-05
theta[63]       11.146  5.58448e-05
theta[64]      9.96748  6.08943e-05
theta[65]      9.29369   9.5336e-05
theta[66]      8.78727  0.000112763
theta[67]      8.45878  8.07331e-05
theta[68]      8.38765  5.96851e-05
theta[69]      8.29785  5.78948e-05
theta[70]      8.11298   3.8646e-05
theta[71]      7.87924  2.49735e-05
theta[72]      7.66661  6.61296e-05
theta[73]      7.46799   0.00010494
theta[74]      7.29492  0.000101131
theta[75]      7.17792  5.11376e-05
theta[76]      7.11366  7.36852e-05
theta[77]     -15.2677  2.90374e-05
theta[78]     -15.3736  -5.1797e-05
theta[79]     -15.5398  2.03793e-07
theta[80]     -14.8889  4.47956e-06
theta[81]     -14.0572 -1.49896e-05
theta[82]      -13.208 -3.23715e-05
theta[83]     -14.2439 -3.85245e-05
theta[84]      -15.499  2.82289e-06
theta[85]     -16.2883   2.6237e-06
theta[86]     -16.9785 -2.83371e-05
theta[87]     -17.4082  1.71639e-05
theta[88]     -17.7861  3.45035e-05
theta[89]     -18.0719  1.84281e-05
theta[90]     -18.3031  1.82361e-05
theta[91]     -18.4971 -1.03807e-05
theta[92]     -18.6776 -1.76785e-05
theta[93]     -18.8486  4.42282e-06
log_fbar[1]     0.886935   0.00308788
log_fbar[2]     -4.80918  -0.00104548
log_fdev[1](1)     -1.95409  0.000426667
log_fdev[1](2)     -1.96325  0.000358265
log_fdev[1](3)      -1.2121  0.000334622
log_fdev[1](4)    -0.829142  9.89147e-05
log_fdev[1](5)    -0.750448 -4.38105e-05
log_fdev[1](6)    -0.551838  0.000317667
log_fdev[1](7)    -0.604246  0.000199156
log_fdev[1](8)    -0.523496  0.000378816
log_fdev[1](9)     0.695255   3.9577e-05
log_fdev[1](10)    0.0893384  3.32561e-07
log_fdev[1](11)     0.733923  0.000158414
log_fdev[1](12)     0.916258  0.000413306
log_fdev[1](13)     0.274561  -0.00014017
log_fdev[1](14)     0.470532 -4.35672e-06
log_fdev[1](15)     0.357043  9.40048e-05
log_fdev[1](16)     0.068725  7.68572e-05
log_fdev[1](17)       1.0766  -0.00048787
log_fdev[1](18)    -0.248385  0.000263272
log_fdev[1](19)    -0.266887  0.000124691
log_fdev[1](20)      0.16858  0.000256928
log_fdev[1](21)     0.388843  0.000527228
log_fdev[1](22)   -0.0911005 -0.000238786
log_fdev[1](23)    -0.423279  -0.00050498
log_fdev[1](24)    -0.882348 -0.000101376
log_fdev[1](25)     -0.14519 -5.16005e-05
log_fdev[1](26)     0.185344  0.000110163
log_fdev[1](27)   -0.0574161  0.000221369
log_fdev[1](28)    -0.263935 -0.000486486
log_fdev[1](29)    -0.849283  0.000274403
log_fdev[1](30)    -0.223436  0.000159543
log_fdev[1](31)     0.148477   -0.0001131
log_fdev[1](32)     0.401117  4.29545e-05
log_fdev[1](33)      1.03475 -0.000291019
log_fdev[1](34)      1.21427 -0.000150813
log_fdev[1](35)     0.675459 -7.77487e-05
log_fdev[1](36)     0.876985  -2.5371e-05
log_fdev[1](37)      1.11775 -0.000205517
log_fdev[1](38)       1.4766 -0.000126974
log_fdev[1](39)      1.50177 -0.000385243
log_fdev[1](40)    -0.826937  0.000582544
log_fdev[1](41)     -1.20538  0.000876128
log_fdev[2](1)    -0.212146  6.28015e-05
log_fdev[2](2)    0.0405608 -3.58419e-05
log_fdev[2](3)   0.00743833 -3.55588e-05
log_fdev[2](4)    -0.140017 -1.55838e-05
log_fdev[2](5)     -9.16498 -3.95665e-05
log_fdev[2](6)     -5.21949 -1.88501e-05
log_fdev[2](7)     -5.74647  -2.4178e-05
log_fdev[2](8)       -1.855 -3.27202e-05
log_fdev[2](9)    -0.495146 -0.000121707
log_fdev[2](10)      2.03892 -0.000122276
log_fdev[2](11)      1.75294 -5.79664e-05
log_fdev[2](12)      1.50704 -0.000154829
log_fdev[2](13)       1.1595 -5.13419e-05
log_fdev[2](14)      1.48607 -2.37473e-05
log_fdev[2](15)      1.22332 -5.41318e-05
log_fdev[2](16)     0.435661  -3.0694e-05
log_fdev[2](17)       0.8886  1.61828e-05
log_fdev[2](18)     0.455361 -9.48129e-06
log_fdev[2](19)     0.673888  7.95907e-05
log_fdev[2](20)     0.533068  3.34936e-05
log_fdev[2](21)     0.194982  7.89521e-06
log_fdev[2](22)     0.386144 -8.23024e-05
log_fdev[2](23)     0.327447 -0.000141897
log_fdev[2](24)     0.106567 -0.000134404
log_fdev[2](25)      0.82421 -6.23116e-05
log_fdev[2](26)     0.542256 -9.29758e-06
log_fdev[2](27)    -0.016895 -9.15243e-05
log_fdev[2](28)     0.695095 -0.000151254
log_fdev[2](29)    -0.877187 -0.000100509
log_fdev[2](30)    -0.605906 -0.000135575
log_fdev[2](31)    -0.241038 -0.000164719
log_fdev[2](32)   -0.0338918 -0.000135586
log_fdev[2](33)      1.65053 -8.92569e-05
log_fdev[2](34)      2.97448  -4.4417e-05
log_fdev[2](35)    -0.640404 -3.98498e-05
log_fdev[2](36)     0.475469 -1.97233e-05
log_fdev[2](37)      1.66793 -3.49951e-05
log_fdev[2](38)      1.03913 -7.17397e-05
log_fdev[2](39)      1.13146 -1.93642e-05
log_fdev[2](40)     0.659373  4.73198e-05
log_fdev[2](41)    -0.142448  5.93325e-05
log_fdev[2](42)     0.414537  5.71151e-05
log_fdev[2](43)    0.0990399   6.4139e-05
log_foff[1]     -7.51697  0.000887809
log_fdov[1](1)      1.97538 -4.79622e-05
log_fdov[1](2)      1.90177  4.34348e-05
log_fdov[1](3)      1.41439  5.85715e-05
log_fdov[1](4)      1.28387   0.00012268
log_fdov[1](5)      2.20329  4.70793e-05
log_fdov[1](6)      2.51113  7.71508e-05
log_fdov[1](7)      1.25862  0.000129708
log_fdov[1](8)     0.658013  0.000146593
log_fdov[1](9)       2.9322 -3.10364e-05
log_fdov[1](10)      1.73183  7.77591e-05
log_fdov[1](11)      1.67989  0.000170251
log_fdov[1](12)       0.8765    0.0001981
log_fdov[1](13)      1.14186  7.36837e-07
log_fdov[1](14)    -0.534727 -1.22014e-05
log_fdov[1](15)      1.16347  8.74494e-05
log_fdov[1](16)      1.56117  0.000124286
log_fdov[1](17)     -1.83981 -0.000127316
log_fdov[1](18)    -0.345104  8.49202e-05
log_fdov[1](19)     -2.44034  7.86915e-05
log_fdov[1](20)    0.0701148  0.000173561
log_fdov[1](21)       -2.175  8.35378e-05
log_fdov[1](22)     -2.36234    -2.78e-05
log_fdov[1](23)     -1.37548 -0.000145787
log_fdov[1](24)    -0.468797  6.53246e-06
log_fdov[1](25)     -2.73009  8.33228e-05
log_fdov[1](26)      -0.3407  0.000164767
log_fdov[1](27)      0.04543  0.000219869
log_fdov[1](28)     0.165953  2.70096e-05
log_fdov[1](29)     0.786789  0.000295581
log_fdov[1](30)      2.76043  8.40232e-05
log_fdov[1](31)     0.706502 -4.11638e-05
log_fdov[1](32)      1.16713  3.13316e-05
log_fdov[1](33)      1.62636 -0.000110435
log_fdov[1](34)     0.675881 -0.000114549
log_fdov[1](35)     0.162603 -0.000274643
log_fdov[1](36)   -0.0249279 -0.000240781
log_fdov[1](37)    -0.709974 -0.000150352
log_fdov[1](38)     -1.43973 -0.000156108
log_fdov[1](39)     -4.70692 -0.000262014
log_fdov[1](40)     -5.16228 -0.000257145
log_fdov[1](41)     -5.80437  0.000413959
rec_dev_est(1982)     0.520322  0.000694916
rec_dev_est(1983)      0.30867  -0.00041232
rec_dev_est(1984)     0.407602 -0.000588446
rec_dev_est(1985)      2.48347 -0.000547029
rec_dev_est(1986)    0.0420173 -6.74588e-05
rec_dev_est(1987)    0.0576125  -0.00127195
rec_dev_est(1988)     0.333896  0.000238493
rec_dev_est(1989)     -1.16743  0.000439925
rec_dev_est(1990)    -0.403359  0.000254603
rec_dev_est(1991)      1.77508  0.000269345
rec_dev_est(1992)    -0.287745  -0.00016732
rec_dev_est(1993)    -0.161814  0.000507493
rec_dev_est(1994)     -1.11999  0.000152498
rec_dev_est(1995)    -0.559946  0.000479997
rec_dev_est(1996)    -0.158016  0.000181882
rec_dev_est(1997)    -0.640611 -0.000505201
rec_dev_est(1998)    -0.675033 -0.000759495
rec_dev_est(1999)    -0.461744  -0.00107458
rec_dev_est(2000)    -0.743455  4.70095e-05
rec_dev_est(2001)     -0.24701 -0.000829439
rec_dev_est(2002)      1.52981  -0.00025988
rec_dev_est(2003)     0.230617  -0.00101062
rec_dev_est(2004)    -0.538945 -0.000431968
rec_dev_est(2005)     0.467842  -0.00141378
rec_dev_est(2006)     -1.39925 -9.35219e-05
rec_dev_est(2007)     -1.03038 -0.000254116
rec_dev_est(2008)      1.59735  0.000265054
rec_dev_est(2009)    -0.139277 -0.000104759
rec_dev_est(2010)    -0.240571  0.000208526
rec_dev_est(2011)    -0.892829  0.000442811
rec_dev_est(2012)    -0.941104  0.000273978
rec_dev_est(2013)    -0.288785   0.00102558
rec_dev_est(2014)    -0.271161   0.00202467
rec_dev_est(2015)      1.10093 -0.000421118
rec_dev_est(2016)    -0.552562    0.0010907
rec_dev_est(2017)     -1.51711  -5.9846e-05
rec_dev_est(2018)     -0.52171 -1.75663e-05
rec_dev_est(2019)    -0.326425  3.39326e-05
rec_dev_est(2020)      1.30107  0.000546696
rec_dev_est(2021)     0.612507   0.00011499
rec_dev_est(2022)      1.17327  2.69585e-05
rec_dev_est(2023)    -0.757232 -4.42761e-06
rec_dev_est(2024)     -1.47962  7.61952e-06
logit_rec_prop_est(1982)      2.64369 -4.28965e-05
logit_rec_prop_est(1983)      4.66158  0.000803047
logit_rec_prop_est(1984)      3.90417 -0.000722975
logit_rec_prop_est(1985)     -1.06919  -0.00669387
logit_rec_prop_est(1986)     -3.61617  0.000652713
logit_rec_prop_est(1987)      1.43222  0.000465032
logit_rec_prop_est(1988)      3.80142  -1.8014e-05
logit_rec_prop_est(1989)      1.75771   0.00251581
logit_rec_prop_est(1990)      3.83995    0.0011789
logit_rec_prop_est(1991)     0.334097  -0.00399377
logit_rec_prop_est(1992)      -3.2712  0.000829001
logit_rec_prop_est(1993)      -1.0052   0.00350469
logit_rec_prop_est(1994)    -0.441873  0.000935738
logit_rec_prop_est(1995)   -0.0423226   0.00289153
logit_rec_prop_est(1996)     -1.10962   0.00174191
logit_rec_prop_est(1997)     -1.03719  -0.00284807
logit_rec_prop_est(1998)    -0.651783  -0.00260628
logit_rec_prop_est(1999)      2.20232 -0.000503825
logit_rec_prop_est(2000)     -3.59453  0.000835448
logit_rec_prop_est(2001)      2.61566   0.00153474
logit_rec_prop_est(2002)     -1.42288   -0.0040587
logit_rec_prop_est(2003)   -0.0102278   -0.0055768
logit_rec_prop_est(2004)     0.386527 -0.000705182
logit_rec_prop_est(2005)      3.86134  0.000527701
logit_rec_prop_est(2006)      4.32821   0.00113623
logit_rec_prop_est(2007)      3.52629  0.000588229
logit_rec_prop_est(2008)      -1.4958   0.00947162
logit_rec_prop_est(2009)     -1.67579   0.00114704
logit_rec_prop_est(2010)    -0.809417   0.00548652
logit_rec_prop_est(2011)    -0.403212   0.00345765
logit_rec_prop_est(2012)    -0.678889   0.00184097
logit_rec_prop_est(2013)      1.41632   0.00120909
logit_rec_prop_est(2014)      1.43796   0.00368725
logit_rec_prop_est(2015)     -5.73808  0.000798413
logit_rec_prop_est(2016)     -1.13458   0.00393406
logit_rec_prop_est(2017)     -4.32222   0.00104939
logit_rec_prop_est(2018)      -5.3875  0.000936621
logit_rec_prop_est(2019)     -4.25066  0.000437639
logit_rec_prop_est(2020)    -0.135322 -0.000760776
logit_rec_prop_est(2021)    -0.382499  0.000156743
logit_rec_prop_est(2022)    -0.180235  9.28319e-05
logit_rec_prop_est(2023)    0.0373173  0.000940238
logit_rec_prop_est(2024)      1.67962  0.000959908
