ParName   Value   Gradient
theta[3]      13.6951 -0.000194584
theta[11]      9.52942 -5.49009e-05
theta[12]      9.53485 -4.81159e-06
theta[13]       9.5567  2.82375e-05
theta[14]      9.65557 -1.58153e-05
theta[15]      10.1633 -8.96688e-06
theta[16]      10.7783  3.98793e-05
theta[17]      11.2966  3.28723e-05
theta[18]      11.5468  -3.9593e-05
theta[19]      11.6863  4.08631e-06
theta[20]      11.7892 -2.56795e-05
theta[21]      11.8947 -1.27141e-05
theta[22]      11.9653 -9.36985e-05
theta[23]      12.0034  6.13956e-05
theta[24]      11.3348  -6.1824e-05
theta[25]      10.8437  2.96381e-05
theta[26]      10.8708 -5.90452e-05
theta[27]      10.4038 -5.78559e-06
theta[28]      9.60281   0.00010811
theta[29]      8.59383 -1.43497e-06
theta[30]      7.60666 -4.76289e-06
theta[31]       6.8145 -2.75001e-05
theta[32]       6.3742 -4.18234e-05
theta[33]      13.9436  -0.00013605
theta[34]      13.7211  -5.9356e-05
theta[35]      13.2423 -8.07979e-05
theta[36]      13.2753 -0.000132412
theta[37]      12.6281 -0.000100184
theta[38]      12.6432 -0.000143504
theta[39]      12.3034 -9.75014e-05
theta[40]      11.9149 -5.20019e-05
theta[41]      11.7455 -0.000176789
theta[42]      11.1594 -6.32022e-05
theta[43]      10.3412 -3.96637e-06
theta[44]      9.99981 -7.75603e-05
theta[45]      9.90246  1.18992e-05
theta[46]      9.17979  3.54501e-05
theta[47]      8.09089 -1.14635e-05
theta[48]      7.11858  3.07159e-05
theta[49]      6.37209 -1.81893e-05
theta[50]      5.82728  2.37059e-06
theta[51]      5.43124  1.91957e-05
theta[52]      5.14263  7.10007e-06
theta[53]      4.94605 -4.12149e-06
theta[54]        4.846 -3.33216e-05
theta[55]      11.8349  -0.00011467
theta[56]      11.8624 -3.87018e-05
theta[57]      11.9285 -7.85327e-05
theta[58]      12.1822  9.07922e-06
theta[59]      13.4133 -7.03582e-05
theta[60]      13.5457  9.39781e-05
theta[61]      13.0012  0.000110761
theta[62]      12.1444  9.87277e-05
theta[63]      11.0337 -5.27403e-05
theta[64]      9.95223 -8.91772e-06
theta[65]      9.22481  1.63733e-05
theta[66]      8.73084   4.5119e-05
theta[67]      8.38774  2.22625e-05
theta[68]      8.31257  8.55358e-05
theta[69]      8.22709  9.43073e-05
theta[70]      8.06457  8.10059e-05
theta[71]      7.86767  9.07611e-05
theta[72]      7.67949  0.000126957
theta[73]      7.50589  8.22891e-05
theta[74]      7.34744  3.23805e-05
theta[75]      7.24118  2.48007e-05
theta[76]      7.18166   2.5956e-05
theta[77]      -13.865 -0.000100793
theta[78]     -13.9467  2.38138e-05
theta[79]      -14.099  2.11519e-05
theta[80]     -14.2794 -5.76453e-06
theta[81]     -13.7669  0.000129427
theta[82]     -13.5307  -0.00022255
theta[83]     -14.5942  8.60652e-05
theta[84]     -15.5994  -2.5382e-05
theta[85]     -16.4047  1.61098e-05
theta[86]      -17.034  3.01573e-05
theta[87]     -17.4905  1.89756e-05
theta[88]     -17.8354 -1.54527e-05
theta[89]     -18.1084  2.95665e-05
theta[90]     -18.3369  1.08684e-05
theta[91]     -18.5346   1.7785e-05
theta[92]     -18.7089  7.23599e-06
theta[93]     -18.8633 -4.02103e-05
G_pars_est[1]     0.974262 -0.000283231
G_pars_est[2]    -0.241863  6.79139e-05
G_pars_est[4]     -4.54668  0.000673507
G_pars_est[5]    -0.417186  -0.00216715
S_pars_est[5]     -2.97407  2.46353e-05
S_pars_est[6]     -2.51311 -1.85522e-05
S_pars_est[7]     -2.14732  1.74364e-06
S_pars_est[8]     -1.39498  -5.5583e-05
S_pars_est[9]     -1.47617  5.02898e-05
S_pars_est[10]     -1.27486 -8.04733e-06
S_pars_est[11]    -0.997147 -4.34805e-05
S_pars_est[12]    -0.962727  1.28969e-05
S_pars_est[13]     -1.06959  1.34318e-05
S_pars_est[14]     -1.04529 -1.18187e-05
S_pars_est[15]    -0.993306 -2.63465e-05
S_pars_est[16]     -1.01308 -4.61155e-06
S_pars_est[17]     -1.05144  1.86144e-05
S_pars_est[18]    -0.759968  7.51601e-06
S_pars_est[19]    -0.622149 -3.05149e-05
S_pars_est[20]    -0.567578 -1.04887e-05
S_pars_est[21]    -0.498498  1.39813e-05
S_pars_est[22]    -0.401422 -8.05767e-07
S_pars_est[23]    -0.309874  9.45945e-06
S_pars_est[24]     -0.20555 -5.77022e-07
S_pars_est[25]    -0.101277 -2.49233e-05
S_pars_est[26]   -0.0433987 -2.21091e-05
S_pars_est[27]     -3.55389  7.28105e-05
S_pars_est[28]     -2.74121  3.03392e-05
S_pars_est[29]      -2.0671  2.68027e-05
S_pars_est[30]     -1.42128 -2.20399e-05
S_pars_est[31]     -1.17027  5.05852e-05
S_pars_est[32]    -0.991007 -1.48722e-05
S_pars_est[33]    -0.762386 -1.99519e-05
S_pars_est[34]    -0.697597  1.88137e-05
S_pars_est[35]    -0.803099  5.43756e-07
S_pars_est[36]    -0.842624 -3.73344e-05
S_pars_est[37]    -0.819028   2.2155e-05
S_pars_est[38]     -0.76353 -8.58349e-06
S_pars_est[39]    -0.688455  6.63721e-06
S_pars_est[40]    -0.420581 -0.000132131
S_pars_est[41]    -0.212084  2.23534e-05
S_pars_est[42]     -0.11846  3.18287e-05
S_pars_est[43]   -0.0792621 -1.50404e-05
S_pars_est[44]   -0.0579784   1.7432e-05
S_pars_est[45]   -0.0695231 -2.57033e-05
S_pars_est[46]   -0.0580797  2.95307e-05
S_pars_est[47]   -0.0118651 -6.11417e-06
S_pars_est[48]  -2.1844e-08 -3.48379e-06
S_pars_est[51]     -4.51526 -0.000110752
S_pars_est[52]     -4.68794  6.64697e-05
S_pars_est[53]     -3.50499 -4.24678e-05
S_pars_est[54]     -1.53967  1.39719e-05
S_pars_est[55]     -1.03082  3.13291e-05
S_pars_est[56]    -0.485059 -7.14527e-05
S_pars_est[57]    -0.563575 -9.62866e-06
S_pars_est[58]    -0.781233  3.30404e-05
S_pars_est[59]    -0.853215  5.69468e-06
S_pars_est[60]    -0.936111 -1.77847e-06
S_pars_est[61]    -0.918688  2.58533e-05
S_pars_est[62]    -0.870665   2.0567e-05
S_pars_est[63]    -0.834616  7.83826e-06
S_pars_est[64]    -0.787439 -3.35674e-05
S_pars_est[65]    -0.718452 -1.52986e-05
S_pars_est[66]     -0.62917   1.5965e-05
S_pars_est[67]    -0.528417  8.91959e-06
S_pars_est[68]    -0.423076 -1.44365e-05
S_pars_est[69]    -0.313853 -2.75595e-06
S_pars_est[70]    -0.199494 -5.74376e-06
S_pars_est[71]   -0.0830723 -6.50436e-06
S_pars_est[73]     -3.08015 -6.10175e-06
S_pars_est[74]     -2.40473 -4.31392e-05
S_pars_est[75]     -1.97807    0.0001075
S_pars_est[76]    -0.835036  9.42812e-05
S_pars_est[77]    -0.381753 -3.99211e-05
S_pars_est[78]    -0.219662 -7.12867e-06
S_pars_est[79]    -0.531269 -9.29631e-05
S_pars_est[80]     -1.19308 -7.56387e-05
S_pars_est[81]     -1.42185 -1.66846e-05
S_pars_est[82]     -1.81571  4.45018e-05
S_pars_est[83]     -1.80333    3.796e-05
S_pars_est[84]     -1.19072 -7.56898e-06
S_pars_est[85]    -0.847778  5.94086e-06
S_pars_est[86]    -0.779027 -2.64068e-05
S_pars_est[87]    -0.710821 -1.28247e-05
S_pars_est[88]    -0.623439  1.36718e-05
S_pars_est[89]     -0.52424  1.00594e-06
S_pars_est[90]    -0.419963  7.56161e-06
S_pars_est[91]    -0.311327 -1.04425e-05
S_pars_est[92]    -0.197215  6.66594e-06
S_pars_est[93]   -0.0805118  9.67701e-06
log_fbar[1]      1.01028  8.42634e-05
log_fbar[2]     -4.67885   0.00068585
log_fdev[1](1)     -1.77599 -1.05986e-05
log_fdev[1](2)     -1.85575  0.000260997
log_fdev[1](3)     -1.16197  0.000104993
log_fdev[1](4)    -0.794179  0.000101781
log_fdev[1](5)    -0.736317 -0.000160844
log_fdev[1](6)    -0.520657 -0.000287291
log_fdev[1](7)    -0.553288 -0.000254118
log_fdev[1](8)    -0.511998  0.000165236
log_fdev[1](9)     0.696634  8.98424e-05
log_fdev[1](10)    0.0654662 -9.47542e-05
log_fdev[1](11)     0.707975  2.91421e-05
log_fdev[1](12)     0.916322  0.000358688
log_fdev[1](13)     0.340987  9.94638e-05
log_fdev[1](14)     0.460173 -4.36764e-05
log_fdev[1](15)     0.339606  0.000129313
log_fdev[1](16)    0.0626661  7.77233e-05
log_fdev[1](17)      1.10469  1.93829e-05
log_fdev[1](18)    -0.261785  0.000266989
log_fdev[1](19)    -0.306177  -0.00013732
log_fdev[1](20)     0.200443 -0.000395961
log_fdev[1](21)      0.40827 -0.000285709
log_fdev[1](22)    -0.206448 -0.000238997
log_fdev[1](23)    -0.504507 -0.000233377
log_fdev[1](24)    -0.890589 -6.12805e-05
log_fdev[1](25)    -0.175763  0.000148307
log_fdev[1](26)     0.177727 -0.000125658
log_fdev[1](27)   -0.0526421 -0.000166584
log_fdev[1](28)    -0.377239 -2.38759e-05
log_fdev[1](29)    -0.965766  4.45251e-05
log_fdev[1](30)    -0.206644 -3.78583e-05
log_fdev[1](31)     0.276135 -0.000292045
log_fdev[1](32)     0.439982 -0.000323859
log_fdev[1](33)       1.0716  3.38464e-06
log_fdev[1](34)      1.23704  6.20295e-05
log_fdev[1](35)      0.65955 -0.000103072
log_fdev[1](36)     0.824959 -3.24426e-05
log_fdev[1](37)      1.06501  0.000107955
log_fdev[1](38)      1.45579  0.000269582
log_fdev[1](39)       1.5096  0.000122437
log_fdev[1](40)    -0.848202  0.000424014
log_fdev[1](41)     -1.31471 -6.94505e-05
log_fdev[2](1)   -0.0787661  5.94584e-05
log_fdev[2](2)     0.120646  2.07776e-05
log_fdev[2](3)    0.0397572   3.3246e-06
log_fdev[2](4)    -0.120669  2.50559e-05
log_fdev[2](5)     -9.15718 -3.00286e-06
log_fdev[2](6)     -5.19278  1.74238e-05
log_fdev[2](7)     -5.69758  4.44704e-05
log_fdev[2](8)     -1.83751  3.17581e-05
log_fdev[2](9)    -0.499714  3.66049e-05
log_fdev[2](10)      2.01459  -3.7728e-05
log_fdev[2](11)      1.72087 -2.50773e-05
log_fdev[2](12)      1.50136  4.11282e-05
log_fdev[2](13)      1.18531 -0.000125054
log_fdev[2](14)      1.46597 -2.52499e-06
log_fdev[2](15)      1.21204  8.23139e-05
log_fdev[2](16)     0.457178  0.000115286
log_fdev[2](17)     0.925929  6.94011e-05
log_fdev[2](18)     0.430806   5.2866e-05
log_fdev[2](19)     0.653378  1.73007e-05
log_fdev[2](20)     0.551484 -5.17951e-05
log_fdev[2](21)     0.176464  -9.9353e-05
log_fdev[2](22)     0.293184  2.29594e-05
log_fdev[2](23)     0.276896   0.00014924
log_fdev[2](24)      0.11811  7.22198e-05
log_fdev[2](25)     0.813812 -6.54091e-06
log_fdev[2](26)     0.546461  -3.1716e-05
log_fdev[2](27)     -0.02162  3.00841e-06
log_fdev[2](28)     0.596005  5.23595e-06
log_fdev[2](29)    -0.967719 -7.80697e-05
log_fdev[2](30)    -0.535127 -5.56649e-05
log_fdev[2](31)    -0.119536   8.4004e-05
log_fdev[2](32)   0.00928973  0.000116088
log_fdev[2](33)      1.67826 -2.67811e-05
log_fdev[2](34)      2.97073  9.21101e-05
log_fdev[2](35)    -0.684735 -4.55962e-05
log_fdev[2](36)     0.403525  -5.0622e-05
log_fdev[2](37)      1.63568  1.76294e-05
log_fdev[2](38)      1.04636  4.22787e-06
log_fdev[2](39)      1.13486  1.95039e-05
log_fdev[2](40)     0.635524  9.62568e-05
log_fdev[2](41)    -0.177946  0.000107099
log_fdev[2](42)     0.384278 -1.58117e-05
log_fdev[2](43)     0.092127  1.12315e-05
log_foff[1]     -7.48742  7.00537e-05
log_fdov[1](1)       1.6909  0.000112769
log_fdov[1](2)      1.68884  0.000104785
log_fdov[1](3)      1.25986  0.000216468
log_fdov[1](4)      1.15008  0.000137781
log_fdov[1](5)      2.01539 -3.39481e-05
log_fdov[1](6)      1.89183 -7.43807e-05
log_fdov[1](7)      1.26599   -0.0001807
log_fdov[1](8)     0.944517  2.54664e-05
log_fdov[1](9)      3.02923  3.05119e-05
log_fdov[1](10)      1.69149 -0.000137868
log_fdov[1](11)       1.5439  9.70382e-05
log_fdov[1](12)     0.584273  0.000313737
log_fdov[1](13)     0.881709  0.000154138
log_fdov[1](14)    -0.474988  0.000142359
log_fdov[1](15)      1.21958  1.25499e-05
log_fdov[1](16)      1.50353 -5.40964e-06
log_fdov[1](17)     -2.01014 -0.000133651
log_fdov[1](18)     -0.43843 -0.000125953
log_fdov[1](19)     -2.40064 -0.000128862
log_fdov[1](20)    0.0721963 -1.10785e-05
log_fdov[1](21)     -2.20276  2.50311e-05
log_fdov[1](22)     -2.22496 -0.000343338
log_fdov[1](23)     -1.13341 -0.000205084
log_fdov[1](24)    -0.239155 -0.000142865
log_fdov[1](25)     -2.50957  5.13324e-05
log_fdov[1](26)    -0.176955 -9.28545e-06
log_fdov[1](27)     0.152067  -7.8827e-05
log_fdov[1](28)     0.367863 -0.000215894
log_fdov[1](29)     0.985243 -0.000242005
log_fdov[1](30)      2.91526 -7.26822e-05
log_fdov[1](31)     0.765418 -0.000125743
log_fdov[1](32)      1.28222 -9.93182e-05
log_fdov[1](33)       1.6875  -1.2505e-05
log_fdov[1](34)     0.659419 -1.29298e-05
log_fdov[1](35)    0.0821649 -9.46657e-05
log_fdov[1](36)    -0.191319 -8.37436e-05
log_fdov[1](37)    -0.740584  0.000192021
log_fdov[1](38)     -1.27927  0.000325295
log_fdov[1](39)     -4.67993  0.000236265
log_fdov[1](40)     -5.14638  0.000174106
log_fdov[1](41)     -5.48198  8.76822e-05
rec_dev_est(1982)     0.253382  0.000323053
rec_dev_est(1983)     0.484943  0.000338884
rec_dev_est(1984)     0.986188  4.89995e-06
rec_dev_est(1985)      1.81918  0.000365108
rec_dev_est(1986)     0.796814 -7.79176e-06
rec_dev_est(1987)     0.600315 -0.000205278
rec_dev_est(1988)     0.124082 -0.000727627
rec_dev_est(1989)   -0.0172476 -0.000149796
rec_dev_est(1990)     0.190475  0.000330547
rec_dev_est(1991)      1.19116   0.00190984
rec_dev_est(1992)    -0.109096 -0.000251411
rec_dev_est(1993)   -0.0237339 -7.56641e-05
rec_dev_est(1994)     -0.43657 -0.000325072
rec_dev_est(1995)    -0.916003  -0.00151921
rec_dev_est(1996)    -0.818668 -0.000203341
rec_dev_est(1997)     -1.06093 -0.000163648
rec_dev_est(1998)    -0.527332  -2.2896e-05
rec_dev_est(1999)    -0.756329   0.00091118
rec_dev_est(2000)     -1.71056 -0.000135715
rec_dev_est(2001)    -0.430927 -0.000203633
rec_dev_est(2002)      1.24901 -0.000954046
rec_dev_est(2003)    -0.179448  0.000148779
rec_dev_est(2004)    -0.136293 -1.60823e-05
rec_dev_est(2005)   -0.0869325 -0.000768735
rec_dev_est(2006)     -1.34877  8.58641e-05
rec_dev_est(2007)    -0.860913 -0.000322404
rec_dev_est(2008)      1.28585 -0.000385055
rec_dev_est(2009)    -0.740131 -8.35627e-05
rec_dev_est(2010)    -0.290273 -0.000259078
rec_dev_est(2011)    -0.613591  4.51315e-05
rec_dev_est(2012)    -0.421102 -6.21074e-05
rec_dev_est(2013)    -0.322839  0.000308246
rec_dev_est(2014)     0.301841  0.000768187
rec_dev_est(2015)    -0.110427  0.000958717
rec_dev_est(2016)     0.081916  0.000122567
rec_dev_est(2017)     -1.21946 -1.96826e-05
rec_dev_est(2018)     -1.43468  -5.8119e-05
rec_dev_est(2019)     -1.08007 -7.84637e-05
rec_dev_est(2020)     0.905168 -5.20821e-05
rec_dev_est(2021)     0.585297  8.06501e-05
rec_dev_est(2022)      1.57098  7.53166e-05
rec_dev_est(2023)    0.0482818   6.4169e-06
rec_dev_est(2024)     -0.41166  -3.2523e-05
logit_rec_prop_est(1982)      2.58383 -0.000314604
logit_rec_prop_est(1983)      1.59483 -2.86974e-05
logit_rec_prop_est(1984)   -0.0982844   0.00105917
logit_rec_prop_est(1985)    -0.217722   0.00152224
logit_rec_prop_est(1986)     -3.14482  1.80991e-05
logit_rec_prop_est(1987)    -0.295728 -0.000973878
logit_rec_prop_est(1988)      2.61733 -0.000270693
logit_rec_prop_est(1989)     -1.18423 -0.000716191
logit_rec_prop_est(1990)     0.821199 -0.000263678
logit_rec_prop_est(1991)      1.34178   0.00700244
logit_rec_prop_est(1992)     -1.15674  -0.00110215
logit_rec_prop_est(1993)     -1.83228   5.7597e-05
logit_rec_prop_est(1994)    -0.811191  -0.00158256
logit_rec_prop_est(1995)    -0.434351  -0.00451895
logit_rec_prop_est(1996)     0.156139 -0.000832228
logit_rec_prop_est(1997)    -0.586203   0.00122149
logit_rec_prop_est(1998)    -0.484322   0.00105682
logit_rec_prop_est(1999)      1.01447   0.00215932
logit_rec_prop_est(2000)      2.04281  0.000214689
logit_rec_prop_est(2001)      2.52982 -0.000690905
logit_rec_prop_est(2002)     -1.37768  -0.00139127
logit_rec_prop_est(2003)      1.39169  0.000540473
logit_rec_prop_est(2004)     0.437583  0.000475378
logit_rec_prop_est(2005)      3.64607  0.000337441
logit_rec_prop_est(2006)      3.79104  -0.00142486
logit_rec_prop_est(2007)      2.20443  0.000663958
logit_rec_prop_est(2008)     -1.32799  -0.00494568
logit_rec_prop_est(2009)     -0.51052 -0.000956133
logit_rec_prop_est(2010)    -0.985462  -0.00157307
logit_rec_prop_est(2011)    -0.753338  0.000439764
logit_rec_prop_est(2012)     -1.50644 -0.000241848
logit_rec_prop_est(2013)      1.06157   0.00125743
logit_rec_prop_est(2014)    -0.428428    0.0022089
logit_rec_prop_est(2015)     -4.61844   0.00130527
logit_rec_prop_est(2016)     -2.00169  0.000580428
logit_rec_prop_est(2017)     -3.47242  2.54435e-06
logit_rec_prop_est(2018)     -3.46875 -0.000363905
logit_rec_prop_est(2019)     -1.47534 -0.000120489
logit_rec_prop_est(2020)   -0.0468451 -0.000469262
logit_rec_prop_est(2021)    0.0969067 -5.47808e-05
logit_rec_prop_est(2022)    0.0772977   0.00057708
logit_rec_prop_est(2023)      2.27495  0.000119641
logit_rec_prop_est(2024)      2.53548  -6.2798e-05
