ParName   Value   Gradient
theta[3]      14.1876   0.00238364
theta[11]      9.45153  6.52377e-06
theta[12]      9.45913 -7.95967e-06
theta[13]      9.49581  7.02282e-06
theta[14]      9.61506  9.24133e-06
theta[15]      10.1051 -6.85814e-06
theta[16]      10.6991  6.79179e-07
theta[17]       11.181  6.46422e-06
theta[18]      11.4033 -3.28389e-06
theta[19]      11.5063  3.41614e-05
theta[20]      11.5497  1.06556e-05
theta[21]      11.5187  3.39683e-05
theta[22]      11.2736  4.02615e-05
theta[23]      10.9547  7.02922e-05
theta[24]      10.6795  0.000141862
theta[25]      10.7976  0.000270736
theta[26]      11.8518 -0.000184388
theta[27]      11.3655 -5.17933e-05
theta[28]      10.4038  7.57873e-05
theta[29]      9.35387 -1.63832e-05
theta[30]      8.35462 -1.52498e-05
theta[31]      7.53588  1.32888e-06
theta[32]      7.14329 -9.96531e-07
theta[33]      12.8379  0.000296618
theta[34]      13.3852  0.000112777
theta[35]      13.3586  8.73101e-05
theta[36]      13.4661   0.00011593
theta[37]      12.9443  8.56962e-05
theta[38]      13.0429  3.15443e-05
theta[39]      12.7662  9.06503e-05
theta[40]      12.5289  6.62228e-05
theta[41]      12.4876  0.000130789
theta[42]      11.9621  9.43158e-05
theta[43]       11.292  6.64732e-05
theta[44]       11.183  3.71785e-05
theta[45]      11.3561  5.67159e-05
theta[46]      10.4662  3.48155e-05
theta[47]       9.0894  2.61517e-05
theta[48]      8.03003 -5.35015e-06
theta[49]      7.26601  1.23371e-06
theta[50]      6.73283  3.28307e-06
theta[51]      6.34485  1.22997e-05
theta[52]      6.05663  2.98121e-06
theta[53]      5.85571 -4.06383e-06
theta[54]      5.75106  2.62775e-05
theta[55]       12.109  2.69504e-06
theta[56]       12.132 -8.70556e-06
theta[57]      12.1835  2.04316e-05
theta[58]      12.3335 -1.82345e-05
theta[59]      13.5113   2.3853e-05
theta[60]      13.5862 -4.66782e-05
theta[61]      12.9953 -0.000241348
theta[62]      12.1515 -0.000814689
theta[63]      11.0188  -0.00104358
theta[64]      9.96317 -0.000618939
theta[65]      9.23924 -0.000329074
theta[66]      8.81339 -0.000231896
theta[67]      8.59627 -0.000177969
theta[68]      8.53289 -0.000150015
theta[69]      8.43365  -0.00014523
theta[70]      8.24976 -9.86518e-05
theta[71]       8.0149 -8.79869e-05
theta[72]         7.78 -6.85812e-05
theta[73]      7.55169 -5.07646e-05
theta[74]       7.3338 -2.16674e-05
theta[75]      7.18232 -3.66197e-05
theta[76]       7.0943 -2.50796e-05
theta[77]     -13.8182  1.14908e-05
theta[78]     -13.8767 -6.12681e-06
theta[79]     -13.9864 -2.20028e-07
theta[80]     -14.1512 -9.58399e-06
theta[81]     -13.6618 -1.55327e-05
theta[82]     -13.4776 -1.89897e-05
theta[83]     -14.5884 -1.30056e-05
theta[84]     -15.6054 -1.34089e-05
theta[85]     -16.4139  6.68818e-06
theta[86]     -17.0428  1.33863e-05
theta[87]     -17.4975  2.22286e-05
theta[88]     -17.8403  2.46329e-05
theta[89]     -18.1116   1.3217e-05
theta[90]     -18.3389 -4.44974e-05
theta[91]     -18.5358 -5.70717e-06
theta[92]     -18.7095  4.33717e-05
theta[93]     -18.8635 -3.11438e-05
G_pars_est[1]      1.00304  0.000299001
G_pars_est[2]    -0.240543 -0.000829174
G_pars_est[4]     -4.78682 -2.86488e-05
G_pars_est[5]    -0.425497 -3.43336e-05
M_pars_est[1]     0.285419  0.000106624
M_pars_est[2]      1.60849  5.38873e-06
M_pars_est[3]     0.244898  1.00411e-05
M_pars_est[5]   -0.0763806  0.000132313
M_pars_est[7]      2.40441  0.000373601
M_pars_est[9]     0.265127 -4.92317e-05
M_pars_est[10]     0.071291  -5.1168e-05
M_pars_est[11]      1.07551  0.000236635
M_pars_est[13]     0.771412 -0.000113313
M_pars_est[14]      1.96462  0.000124426
M_pars_est[15]      9.99351 -5.87403e-06
S_pars_est[1]      4.66504   0.00262871
S_pars_est[2]      1.67079  -0.00087211
S_pars_est[3]      4.77601 -0.000178689
S_pars_est[4]      2.40383 -0.000156793
S_pars_est[5]     -3.20277  2.50003e-05
S_pars_est[6]     -2.52008 -9.42972e-07
S_pars_est[7]     -2.15128 -1.67896e-05
S_pars_est[8]     -1.38209  2.01977e-06
S_pars_est[9]     -1.44629  4.37398e-06
S_pars_est[10]     -1.25842  2.86945e-05
S_pars_est[11]    -0.988425  7.18251e-06
S_pars_est[12]    -0.981053  1.45961e-06
S_pars_est[13]     -1.10682 -1.28445e-05
S_pars_est[14]     -1.08348  1.68784e-06
S_pars_est[15]      -1.0245  7.58797e-06
S_pars_est[16]    -0.990276  1.19583e-05
S_pars_est[17]    -0.972985  -4.3348e-06
S_pars_est[18]    -0.866083  9.32912e-07
S_pars_est[19]    -0.852015 -8.85496e-06
S_pars_est[20]    -0.973161  6.88327e-06
S_pars_est[21]    -0.836491  2.35084e-05
S_pars_est[22]    -0.738418  9.66742e-06
S_pars_est[23]    -0.512521 -1.14235e-05
S_pars_est[24]    -0.332125  -7.3597e-06
S_pars_est[25]    -0.240169 -5.76146e-06
S_pars_est[26]    -0.321287 -1.15687e-05
S_pars_est[27]     -4.29422 -1.29596e-05
S_pars_est[28]     -3.21342  2.43705e-05
S_pars_est[29]     -2.54695  2.23825e-05
S_pars_est[30]     -1.86206  3.36047e-06
S_pars_est[31]      -1.6099 -1.43198e-05
S_pars_est[32]      -1.3884 -2.40224e-05
S_pars_est[33]     -1.17118  4.69927e-05
S_pars_est[34]     -1.09432   1.4525e-06
S_pars_est[35]      -1.1683 -2.23758e-06
S_pars_est[36]     -1.18801 -6.21681e-06
S_pars_est[37]     -1.16847 -1.45574e-05
S_pars_est[38]     -1.12237  1.89264e-05
S_pars_est[39]     -1.09498 -3.49833e-06
S_pars_est[40]    -0.958521 -8.50516e-06
S_pars_est[41]    -0.757937 -2.05145e-05
S_pars_est[42]    -0.446092  1.28795e-05
S_pars_est[43]    -0.311141  3.48052e-06
S_pars_est[44]    -0.203322  1.64724e-06
S_pars_est[45]    -0.163608 -1.46637e-06
S_pars_est[46]     -0.13526  5.43377e-06
S_pars_est[47]    -0.126388 -8.34849e-06
S_pars_est[48]    -0.162887 -4.09855e-06
S_pars_est[49]       4.2109   0.00166263
S_pars_est[50]     0.996938 -0.000310593
S_pars_est[51]     -4.99687 -1.50717e-05
S_pars_est[52]     -5.14233  5.52113e-06
S_pars_est[53]     -3.94151  3.67021e-05
S_pars_est[54]     -1.68513  7.93123e-06
S_pars_est[55]      -1.1417 -2.35935e-05
S_pars_est[56]    -0.540138  3.50768e-07
S_pars_est[57]    -0.559212 -1.49619e-06
S_pars_est[58]    -0.769416 -2.93802e-05
S_pars_est[59]    -0.840865   8.4842e-06
S_pars_est[60]    -0.928187   3.2411e-06
S_pars_est[61]    -0.913424 -3.87272e-06
S_pars_est[62]    -0.871945 -1.36916e-05
S_pars_est[63]    -0.838107  1.72855e-05
S_pars_est[64]    -0.790839 -5.18834e-06
S_pars_est[65]    -0.721273 -1.99584e-05
S_pars_est[66]    -0.631125 -1.77068e-05
S_pars_est[67]    -0.529592 -2.64215e-06
S_pars_est[68]    -0.423742  2.07747e-05
S_pars_est[69]    -0.314194  6.79888e-06
S_pars_est[70]    -0.199652  -5.0575e-06
S_pars_est[71]   -0.0831532  5.84122e-06
S_pars_est[73]     -3.86346  5.33828e-05
S_pars_est[74]     -3.28923  7.09805e-05
S_pars_est[75]     -2.73398  5.65895e-05
S_pars_est[76]    -0.935041 -6.19419e-05
S_pars_est[77]    -0.452378 -3.77684e-05
S_pars_est[78]     -0.22155  1.63033e-06
S_pars_est[79]    -0.373549  3.21571e-05
S_pars_est[80]    -0.966474  7.19445e-06
S_pars_est[81]     -1.12269   2.2572e-05
S_pars_est[82]     -1.37611  -1.0376e-05
S_pars_est[83]     -1.36904  1.22163e-05
S_pars_est[84]    -0.996629  2.30218e-06
S_pars_est[85]    -0.830973  5.97342e-07
S_pars_est[86]    -0.778045  6.30841e-06
S_pars_est[87]    -0.710709 -1.19341e-05
S_pars_est[88]     -0.62338 -1.79284e-05
S_pars_est[89]    -0.524197   9.6342e-06
S_pars_est[90]    -0.419931   1.0593e-05
S_pars_est[91]    -0.311307 -1.09399e-05
S_pars_est[92]    -0.197202 -1.32846e-06
S_pars_est[93]   -0.0805025 -2.06693e-06
S_pars_est[95]      4.59562   -0.0063225
S_pars_est[96]     0.277667 -2.10012e-05
log_fbar[1]    -0.227564 -0.000675848
log_fbar[2]     -5.24227  4.64316e-05
log_fdev[1](1)      -1.4157 -0.000222659
log_fdev[1](2)     -1.78519 -0.000453958
log_fdev[1](3)     -1.14169 -0.000411749
log_fdev[1](4)    -0.777999 -0.000341114
log_fdev[1](5)     -0.64172  -0.00014239
log_fdev[1](6)    -0.274856 -0.000268297
log_fdev[1](7)    -0.204809  0.000171867
log_fdev[1](8)    -0.153985  0.000431868
log_fdev[1](9)     0.877614  0.000254903
log_fdev[1](10)     0.392324  0.000194724
log_fdev[1](11)     0.709108  0.000148076
log_fdev[1](12)     0.828973 -0.000145285
log_fdev[1](13)     0.486131 -8.37546e-05
log_fdev[1](14)     0.509121  0.000545373
log_fdev[1](15)     0.547134  0.000221272
log_fdev[1](16)     0.465643  5.15029e-05
log_fdev[1](17)      1.04022 -0.000192715
log_fdev[1](18)    -0.399902 -3.95201e-05
log_fdev[1](19)    -0.424418  0.000135872
log_fdev[1](20)     0.165459 -1.05571e-05
log_fdev[1](21)      0.25272  0.000121137
log_fdev[1](22)    -0.388509  8.18638e-05
log_fdev[1](23)    -0.588595  0.000369163
log_fdev[1](24)    -0.774454  0.000518332
log_fdev[1](25)    -0.178869  0.000404013
log_fdev[1](26)     0.168059 -0.000228438
log_fdev[1](27)   -0.0954598 -0.000250803
log_fdev[1](28)    -0.417926 -0.000315633
log_fdev[1](29)    -0.738469 -0.000287728
log_fdev[1](30)    -0.029865 -0.000252087
log_fdev[1](31)     0.403021 -5.06148e-05
log_fdev[1](32)     0.622381  -6.7224e-05
log_fdev[1](33)      1.05034 -3.29261e-05
log_fdev[1](34)     0.996415  4.08386e-05
log_fdev[1](35)      0.48658  -0.00023461
log_fdev[1](36)     0.216594  7.77531e-05
log_fdev[1](37)       1.1192 -0.000469956
log_fdev[1](38)       0.3416  9.80511e-05
log_fdev[1](39)     0.858585   0.00017718
log_fdev[1](40)     -1.08449 -0.000203473
log_fdev[1](41)     -1.02032 -0.000319692
log_fdev[2](1)     0.196093  3.51552e-06
log_fdev[2](2)    0.0987683 -5.54543e-06
log_fdev[2](3)   -0.0798714  7.99257e-06
log_fdev[2](4)    -0.258499 -9.65964e-06
log_fdev[2](5)     -9.21105  5.54261e-06
log_fdev[2](6)     -5.07422   5.7918e-06
log_fdev[2](7)     -5.47542  1.96986e-05
log_fdev[2](8)      -1.5944  1.49397e-05
log_fdev[2](9)    -0.292636  3.02485e-05
log_fdev[2](10)      2.16958 -1.62959e-05
log_fdev[2](11)      1.67635  -5.7608e-05
log_fdev[2](12)      1.53097 -1.42593e-05
log_fdev[2](13)      1.34349  2.31064e-05
log_fdev[2](14)       1.6215  4.06699e-05
log_fdev[2](15)      1.44298  2.32596e-05
log_fdev[2](16)     0.720907  4.33606e-06
log_fdev[2](17)     0.823234  1.49512e-05
log_fdev[2](18)     0.295793  4.11349e-05
log_fdev[2](19)     0.540251  5.12938e-05
log_fdev[2](20)     0.533392  5.72131e-05
log_fdev[2](21)     0.107205  3.93059e-05
log_fdev[2](22)     0.119908  7.45496e-05
log_fdev[2](23)    0.0947026  7.32761e-05
log_fdev[2](24)    0.0435183   4.7009e-05
log_fdev[2](25)      0.77484  3.30052e-05
log_fdev[2](26)     0.495954 -1.99039e-05
log_fdev[2](27)    -0.143894 -0.000118482
log_fdev[2](28)     0.483431 -8.95963e-05
log_fdev[2](29)     -0.95069 -5.18603e-05
log_fdev[2](30)    -0.533316 -1.02039e-05
log_fdev[2](31)   0.00822721  6.58298e-06
log_fdev[2](32)     0.243255  -2.7767e-05
log_fdev[2](33)       1.7926  6.73142e-06
log_fdev[2](34)      3.00158  9.00983e-06
log_fdev[2](35)    -0.707368  9.41017e-06
log_fdev[2](36)    0.0734428  6.92334e-06
log_fdev[2](37)       1.6299 -4.22116e-05
log_fdev[2](38)     0.443107 -3.14896e-05
log_fdev[2](39)     0.817376  4.53537e-06
log_fdev[2](40)     0.459645  1.20984e-05
log_fdev[2](41)    -0.194384    1.978e-05
log_fdev[2](42)     0.514396 -3.04607e-06
log_fdev[2](43)     0.419353 -2.71471e-05
log_foff[1]     -6.88427 -0.000579624
log_fdov[1](1)      1.44993 -0.000444011
log_fdov[1](2)      1.72926 -0.000465239
log_fdov[1](3)      1.34184 -0.000468767
log_fdov[1](4)      1.20918 -0.000416306
log_fdov[1](5)      1.92614 -0.000247493
log_fdov[1](6)      1.45098 -0.000116231
log_fdov[1](7)     0.592474  8.44455e-05
log_fdov[1](8)     0.352523   9.8121e-05
log_fdov[1](9)      2.72328  8.90693e-05
log_fdov[1](10)      1.32508  0.000212018
log_fdov[1](11)      1.50566  0.000205943
log_fdov[1](12)     0.645639  0.000180903
log_fdov[1](13)     0.702364  0.000130775
log_fdov[1](14)    -0.566043  3.75919e-05
log_fdov[1](15)     0.954234  1.15596e-05
log_fdov[1](16)      1.02893  8.17062e-05
log_fdov[1](17)     -2.04842  6.59023e-05
log_fdov[1](18)    -0.398357  4.28217e-05
log_fdov[1](19)     -2.31883  5.24853e-05
log_fdov[1](20)     0.134301  5.19994e-05
log_fdov[1](21)     -1.99553  9.01015e-06
log_fdov[1](22)     -2.02991  -9.2307e-05
log_fdov[1](23)     -1.12069  8.36669e-05
log_fdov[1](24)    -0.828069  5.47076e-05
log_fdov[1](25)     -2.81644  5.05772e-05
log_fdov[1](26)    -0.406491  -8.2738e-05
log_fdov[1](27)   -0.0593915 -1.09225e-05
log_fdov[1](28)     0.101749  2.49548e-05
log_fdov[1](29)     0.323221 -4.08731e-05
log_fdov[1](30)      2.36798 -3.34539e-05
log_fdov[1](31)     0.618426 -1.74605e-05
log_fdov[1](32)      1.18471  1.95966e-05
log_fdov[1](33)      1.83346  5.83158e-05
log_fdov[1](34)     0.996849 -5.06081e-06
log_fdov[1](35)     0.350624 -7.25437e-06
log_fdov[1](36)     0.423399  6.96481e-05
log_fdov[1](37)     -1.05286  7.09687e-05
log_fdov[1](38)     0.244363 -0.000163409
log_fdov[1](39)     -3.12554 -0.000102673
log_fdov[1](40)     -3.84587 -0.000126749
log_fdov[1](41)     -4.90416 -5.41228e-05
rec_dev_est(1982)     0.236314  0.000284356
rec_dev_est(1983)    0.0937485   0.00018393
rec_dev_est(1984)      0.94553  0.000127782
rec_dev_est(1985)      1.66318 -0.000309384
rec_dev_est(1986)     0.859937  0.000147987
rec_dev_est(1987)     0.206529   0.00034017
rec_dev_est(1988)    -0.558491  0.000277701
rec_dev_est(1989)    -0.178105  0.000593758
rec_dev_est(1990)     0.422223   0.00107821
rec_dev_est(1991)     0.673584   0.00100609
rec_dev_est(1992)    -0.337855  0.000146615
rec_dev_est(1993)    0.0756212   0.00048011
rec_dev_est(1994)    -0.354512    0.0002497
rec_dev_est(1995)    -0.735026  0.000173582
rec_dev_est(1996)     -1.50061  0.000598223
rec_dev_est(1997)      -1.4359  0.000646472
rec_dev_est(1998)    -0.770813  0.000769747
rec_dev_est(1999)    -0.805423  0.000432465
rec_dev_est(2000)     -1.73269  -7.5841e-05
rec_dev_est(2001)     -0.29944 -0.000882953
rec_dev_est(2002)      1.38584 -0.000766563
rec_dev_est(2003)    -0.220898 -0.000645484
rec_dev_est(2004)    0.0227655 -0.000773773
rec_dev_est(2005)    -0.674082 -0.000153412
rec_dev_est(2006)     -1.56171 -7.32487e-05
rec_dev_est(2007)    -0.227417 -0.000262675
rec_dev_est(2008)     0.789333 -0.000632151
rec_dev_est(2009)    -0.839437 -0.000107316
rec_dev_est(2010)    -0.744673 -0.000114896
rec_dev_est(2011)    -0.875782 -0.000102834
rec_dev_est(2012) -0.000231953 -0.000170609
rec_dev_est(2013)     -0.55409 -0.000677241
rec_dev_est(2014)      1.34934 -1.06595e-05
rec_dev_est(2015)      1.42113 -0.000231165
rec_dev_est(2016)      1.56898 -7.79608e-05
rec_dev_est(2017)    -0.486474  4.69414e-05
rec_dev_est(2018)    -0.363786  4.02904e-05
rec_dev_est(2019)      -1.0532 -3.32373e-05
rec_dev_est(2020)   -0.0289266  4.64676e-05
rec_dev_est(2021)     0.164938   1.2914e-05
rec_dev_est(2022)      1.10743  7.70048e-06
rec_dev_est(2023)     0.256366 -4.54776e-06
rec_dev_est(2024)    -0.491331  4.94556e-06
logit_rec_prop_est(1982)      2.58172   0.00115227
logit_rec_prop_est(1983)      1.06118  0.000833937
logit_rec_prop_est(1984)    -0.256512  -0.00100665
logit_rec_prop_est(1985)     -1.02879  -0.00564052
logit_rec_prop_est(1986)     -3.49878   5.7589e-05
logit_rec_prop_est(1987)   -0.0760054  -0.00163156
logit_rec_prop_est(1988)      1.33823  0.000732689
logit_rec_prop_est(1989)     -1.21388   0.00253146
logit_rec_prop_est(1990)      1.24892   0.00197627
logit_rec_prop_est(1991)     0.689615   0.00143036
logit_rec_prop_est(1992)     -2.29068  0.000586767
logit_rec_prop_est(1993)     -1.36357   0.00212096
logit_rec_prop_est(1994)     -2.04006   0.00164862
logit_rec_prop_est(1995)     -1.82488   0.00123004
logit_rec_prop_est(1996)      1.65371  0.000293118
logit_rec_prop_est(1997)      1.13077  0.000973372
logit_rec_prop_est(1998)     0.129226     0.001242
logit_rec_prop_est(1999)   0.00179383 -0.000109817
logit_rec_prop_est(2000)      -0.4633  0.000196765
logit_rec_prop_est(2001)      1.45195  0.000411839
logit_rec_prop_est(2002)     -1.91391  -0.00651327
logit_rec_prop_est(2003)     0.948657 -0.000761613
logit_rec_prop_est(2004)     0.630301  -0.00102961
logit_rec_prop_est(2005)    -0.576722  -0.00038646
logit_rec_prop_est(2006)      1.02052  0.000184652
logit_rec_prop_est(2007)    -0.762818  -0.00128291
logit_rec_prop_est(2008)     -1.04007   -0.0031566
logit_rec_prop_est(2009)     -1.40188 -0.000340142
logit_rec_prop_est(2010)    -0.807872 -0.000749288
logit_rec_prop_est(2011)    -0.666633 -0.000373049
logit_rec_prop_est(2012)    -0.335296 -0.000698143
logit_rec_prop_est(2013)       1.3975 -0.000200068
logit_rec_prop_est(2014)      1.14158  0.000334578
logit_rec_prop_est(2015)   -0.0688002    0.0014314
logit_rec_prop_est(2016)     -2.46236   0.00026318
logit_rec_prop_est(2017)     -1.17005   0.00010243
logit_rec_prop_est(2018)      5.88841   0.00046101
logit_rec_prop_est(2019)      -2.4232  5.63573e-05
logit_rec_prop_est(2020)     0.622075  0.000607061
logit_rec_prop_est(2021)      0.66637  0.000371938
logit_rec_prop_est(2022)     0.476966  0.000373371
logit_rec_prop_est(2023)    0.0311464  0.000181485
logit_rec_prop_est(2024)      3.57541  0.000330227
