ParName   Value   Gradient
theta[3]      13.4473   0.00457833
theta[11]       8.5806 -8.38157e-05
theta[12]      8.58012 -0.000150397
theta[13]      8.62789 -7.01645e-05
theta[14]      8.87179  0.000141964
theta[15]      9.44303 -0.000141853
theta[16]      10.2436   3.0609e-05
theta[17]      11.0269  0.000483324
theta[18]      11.4096 -0.000976985
theta[19]      11.4836  0.000478036
theta[20]      11.7936 -0.000134331
theta[21]      11.6969  6.79251e-05
theta[22]      11.5364 -0.000203218
theta[23]      11.2924  9.62964e-06
theta[24]      10.9935  6.02415e-05
theta[25]       10.867   0.00186354
theta[26]      11.4586  0.000233906
theta[27]      10.7541  0.000506021
theta[28]      9.89781  0.000574651
theta[29]       8.8968  0.000550696
theta[30]      7.89408 -0.000425672
theta[31]      7.06474  0.000126694
theta[32]      6.64631  0.000387911
theta[33]      15.3474 -0.000289513
theta[34]      13.6983  0.000210553
theta[35]      13.1512 -0.000663487
theta[36]      13.3141  -0.00137763
theta[37]      12.8564 -0.000857516
theta[38]      12.9449 -0.000626103
theta[39]       12.721  9.34299e-05
theta[40]      12.3704 -0.000496249
theta[41]      12.1665  -0.00102354
theta[42]        11.62 -0.000549928
theta[43]      11.0184  1.63751e-05
theta[44]      10.7747  6.07006e-05
theta[45]       10.693  0.000446266
theta[46]      9.85276 -0.000107622
theta[47]      8.58591 -0.000226282
theta[48]      7.58544  0.000308369
theta[49]       6.8383  0.000536975
theta[50]      6.28993 -3.87298e-05
theta[51]      5.88626  0.000285744
theta[52]      5.58566 -0.000273433
theta[53]      5.37503  8.54241e-05
theta[54]      5.26577 -8.96545e-05
theta[55]       10.203 -8.36635e-05
theta[56]      10.2643  0.000108084
theta[57]      10.5985  0.000466836
theta[58]      11.8491 -0.000380861
theta[59]      13.7583 -0.000530805
theta[60]      14.4169  0.000192058
theta[61]      13.4686  9.64178e-07
theta[62]      12.2728 -7.99281e-05
theta[63]      11.1087  4.28464e-05
theta[64]      9.98081 -6.25046e-05
theta[65]      9.26609  8.54041e-06
theta[66]      8.83716  3.17382e-05
theta[67]      8.60131 -6.33511e-05
theta[68]      8.48118 -0.000310823
theta[69]      8.33878 -0.000257841
theta[70]      8.16015 -4.70116e-05
theta[71]      7.96644     0.000439
theta[72]      7.77061  -0.00120913
theta[73]      7.57792  7.06283e-05
theta[74]      7.40848  0.000264812
theta[75]       7.2925  0.000292989
theta[76]      7.22771  0.000404293
theta[77]     -15.1046 -0.000762287
theta[78]     -15.2063  2.41087e-05
theta[79]     -15.3664 -9.85192e-05
theta[80]     -14.9418  0.000596766
theta[81]     -13.8696 -2.27333e-05
theta[82]     -13.1548  0.000469574
theta[83]     -14.4531  0.000286974
theta[84]     -15.5684 -0.000816557
theta[85]     -16.3743  0.000337528
theta[86]     -17.0281   0.00053593
theta[87]     -17.4708 -0.000148205
theta[88]     -17.8046 -0.000240403
theta[89]     -18.0661  4.84961e-05
theta[90]     -18.3113 -0.000344411
theta[91]     -18.5196  0.000145569
theta[92]     -18.6995 -0.000182352
theta[93]     -18.8555  0.000241924
log_fbar[1]     0.386854   0.00495519
log_fbar[2]      -5.3593 -0.000253409
log_fdev[1](1)     -1.34646   0.00203851
log_fdev[1](2)     -1.64219   0.00122007
log_fdev[1](3)     -1.05908   0.00110206
log_fdev[1](4)    -0.748223   0.00145366
log_fdev[1](5)    -0.639926  0.000147233
log_fdev[1](6)     -0.47868 -0.000439815
log_fdev[1](7)    -0.449315 -0.000623838
log_fdev[1](8)    -0.187693  -0.00052456
log_fdev[1](9)     0.869146  -0.00015711
log_fdev[1](10)     0.205816 -0.000523679
log_fdev[1](11)     0.597807 -0.000506506
log_fdev[1](12)     0.617576 -0.000293115
log_fdev[1](13)     0.439834 -0.000118281
log_fdev[1](14)     0.278176 -0.000555604
log_fdev[1](15)     0.185382 -0.000246357
log_fdev[1](16)      0.30721  5.52993e-05
log_fdev[1](17)      1.06086  4.89942e-05
log_fdev[1](18)    -0.580309 -0.000312189
log_fdev[1](19)    -0.583685 -0.000544068
log_fdev[1](20)     0.193502 -0.000335377
log_fdev[1](21)     0.376779 -5.32774e-05
log_fdev[1](22)    -0.301717   0.00071258
log_fdev[1](23)    -0.648102   0.00138021
log_fdev[1](24)     -1.11903   0.00070502
log_fdev[1](25)    -0.380464  0.000627955
log_fdev[1](26)     0.557047 -0.000219577
log_fdev[1](27)     0.253395  8.76233e-05
log_fdev[1](28)    -0.324093   0.00024837
log_fdev[1](29)    -0.944749 -0.000191165
log_fdev[1](30)    -0.214026  0.000192195
log_fdev[1](31)     0.314711 -0.000168755
log_fdev[1](32)     0.638297 -5.74989e-05
log_fdev[1](33)      1.07842 -0.000124362
log_fdev[1](34)      1.06595 -0.000139612
log_fdev[1](35)     0.596396  0.000105073
log_fdev[1](36)      0.79038 -0.000263781
log_fdev[1](37)       1.0424 -0.000432835
log_fdev[1](38)      1.50086 -0.000368457
log_fdev[1](39)      1.27456  0.000302063
log_fdev[1](40)     -1.14172  0.000445642
log_fdev[1](41)     -1.45504   0.00142783
log_fdev[2](1)     0.332184  7.22553e-06
log_fdev[2](2)      0.35299 -4.79061e-05
log_fdev[2](3)     0.190242 -4.07147e-05
log_fdev[2](4)   -0.0164232  5.23851e-05
log_fdev[2](5)     -9.04742  0.000123136
log_fdev[2](6)     -5.11841 -8.01855e-05
log_fdev[2](7)     -5.52737  -4.3012e-05
log_fdev[2](8)     -1.52226  3.40653e-05
log_fdev[2](9)    -0.295791 -0.000107444
log_fdev[2](10)      2.18127 -7.02748e-05
log_fdev[2](11)      1.65899 -0.000228986
log_fdev[2](12)      1.34393 -9.08503e-05
log_fdev[2](13)      1.09676  -0.00015974
log_fdev[2](14)      1.24757 -3.75921e-05
log_fdev[2](15)       1.1549 -0.000158644
log_fdev[2](16)     0.711984 -0.000282553
log_fdev[2](17)     0.888005 -0.000191852
log_fdev[2](18)     0.193118 -0.000154261
log_fdev[2](19)     0.471094 -0.000225994
log_fdev[2](20)     0.498719 -0.000101773
log_fdev[2](21)    0.0859557 -8.12619e-05
log_fdev[2](22)     0.166305  4.36981e-05
log_fdev[2](23)    0.0998122 -3.35755e-05
log_fdev[2](24)    -0.125248 -3.16292e-05
log_fdev[2](25)     0.645038 -5.81562e-05
log_fdev[2](26)      0.69253 -9.10253e-05
log_fdev[2](27)    0.0766623  7.29327e-05
log_fdev[2](28)     0.567221 -0.000129223
log_fdev[2](29)    -0.918647 -0.000104221
log_fdev[2](30)    -0.532249 -0.000238979
log_fdev[2](31)   -0.0649567 -0.000267202
log_fdev[2](32)     0.134708 -1.44458e-05
log_fdev[2](33)      1.67468 -2.30993e-05
log_fdev[2](34)      2.88691 -0.000137125
log_fdev[2](35)    -0.753431 -0.000198348
log_fdev[2](36)     0.308676 -1.97011e-05
log_fdev[2](37)      1.56193 -0.000126015
log_fdev[2](38)     0.992392  -3.2478e-05
log_fdev[2](39)     0.988905 -3.34128e-05
log_fdev[2](40)     0.484822 -0.000117405
log_fdev[2](41)    -0.237899 -1.54611e-05
log_fdev[2](42)     0.379248 -4.89601e-05
log_fdev[2](43)    0.0925595  1.03561e-05
log_foff[1]     -7.48444 -0.000459974
log_fdov[1](1)      1.63032 -0.000177835
log_fdov[1](2)      1.84272 -5.95126e-05
log_fdov[1](3)      1.52088  0.000363588
log_fdov[1](4)      1.31996  0.000608761
log_fdov[1](5)      1.85876  0.000616047
log_fdov[1](6)      1.39306  7.36233e-05
log_fdov[1](7)      1.01976 -0.000316458
log_fdov[1](8)      1.17759 -0.000298981
log_fdov[1](9)       3.8527 -0.000409152
log_fdov[1](10)       2.5056  -0.00025358
log_fdov[1](11)      2.34118 -0.000244085
log_fdov[1](12)      1.00926 -9.56401e-05
log_fdov[1](13)     0.319243   -0.0002946
log_fdov[1](14)    -0.834372  4.09101e-05
log_fdov[1](15)      1.01663 -3.43223e-05
log_fdov[1](16)      1.11618  5.47527e-05
log_fdov[1](17)     -2.01583  3.46939e-05
log_fdov[1](18)     -0.12553 -0.000354454
log_fdov[1](19)     -2.04268 -8.21678e-05
log_fdov[1](20)     0.303933 -6.85759e-05
log_fdov[1](21)     -1.84596  9.84121e-05
log_fdov[1](22)     -2.07228 -0.000170038
log_fdov[1](23)     -1.33984  0.000241679
log_fdov[1](24)     -1.03792  0.000226469
log_fdov[1](25)     -3.37749  0.000481266
log_fdov[1](26)     -1.55109  1.07617e-06
log_fdov[1](27)     -1.16961 -0.000120101
log_fdov[1](28)    -0.772959 -7.68347e-05
log_fdov[1](29)    -0.260019  4.49774e-05
log_fdov[1](30)      2.08488 -0.000373349
log_fdov[1](31)     0.591538  -0.00014394
log_fdov[1](32)      1.21435  9.20822e-05
log_fdov[1](33)       1.9375  5.56692e-05
log_fdov[1](34)      1.23501 -6.57036e-05
log_fdov[1](35)     0.486373  0.000171197
log_fdov[1](36)   0.00105132 -4.23547e-05
log_fdov[1](37)    -0.368326 -7.86313e-05
log_fdov[1](38)    -0.710515 -0.000220395
log_fdov[1](39)     -3.71452   0.00034337
log_fdov[1](40)     -4.05165  0.000292018
log_fdov[1](41)     -4.48788  9.80833e-05
rec_dev_est(1982)     0.120414   0.00139145
rec_dev_est(1983)    -0.374319  -0.00175593
rec_dev_est(1984)      2.08684 -0.000913016
rec_dev_est(1985)     0.775961 -0.000766321
rec_dev_est(1986)    -0.786536  -3.6984e-05
rec_dev_est(1987)     0.712329   0.00066242
rec_dev_est(1988)     0.686965 -2.75719e-08
rec_dev_est(1989)    -0.834023  -0.00131267
rec_dev_est(1990)      2.36143   -0.0019243
rec_dev_est(1991)       0.9849  0.000343483
rec_dev_est(1992)     0.475566 -0.000461399
rec_dev_est(1993)     -1.46887  -0.00051307
rec_dev_est(1994)    -0.486943  0.000632357
rec_dev_est(1995)    -0.958915  0.000269992
rec_dev_est(1996)    -0.653838   0.00152474
rec_dev_est(1997)     -1.51748   0.00240395
rec_dev_est(1998)    -0.977671   0.00113558
rec_dev_est(1999)     0.135228   0.00302655
rec_dev_est(2000)     0.429664   0.00125758
rec_dev_est(2001)    -0.732275  0.000703746
rec_dev_est(2002)      2.59521   0.00038743
rec_dev_est(2003)     0.311651   0.00109151
rec_dev_est(2004)      1.11968 -0.000324249
rec_dev_est(2005)     0.226238 -0.000175188
rec_dev_est(2006)     0.466983 -0.000585419
rec_dev_est(2007)     0.522489 -0.000873981
rec_dev_est(2008)     0.265564  -0.00114712
rec_dev_est(2009)     -1.36995  -0.00111651
rec_dev_est(2010)    -0.590059 -0.000859705
rec_dev_est(2011)     -1.24532 -0.000252621
rec_dev_est(2012)    -0.981838   -0.0012262
rec_dev_est(2013)     0.869723 -0.000853108
rec_dev_est(2014)     0.116577  0.000536607
rec_dev_est(2015)     -1.95834  0.000937007
rec_dev_est(2016)    -0.349563  0.000792074
rec_dev_est(2017)     -1.47814   7.9689e-07
rec_dev_est(2018)      -1.8707   0.00060139
rec_dev_est(2019)     -1.18353  0.000405192
rec_dev_est(2020)     0.633533  0.000204941
rec_dev_est(2021)       0.7784 -9.64192e-05
rec_dev_est(2022)      1.78609  4.53195e-05
rec_dev_est(2023)    -0.836474  1.18092e-06
rec_dev_est(2024)     -1.38456 -0.000123191
