ParName   Value   Gradient
T_pars_est[3]       13.489   0.00243394
T_pars_est[11]      8.35934 -7.01126e-05
T_pars_est[12]      8.36709  -0.00032633
T_pars_est[13]       8.4142 -0.000122484
T_pars_est[14]      8.67392  0.000139882
T_pars_est[15]       9.2376  0.000177346
T_pars_est[16]      9.98647  -0.00019751
T_pars_est[17]      10.7489 -2.60194e-05
T_pars_est[18]      11.1438  0.000145683
T_pars_est[19]      11.2258  1.89632e-05
T_pars_est[20]       11.314  0.000205929
T_pars_est[21]      11.3495  0.000208777
T_pars_est[22]      11.1403  1.39415e-05
T_pars_est[23]       10.818 -7.05029e-05
T_pars_est[24]      10.5576   0.00021052
T_pars_est[25]       10.715  0.000452775
T_pars_est[26]      11.5396  0.000890455
T_pars_est[27]      11.0918   0.00111151
T_pars_est[28]      10.1417  0.000714309
T_pars_est[29]      9.15586  0.000358778
T_pars_est[30]      8.18588 -5.17497e-06
T_pars_est[31]      7.36327 -0.000138603
T_pars_est[32]      6.94421  0.000184706
T_pars_est[33]      14.9649 -0.000133325
T_pars_est[34]      13.6668 -1.84054e-05
T_pars_est[35]      13.1298  0.000233576
T_pars_est[36]      13.3048  0.000384993
T_pars_est[37]      12.8633 -0.000619914
T_pars_est[38]      12.9738  -0.00100628
T_pars_est[39]      12.7053 -0.000494794
T_pars_est[40]      12.4303 -0.000881661
T_pars_est[41]      12.3386  0.000256598
T_pars_est[42]      11.7626  0.000462492
T_pars_est[43]      11.0467  0.000861277
T_pars_est[44]      10.8294 -0.000487094
T_pars_est[45]      10.9538  0.000985157
T_pars_est[46]      10.2644  0.000492825
T_pars_est[47]      8.97743  0.000232869
T_pars_est[48]      7.90354 -0.000511725
T_pars_est[49]      7.10553 -4.02175e-06
T_pars_est[50]      6.54642  1.47561e-06
T_pars_est[51]       6.1391  1.95167e-05
T_pars_est[52]      5.83932  0.000312204
T_pars_est[53]       5.6332  0.000155644
T_pars_est[54]      5.52729 -0.000245855
T_pars_est[55]       9.8552 -2.56273e-05
T_pars_est[56]      9.90544  0.000443125
T_pars_est[57]      10.2037  8.03601e-05
T_pars_est[58]      11.4697  0.000133378
T_pars_est[59]      13.2756  0.000196809
T_pars_est[60]      14.0076  -0.00018246
T_pars_est[61]      13.3513  0.000322853
T_pars_est[62]      12.2699  8.43552e-05
T_pars_est[63]       11.117 -0.000139534
T_pars_est[64]      10.0136 -7.33549e-05
T_pars_est[65]      9.30797  0.000262542
T_pars_est[66]      8.94837  0.000342075
T_pars_est[67]      8.85016 -9.02627e-05
T_pars_est[68]      8.76997  0.000113122
T_pars_est[69]      8.61003  2.87331e-05
T_pars_est[70]       8.3923  0.000196266
T_pars_est[71]       8.1583   2.5096e-05
T_pars_est[72]      7.94502  0.000128121
T_pars_est[73]      7.75162 -1.58347e-05
T_pars_est[74]      7.58435  0.000131424
T_pars_est[75]      7.46715  0.000510524
T_pars_est[76]      7.40224 -0.000307712
T_pars_est[77]     -15.2348 -8.49443e-05
T_pars_est[78]     -15.3431  0.000618817
T_pars_est[79]     -15.5292  -0.00101243
T_pars_est[80]     -15.0323  0.000626675
T_pars_est[81]     -14.0438 -2.83931e-05
T_pars_est[82]     -13.3199  3.11503e-05
T_pars_est[83]     -14.4235  0.000359126
T_pars_est[84]     -15.5266 -0.000523504
T_pars_est[85]     -16.3747  0.000145395
T_pars_est[86]     -17.0311 -0.000193767
T_pars_est[87]     -17.4935 -2.53683e-05
T_pars_est[88]     -17.8377  0.000166962
T_pars_est[89]     -18.1101  0.000374124
T_pars_est[90]     -18.3385 -0.000731064
T_pars_est[91]     -18.5362  0.000539431
T_pars_est[92]     -18.7102 -0.000304907
T_pars_est[93]     -18.8641 -0.000104046
log_fbar[1]   -0.0178199   0.00428348
log_fbar[2]     -5.58396  -0.00179326
log_fdev[1](1)     -1.39519  0.000137056
log_fdev[1](2)     -1.72214   0.00212169
log_fdev[1](3)     -1.10631   0.00113659
log_fdev[1](4)    -0.773605 -0.000238605
log_fdev[1](5)    -0.668153  0.000488568
log_fdev[1](6)    -0.405424  0.000583632
log_fdev[1](7)    -0.287282  0.000269936
log_fdev[1](8)   -0.0883113  4.71727e-05
log_fdev[1](9)      1.08056   0.00025785
log_fdev[1](10)     0.607596 -0.000101411
log_fdev[1](11)     0.832588   0.00011904
log_fdev[1](12)     0.844482  0.000149696
log_fdev[1](13)     0.487868 -6.84054e-05
log_fdev[1](14)     0.680872  0.000432743
log_fdev[1](15)     0.766562  0.000217414
log_fdev[1](16)      1.03953  0.000258746
log_fdev[1](17)      1.06482  0.000206253
log_fdev[1](18)    -0.182773 -0.000284836
log_fdev[1](19)    -0.101113  -7.6563e-05
log_fdev[1](20)     0.295313  0.000108457
log_fdev[1](21)    -0.425611  5.58211e-05
log_fdev[1](22)     -1.99313 -0.000129754
log_fdev[1](23)     -0.97398  6.51364e-05
log_fdev[1](24)    -0.878158 -0.000224546
log_fdev[1](25)    -0.208334 -0.000116011
log_fdev[1](26)     0.109099 -0.000148923
log_fdev[1](27)    -0.242426 -0.000133697
log_fdev[1](28)    -0.583963  5.42177e-05
log_fdev[1](29)    -0.920077   0.00041303
log_fdev[1](30)    -0.182241 -3.57165e-05
log_fdev[1](31)     0.334243  -0.00013923
log_fdev[1](32)     0.568328 -0.000118844
log_fdev[1](33)      1.03523  9.45755e-05
log_fdev[1](34)       1.0263  0.000135125
log_fdev[1](35)     0.584319 -0.000173396
log_fdev[1](36)     0.685986  0.000375572
log_fdev[1](37)      1.04568  0.000167247
log_fdev[1](38)      1.47026  0.000244022
log_fdev[1](39)      1.23808  0.000153473
log_fdev[1](40)     -1.17753 -0.000183306
log_fdev[1](41)     -1.48198  0.000135849
log_fdev[2](1)      0.28898 -0.000120391
log_fdev[2](2)     0.259752  3.11562e-05
log_fdev[2](3)     0.108586 -4.48637e-05
log_fdev[2](4)   -0.0854832 -4.62727e-05
log_fdev[2](5)      -9.0977 -4.95297e-05
log_fdev[2](6)     -5.07755   7.4353e-05
log_fdev[2](7)     -5.44437  1.02009e-06
log_fdev[2](8)     -1.47083 -9.75264e-06
log_fdev[2](9)    -0.193766 -0.000132843
log_fdev[2](10)        2.343 -0.000159101
log_fdev[2](11)      1.80824 -0.000103494
log_fdev[2](12)      1.50228 -1.59448e-05
log_fdev[2](13)      1.22467  1.37317e-05
log_fdev[2](14)      1.54202 -0.000115115
log_fdev[2](15)      1.44878 -0.000124915
log_fdev[2](16)     0.925026 -2.50176e-06
log_fdev[2](17)     0.998366  1.29762e-05
log_fdev[2](18)     0.423736 -9.81234e-05
log_fdev[2](19)     0.664901 -0.000118475
log_fdev[2](20)     0.360854 -0.000120583
log_fdev[2](21)    -0.431442  3.75162e-05
log_fdev[2](22)    -0.433118 -8.77496e-06
log_fdev[2](23)    -0.167283  4.39054e-05
log_fdev[2](24)    0.0373333  -0.00013214
log_fdev[2](25)     0.777074 -0.000190582
log_fdev[2](26)     0.445555  -0.00018617
log_fdev[2](27)     -0.22562  -3.0288e-06
log_fdev[2](28)     0.400623 -8.13672e-05
log_fdev[2](29)     -0.93641 -8.86204e-05
log_fdev[2](30)    -0.536614  -0.00015056
log_fdev[2](31)   -0.0377323  -1.3766e-05
log_fdev[2](32)     0.146479 -8.11348e-05
log_fdev[2](33)      1.69836  3.09023e-05
log_fdev[2](34)      2.92694 -4.57393e-05
log_fdev[2](35)    -0.708699 -0.000187795
log_fdev[2](36)     0.352008 -0.000143237
log_fdev[2](37)      1.64613 -0.000106052
log_fdev[2](38)      1.06043 -0.000159702
log_fdev[2](39)     0.995907 -0.000237722
log_fdev[2](40)     0.446504  -0.00011739
log_fdev[2](41)    -0.320961 -0.000123065
log_fdev[2](42)     0.283324 -9.30099e-05
log_fdev[2](43)    0.0517105  -2.1523e-05
log_foff[1]     -6.49459  0.000164294
log_fdov[1](1)     0.978024  0.000247321
log_fdov[1](2)      1.22128  0.000106321
log_fdov[1](3)     0.866417   0.00028384
log_fdov[1](4)     0.736469 -5.21935e-05
log_fdov[1](5)      1.30367   0.00030646
log_fdov[1](6)       1.0458 -7.00171e-05
log_fdov[1](7)     0.585455   0.00010042
log_fdov[1](8)     0.443107 -3.34084e-05
log_fdov[1](9)      2.80849  0.000127139
log_fdov[1](10)      1.39606  -1.5047e-05
log_fdov[1](11)      1.48453  5.27992e-05
log_fdov[1](12)     0.670077  8.32969e-05
log_fdov[1](13)     0.489757  4.32835e-05
log_fdov[1](14)    -0.835482 -9.34847e-05
log_fdov[1](15)     0.513615  5.56768e-05
log_fdov[1](16)     0.496341 -0.000110762
log_fdov[1](17)      -1.2317 -4.53833e-05
log_fdov[1](18)    -0.562919 -0.000147081
log_fdov[1](19)     -2.48194 -0.000173427
log_fdov[1](20)    -0.219245  0.000206663
log_fdov[1](21)     -1.57373  0.000119938
log_fdov[1](22)     0.162605 -0.000326165
log_fdov[1](23)     -1.07967 -0.000286467
log_fdov[1](24)    -0.562454  1.06945e-05
log_fdov[1](25)      -2.4385   2.7775e-06
log_fdov[1](26)    -0.277213  6.78345e-05
log_fdov[1](27)   -0.0431275  -4.5791e-06
log_fdov[1](28)    0.0882232 -7.93059e-05
log_fdov[1](29)     0.373261 -2.27249e-05
log_fdov[1](30)      2.58456  0.000176119
log_fdov[1](31)     0.833388 -0.000263466
log_fdov[1](32)      1.42589 -0.000122548
log_fdov[1](33)      2.06782 -0.000111357
log_fdov[1](34)       1.2547 -8.96621e-05
log_fdov[1](35)     0.492707   1.5677e-05
log_fdov[1](36)    0.0838422  0.000177967
log_fdov[1](37)    -0.543033  0.000102386
log_fdov[1](38)    -0.803122 -3.26614e-05
log_fdov[1](39)      -3.8341  6.80695e-05
log_fdov[1](40)     -4.15539 -0.000116043
log_fdov[1](41)     -3.76446  0.000205256
rec_dev_est(1982)    -0.352054 -2.50693e-05
rec_dev_est(1983)     0.993261  0.000200888
rec_dev_est(1984)      1.24344  0.000341578
rec_dev_est(1985)      1.84087  0.000734844
rec_dev_est(1986)    -0.368721  7.96841e-06
rec_dev_est(1987)     0.866704  0.000644119
rec_dev_est(1988)     0.742254  0.000221724
rec_dev_est(1989)    -0.835822   0.00124728
rec_dev_est(1990)      1.15952  0.000373706
rec_dev_est(1991)      1.69123  0.000290376
rec_dev_est(1992)      0.12327  -0.00079472
rec_dev_est(1993)    -0.634896 -0.000892515
rec_dev_est(1994)     -1.60571  0.000801613
rec_dev_est(1995)     -1.58782 -0.000340279
rec_dev_est(1996)     0.719023  -0.00144191
rec_dev_est(1997)     0.164316  0.000848558
rec_dev_est(1998)     -1.05893  0.000244282
rec_dev_est(1999)    -0.827276 -0.000502407
rec_dev_est(2000)    -0.857878 -0.000807247
rec_dev_est(2001)     0.398762  7.83269e-05
rec_dev_est(2002)      1.12377 -0.000244548
rec_dev_est(2003)     0.487537   0.00020655
rec_dev_est(2004)      1.12583 -0.000577025
rec_dev_est(2005)    -0.364971  0.000254961
rec_dev_est(2006)     -1.18551 -9.50616e-05
rec_dev_est(2007)   -0.0494689  0.000201047
rec_dev_est(2008)     0.798108 -0.000349067
rec_dev_est(2009)    -0.735172 -0.000476161
rec_dev_est(2010)    -0.662622  0.000582951
rec_dev_est(2011)    -0.871623   5.0559e-06
rec_dev_est(2012)     -0.65025  0.000183394
rec_dev_est(2013)       0.3652   0.00019888
rec_dev_est(2014)     0.402175  0.000317818
rec_dev_est(2015)    -0.692348   0.00107051
rec_dev_est(2016)    -0.758492 -0.000825095
rec_dev_est(2017)     -2.01065 -0.000357268
rec_dev_est(2018)     -1.44605  -0.00020471
rec_dev_est(2019)    -0.866561  0.000591208
rec_dev_est(2020)     0.909251  0.000354377
rec_dev_est(2021)     0.392402     0.000189
rec_dev_est(2022)      1.10122 -5.89325e-05
rec_dev_est(2023)     -0.46243 -2.90005e-05
rec_dev_est(2024)     -1.33646  1.61471e-05
