ParName   Value   Gradient
T_pars_est[3]      13.5617  -0.00103121
T_pars_est[11]       8.3474  0.000179327
T_pars_est[12]      8.35512  6.96293e-06
T_pars_est[13]      8.40314 -8.90271e-05
T_pars_est[14]      8.68298  -0.00023043
T_pars_est[15]      9.21383 -1.56277e-05
T_pars_est[16]      9.89985 -0.000235439
T_pars_est[17]      10.6003  0.000300782
T_pars_est[18]       11.027  0.000347875
T_pars_est[19]      11.1885  0.000130075
T_pars_est[20]      11.3432  0.000326454
T_pars_est[21]       11.435  0.000457273
T_pars_est[22]      11.2866 -4.60106e-05
T_pars_est[23]      10.9821  0.000408878
T_pars_est[24]      10.6731  0.000256175
T_pars_est[25]      10.7689  5.42382e-05
T_pars_est[26]       11.537  0.000996654
T_pars_est[27]      11.0993   0.00100799
T_pars_est[28]      10.1809  0.000625578
T_pars_est[29]      9.19813   0.00265545
T_pars_est[30]      8.22002 -0.000874686
T_pars_est[31]      7.38645  0.000878198
T_pars_est[32]      6.93727 -0.000988143
T_pars_est[33]      14.9536  -0.00163063
T_pars_est[34]      13.6817  0.000575438
T_pars_est[35]      13.1073   0.00011638
T_pars_est[36]      13.2379 -0.000487627
T_pars_est[37]       12.801  0.000328831
T_pars_est[38]      12.9107 -0.000656906
T_pars_est[39]      12.6682 -0.000527165
T_pars_est[40]      12.3978 -0.000792755
T_pars_est[41]      12.2868  -0.00105273
T_pars_est[42]      11.6611  0.000307206
T_pars_est[43]      10.9036  0.000817709
T_pars_est[44]      10.6506 -0.000372953
T_pars_est[45]      10.7529  0.000655923
T_pars_est[46]      10.1474   0.00130924
T_pars_est[47]      8.90118  0.000438359
T_pars_est[48]       7.8195 -0.000517734
T_pars_est[49]      7.00533  0.000605054
T_pars_est[50]      6.43216  0.000145983
T_pars_est[51]       6.0189   0.00044951
T_pars_est[52]      5.71998  0.000530943
T_pars_est[53]       5.5181 -0.000407036
T_pars_est[54]      5.41589  0.000120426
T_pars_est[55]      9.73851  -1.9961e-05
T_pars_est[56]      9.77809  0.000230345
T_pars_est[57]      10.0172  0.000294706
T_pars_est[58]      11.0561 -0.000350136
T_pars_est[59]      12.7817    0.0003031
T_pars_est[60]      13.9734  0.000253912
T_pars_est[61]      13.5604  -0.00117925
T_pars_est[62]       12.531 -0.000593641
T_pars_est[63]      11.5287  0.000620203
T_pars_est[64]      10.3688 -0.000893743
T_pars_est[65]      9.56612  0.000883703
T_pars_est[66]      9.07981  -0.00093451
T_pars_est[67]      8.80008 -0.000462928
T_pars_est[68]      8.64336 -0.000443284
T_pars_est[69]      8.46811 -0.000273111
T_pars_est[70]      8.25937 -0.000263001
T_pars_est[71]      8.04581 -0.000414504
T_pars_est[72]      7.85137 -0.000133165
T_pars_est[73]      7.67401 -0.000261037
T_pars_est[74]      7.51944 -0.000133123
T_pars_est[75]      7.40927  0.000120862
T_pars_est[76]      7.34789  -0.00107038
T_pars_est[77]     -15.1266  0.000857702
T_pars_est[78]     -15.3371 -0.000652076
T_pars_est[79]     -14.9322 -5.46252e-05
T_pars_est[80]     -14.1215  0.000182596
T_pars_est[81]     -13.2354  0.000851144
T_pars_est[82]     -14.1042 -0.000832415
T_pars_est[83]     -15.2489  0.000205027
T_pars_est[84]     -16.1895 -0.000181649
T_pars_est[85]     -16.8883  -9.7697e-05
T_pars_est[86]     -17.3788  0.000753834
T_pars_est[87]     -17.7097 -0.000234536
T_pars_est[88]     -17.9837 -0.000408248
T_pars_est[89]     -18.2087   0.00037541
T_pars_est[90]      -18.408  1.72416e-05
T_pars_est[91]     -18.5831  3.92801e-06
T_pars_est[92]     -18.7387  0.000115705
T_pars_est[93]     -18.8772 -0.000247395
log_fbar[1]    0.0542281  0.000584863
log_fbar[2]     -5.53289   0.00105631
log_fdev[1](1)     -1.48117 -0.000113464
log_fdev[1](2)     -1.72875   0.00319289
log_fdev[1](3)     -1.12797  0.000735839
log_fdev[1](4)    -0.797904  -0.00516468
log_fdev[1](5)    -0.682459    0.0025041
log_fdev[1](6)     -0.42751  0.000767238
log_fdev[1](7)    -0.306756  0.000912537
log_fdev[1](8)    -0.114469  -0.00104197
log_fdev[1](9)     0.994842  0.000131582
log_fdev[1](10)     0.553473  0.000374091
log_fdev[1](11)     0.775917  0.000571035
log_fdev[1](12)     0.774098  0.000687432
log_fdev[1](13)     0.423746  4.60963e-05
log_fdev[1](14)     0.864662  -0.00084612
log_fdev[1](15)     0.919599  2.04678e-05
log_fdev[1](16)      1.04723  -0.00049867
log_fdev[1](17)      1.14513  0.000122299
log_fdev[1](18)   -0.0432972   0.00140403
log_fdev[1](19)   -0.0798091   0.00131972
log_fdev[1](20)     0.217057  -0.00109064
log_fdev[1](21)    -0.615682 -0.000589326
log_fdev[1](22)      -1.9661 -6.05775e-05
log_fdev[1](23)    -0.934204  -0.00165367
log_fdev[1](24)    -0.918693  -0.00128351
log_fdev[1](25)    -0.377322 -0.000789511
log_fdev[1](26)     0.043649 -0.000157021
log_fdev[1](27)    -0.306728   0.00031168
log_fdev[1](28)    -0.722089 -0.000544455
log_fdev[1](29)    -0.815236  -0.00049304
log_fdev[1](30)    -0.207594  0.000259314
log_fdev[1](31)     0.307079 -6.78881e-05
log_fdev[1](32)     0.698505  0.000455261
log_fdev[1](33)       1.0859  0.000498188
log_fdev[1](34)      1.18449 -0.000221601
log_fdev[1](35)     0.759622 -0.000644173
log_fdev[1](36)     0.754417 -0.000233823
log_fdev[1](37)      1.32321  0.000564912
log_fdev[1](38)      1.54929  0.000315289
log_fdev[1](39)      1.36361  6.96693e-05
log_fdev[1](40)     -1.21315  0.000616072
log_fdev[1](41)     -1.91863 -0.000195281
log_fdev[2](1)     0.231562 -0.000469934
log_fdev[2](2)     0.263426  -7.1644e-05
log_fdev[2](3)     0.106469 -0.000259081
log_fdev[2](4)    -0.091844  5.16594e-05
log_fdev[2](5)     -9.09552  9.15152e-05
log_fdev[2](6)     -5.08219 -0.000288253
log_fdev[2](7)     -5.45703 -0.000283068
log_fdev[2](8)     -1.51283 -0.000202271
log_fdev[2](9)    -0.263953 -4.63445e-05
log_fdev[2](10)      2.29286 -0.000277929
log_fdev[2](11)      1.74954  0.000128718
log_fdev[2](12)      1.44154 -0.000117087
log_fdev[2](13)      1.21158 -2.24955e-05
log_fdev[2](14)      1.64033 -0.000228658
log_fdev[2](15)      1.52738 -0.000449872
log_fdev[2](16)     0.945622 -0.000226276
log_fdev[2](17)      1.07287 -0.000258007
log_fdev[2](18)     0.495874 -0.000204788
log_fdev[2](19)     0.662207 -0.000302373
log_fdev[2](20)     0.317353 -0.000215405
log_fdev[2](21)    -0.523916 -0.000214655
log_fdev[2](22)    -0.403993  -0.00035002
log_fdev[2](23)    -0.131309  -0.00025837
log_fdev[2](24)    0.0032379 -0.000382377
log_fdev[2](25)     0.673924 -0.000275811
log_fdev[2](26)     0.410294 -0.000196396
log_fdev[2](27)    -0.264333 -0.000270342
log_fdev[2](28)     0.315345 -0.000186116
log_fdev[2](29)    -0.833123 -0.000201033
log_fdev[2](30)    -0.556156 -0.000132136
log_fdev[2](31)   -0.0322658  0.000118316
log_fdev[2](32)     0.254339  4.10152e-05
log_fdev[2](33)      1.77911 -8.09219e-06
log_fdev[2](34)      3.07348 -2.94974e-05
log_fdev[2](35)    -0.567278  8.60382e-05
log_fdev[2](36)     0.475885  0.000157989
log_fdev[2](37)      1.82796  6.72844e-05
log_fdev[2](38)      1.12624  0.000119216
log_fdev[2](39)      1.07509 -3.76012e-06
log_fdev[2](40)     0.421358 -1.93553e-05
log_fdev[2](41)    -0.433748  2.78133e-06
log_fdev[2](42)    0.0895997 -0.000179972
log_fdev[2](43)    -0.234987 -0.000373624
log_foff[1]     -6.73618  -0.00542863
log_fdov[1](1)      1.19621  -0.00159032
log_fdov[1](2)      1.35992  0.000430009
log_fdov[1](3)       1.0199 -0.000456748
log_fdov[1](4)     0.889578 -0.000662616
log_fdov[1](5)      1.47558 -2.58667e-05
log_fdov[1](6)      1.23284  -0.00060853
log_fdov[1](7)     0.674312 -0.000366912
log_fdov[1](8)     0.465453 -0.000587982
log_fdov[1](9)      2.86984 -0.000142772
log_fdov[1](10)      1.34352   2.7947e-05
log_fdov[1](11)      1.53453  0.000290901
log_fdov[1](12)       0.7812  2.16467e-05
log_fdov[1](13)     0.625455 -0.000216544
log_fdov[1](14)     -1.31206  4.44944e-05
log_fdov[1](15)     0.274668  0.000145764
log_fdov[1](16)     0.327154 -0.000126507
log_fdov[1](17)     -2.11725  0.000215776
log_fdov[1](18)    -0.746647  0.000327193
log_fdov[1](19)     -2.85428  0.000498664
log_fdov[1](20)    -0.172127 -0.000732517
log_fdov[1](21)     -1.33822  1.82804e-05
log_fdov[1](22)    -0.662154 -4.07255e-05
log_fdov[1](23)     -1.10952 -0.000464665
log_fdov[1](24)    -0.424569 -0.000525209
log_fdov[1](25)     -2.18208 -0.000179286
log_fdov[1](26)   -0.0454635  5.21147e-06
log_fdov[1](27)     0.209162  0.000333094
log_fdov[1](28)     0.401169  0.000145724
log_fdov[1](29)     0.430747  5.08995e-05
log_fdov[1](30)      2.78835  0.000413057
log_fdov[1](31)       1.0584 -0.000116193
log_fdov[1](32)       1.4941 -0.000263527
log_fdov[1](33)      2.21836 -8.54167e-05
log_fdov[1](34)      1.30262 -2.53088e-05
log_fdov[1](35)     0.574556 -0.000235587
log_fdov[1](36)     0.311071  0.000128908
log_fdov[1](37)    -0.656952  0.000143429
log_fdov[1](38)    -0.883425  7.54227e-05
log_fdov[1](39)     -3.88694  0.000335223
log_fdov[1](40)     -4.04685 -0.000328523
log_fdov[1](41)     -4.42015  0.000505519
rec_dev_est(1982)    -0.322311  8.68847e-05
rec_dev_est(1983)     0.786916  0.000452337
rec_dev_est(1984)      1.28037 -0.000794921
rec_dev_est(1985)      2.06719  -0.00102801
rec_dev_est(1986)    -0.034711   0.00174359
rec_dev_est(1987)     0.763251   0.00248626
rec_dev_est(1988)      0.73582  0.000273476
rec_dev_est(1989)    -0.101766  -0.00236677
rec_dev_est(1990)    0.0360257   -0.0018528
rec_dev_est(1991)      1.98492  -0.00142272
rec_dev_est(1992)     0.185546 -0.000175815
rec_dev_est(1993)    -0.475289   0.00184773
rec_dev_est(1994)     -1.10794  0.000949926
rec_dev_est(1995)     -1.68444 -0.000808668
rec_dev_est(1996)     0.719199 -0.000798144
rec_dev_est(1997)    -0.394534  -0.00197458
rec_dev_est(1998)      -1.0384  4.72019e-06
rec_dev_est(1999)    -0.730482  -0.00121344
rec_dev_est(2000)    -0.497796  -0.00184544
rec_dev_est(2001)      0.51346 -0.000561728
rec_dev_est(2002)     0.769314  -0.00133937
rec_dev_est(2003)     0.695241  0.000167843
rec_dev_est(2004)     0.862517   0.00147116
rec_dev_est(2005)    -0.175709   0.00202097
rec_dev_est(2006)     -1.18813   0.00165275
rec_dev_est(2007)    -0.113663   0.00102515
rec_dev_est(2008)     0.613276  0.000148981
rec_dev_est(2009)    -0.733344 -0.000724828
rec_dev_est(2010)    -0.920036  -1.1513e-06
rec_dev_est(2011)     -0.99242   0.00102685
rec_dev_est(2012)      -0.6105  0.000243053
rec_dev_est(2013)    -0.729105  0.000592541
rec_dev_est(2014)     0.773783 -0.000287369
rec_dev_est(2015)    -0.484815  0.000765042
rec_dev_est(2016)      -0.4684   0.00224767
rec_dev_est(2017)      -1.8839 -0.000880781
rec_dev_est(2018)      -2.0031  -0.00114879
rec_dev_est(2019)    0.0310845 -0.000746433
rec_dev_est(2020)     0.325441 -2.61683e-05
rec_dev_est(2021)     0.734913  0.000639872
rec_dev_est(2022)     0.941331 -3.60531e-05
rec_dev_est(2023)    -0.356011 -0.000608769
rec_dev_est(2024)     -1.34657  0.000136199
