ParName   Value   Gradient
T_pars_est[3]      13.7993   0.00565756
T_pars_est[11]      9.76034 -2.05219e-05
T_pars_est[12]      9.76434    1.158e-05
T_pars_est[13]      9.79068  1.63194e-05
T_pars_est[14]       9.8905 -4.37708e-06
T_pars_est[15]      10.3932 -1.00726e-05
T_pars_est[16]      10.9957 -1.06486e-05
T_pars_est[17]      11.4607 -1.67018e-05
T_pars_est[18]      11.6224  2.43996e-05
T_pars_est[19]      11.6408  -5.9391e-06
T_pars_est[20]      11.6091   1.8881e-05
T_pars_est[21]      11.5333 -1.96531e-05
T_pars_est[22]      11.2794  8.65772e-06
T_pars_est[23]       10.965  2.15202e-05
T_pars_est[24]      10.7172  4.27085e-05
T_pars_est[25]      10.8756  1.63383e-05
T_pars_est[26]      11.5001  0.000249387
T_pars_est[27]      11.1168  2.27075e-05
T_pars_est[28]      10.2547  7.93019e-05
T_pars_est[29]      9.26344   2.6092e-05
T_pars_est[30]      8.26815 -1.31292e-05
T_pars_est[31]      7.42884 -8.55649e-06
T_pars_est[32]      7.00378  -9.7717e-06
T_pars_est[33]      12.8174 -1.87765e-06
T_pars_est[34]      13.3577  2.98017e-05
T_pars_est[35]      13.2973  3.32327e-05
T_pars_est[36]      13.3678  4.24825e-05
T_pars_est[37]      12.8164  2.97146e-05
T_pars_est[38]      12.8614  6.30572e-05
T_pars_est[39]      12.5851  8.60125e-05
T_pars_est[40]      12.3151  8.09015e-05
T_pars_est[41]      12.1912  0.000105815
T_pars_est[42]      11.7384  0.000104121
T_pars_est[43]      11.1304  5.22221e-05
T_pars_est[44]      10.9214  4.94555e-05
T_pars_est[45]      10.9049  9.20919e-05
T_pars_est[46]      10.0891  6.79927e-05
T_pars_est[47]      8.83602  3.20745e-05
T_pars_est[48]       7.8082  4.12044e-06
T_pars_est[49]       7.0358   1.3157e-06
T_pars_est[50]      6.48677  3.86132e-07
T_pars_est[51]      6.08944   1.6238e-05
T_pars_est[52]      5.79959  1.60377e-05
T_pars_est[53]      5.60139  4.18994e-06
T_pars_est[54]      5.49984 -6.89023e-06
T_pars_est[55]      10.6721 -1.29725e-05
T_pars_est[56]      10.7404   1.2647e-06
T_pars_est[57]      10.8565  5.13915e-07
T_pars_est[58]      11.4356 -7.17528e-06
T_pars_est[59]      12.9273  6.12055e-06
T_pars_est[60]      13.5277 -2.04002e-05
T_pars_est[61]      13.2024 -1.17998e-05
T_pars_est[62]       12.337 -5.25557e-05
T_pars_est[63]      11.3755 -7.42786e-05
T_pars_est[64]      10.2749 -5.40163e-05
T_pars_est[65]      9.52241 -8.92863e-05
T_pars_est[66]      9.03872 -6.35723e-05
T_pars_est[67]      8.79122 -6.47895e-05
T_pars_est[68]      8.67745 -7.43422e-05
T_pars_est[69]      8.52755 -7.22111e-05
T_pars_est[70]      8.33043 -4.21088e-05
T_pars_est[71]      8.12435 -5.02184e-05
T_pars_est[72]      7.93419 -3.83497e-05
T_pars_est[73]      7.76748 -3.27308e-05
T_pars_est[74]      7.62084 -3.84863e-05
T_pars_est[75]      7.51582 -7.58748e-05
T_pars_est[76]      7.45596 -9.80661e-05
T_pars_est[77]     -13.6311  6.75306e-06
T_pars_est[78]     -13.8188  2.65143e-06
T_pars_est[79]     -13.8457  8.77222e-06
T_pars_est[80]     -13.6398 -2.32618e-05
T_pars_est[81]     -12.9806 -8.51682e-07
T_pars_est[82]     -14.2415   1.9746e-05
T_pars_est[83]     -15.3781  3.94759e-06
T_pars_est[84]     -16.2589 -3.37239e-05
T_pars_est[85]     -16.9215  1.98502e-05
T_pars_est[86]     -17.3853 -1.40611e-05
T_pars_est[87]     -17.7095 -3.01305e-06
T_pars_est[88]     -17.9817  2.73378e-05
T_pars_est[89]     -18.2066  1.32102e-05
T_pars_est[90]      -18.406 -7.46947e-06
T_pars_est[91]     -18.5817  1.37996e-05
T_pars_est[92]     -18.7379  -2.2818e-05
T_pars_est[93]     -18.8769 -2.29841e-05
G_pars_est[1]      1.06983  0.000890089
G_pars_est[2]    -0.239868  -0.00182589
G_pars_est[4]     -4.68994  0.000552807
G_pars_est[5]    -0.422121  -0.00276118
S_pars_est[5]     -3.40457 -3.61182e-06
S_pars_est[6]      -2.7298 -6.56122e-06
S_pars_est[7]     -2.37494 -5.02968e-06
S_pars_est[8]     -1.53619  6.64978e-06
S_pars_est[9]     -1.59012  2.51713e-07
S_pars_est[10]     -1.38258 -1.01746e-05
S_pars_est[11]     -1.09439  2.20178e-05
S_pars_est[12]     -1.04011 -5.02957e-06
S_pars_est[13]     -1.10802 -2.63975e-05
S_pars_est[14]     -1.04142  2.49995e-05
S_pars_est[15]    -0.951963  7.54502e-06
S_pars_est[16]    -0.896476  -3.7714e-06
S_pars_est[17]    -0.863289  6.37924e-06
S_pars_est[18]     -0.77348  1.39544e-07
S_pars_est[19]    -0.772873 -4.85142e-06
S_pars_est[20]    -0.913262 -8.44111e-06
S_pars_est[21]    -0.700026 -1.61633e-05
S_pars_est[22]     -0.60577  1.97865e-05
S_pars_est[23]    -0.433085  1.65538e-05
S_pars_est[24]    -0.281509 -1.55261e-05
S_pars_est[25]    -0.177995  1.46058e-05
S_pars_est[26]    -0.192318 -4.98981e-06
S_pars_est[27]     -3.99612 -9.30994e-06
S_pars_est[28]     -2.82443 -8.66742e-07
S_pars_est[29]     -2.22246  9.51716e-06
S_pars_est[30]     -1.61211  1.10148e-05
S_pars_est[31]     -1.49523 -3.04859e-05
S_pars_est[32]     -1.27926  7.51998e-06
S_pars_est[33]     -1.08167  -1.2356e-06
S_pars_est[34]     -1.01306   2.0506e-05
S_pars_est[35]     -1.06731  1.35751e-05
S_pars_est[36]     -1.05549  1.37363e-05
S_pars_est[37]    -0.995586  -2.3527e-05
S_pars_est[38]    -0.921033  1.75141e-07
S_pars_est[39]    -0.868017 -2.08482e-05
S_pars_est[40]    -0.724673 -8.13465e-06
S_pars_est[41]    -0.503746  7.97558e-06
S_pars_est[42]    -0.300506  6.33438e-06
S_pars_est[43]    -0.214666 -3.10568e-06
S_pars_est[44]    -0.162727 -3.03167e-07
S_pars_est[45]     -0.14759 -1.29116e-05
S_pars_est[46]    -0.112334 -4.92703e-07
S_pars_est[47]   -0.0722142  1.07336e-05
S_pars_est[48]   -0.0546921  2.26743e-05
S_pars_est[51]     -2.96706 -5.24955e-06
S_pars_est[52]     -3.36428 -5.40211e-06
S_pars_est[53]     -2.23799 -2.88354e-06
S_pars_est[54]     -1.23775  5.35824e-06
S_pars_est[55]     -1.01369 -6.08715e-06
S_pars_est[56]    -0.493223  1.37074e-05
S_pars_est[57]    -0.581453   1.1449e-05
S_pars_est[58]    -0.747979   2.4871e-05
S_pars_est[59]    -0.811996 -9.83333e-06
S_pars_est[60]    -0.908405  2.43656e-05
S_pars_est[61]    -0.898715  -8.0572e-06
S_pars_est[62]    -0.865736  1.00178e-05
S_pars_est[63]    -0.836424  4.47416e-06
S_pars_est[64]    -0.793456 -8.29651e-06
S_pars_est[65]    -0.723123  2.34177e-06
S_pars_est[66]    -0.632444  4.97267e-06
S_pars_est[67]    -0.530806  9.11977e-06
S_pars_est[68]    -0.424904  9.42456e-06
S_pars_est[69]    -0.315258 -1.07019e-05
S_pars_est[70]    -0.200687  2.09173e-06
S_pars_est[71]   -0.0843086 -2.13941e-06
S_pars_est[73]     -1.70055 -1.93095e-05
S_pars_est[74]     -2.15949  4.26381e-05
S_pars_est[75]     -1.44948 -4.96246e-06
S_pars_est[76]    -0.793183  1.78147e-05
S_pars_est[77]    -0.535223   3.4588e-06
S_pars_est[78]    -0.217126    1.168e-05
S_pars_est[79]    -0.440405 -2.34157e-05
S_pars_est[80]     -1.08404  1.00712e-05
S_pars_est[81]     -1.20746 -1.16984e-06
S_pars_est[82]     -1.55203  3.77907e-05
S_pars_est[83]     -1.64841   1.4495e-05
S_pars_est[84]     -1.14583  3.33168e-06
S_pars_est[85]    -0.843375 -2.99921e-06
S_pars_est[86]    -0.778705 -4.33682e-06
S_pars_est[87]    -0.710767  5.69731e-06
S_pars_est[88]    -0.623407  1.08629e-05
S_pars_est[89]    -0.524214  2.06423e-05
S_pars_est[90]    -0.419939  1.81964e-06
S_pars_est[91]    -0.311307 -6.80336e-06
S_pars_est[92]    -0.197194 -6.36073e-06
S_pars_est[93]   -0.0804893  4.64377e-06
log_fbar[1]    0.0918406   0.00124106
log_fbar[2]     -5.51426   0.00011896
log_fdev[1](1)     -1.54896 -2.66603e-05
log_fdev[1](2)     -1.83911  5.09295e-05
log_fdev[1](3)     -1.20828 -2.12823e-05
log_fdev[1](4)    -0.841644 -4.12296e-05
log_fdev[1](5)    -0.702081  1.41439e-05
log_fdev[1](6)    -0.335974 -8.51249e-05
log_fdev[1](7)    -0.293348 -7.30375e-05
log_fdev[1](8)    -0.249219 -2.19382e-05
log_fdev[1](9)     0.921117  9.92996e-05
log_fdev[1](10)     0.528758  6.63379e-06
log_fdev[1](11)     0.752256 -4.45604e-05
log_fdev[1](12)     0.760024 -7.38861e-06
log_fdev[1](13)     0.457146  6.32409e-05
log_fdev[1](14)     0.732941 -1.90447e-05
log_fdev[1](15)     0.806096  0.000146442
log_fdev[1](16)      1.04531 -8.37712e-06
log_fdev[1](17)      1.11116  8.42659e-05
log_fdev[1](18)     -0.11401  2.09217e-06
log_fdev[1](19)    -0.142548 -5.01139e-06
log_fdev[1](20)     0.420344  0.000138869
log_fdev[1](21)    -0.343357  0.000200556
log_fdev[1](22)     -1.89326  0.000185757
log_fdev[1](23)    -0.949486  0.000151604
log_fdev[1](24)     -0.95872  4.74302e-05
log_fdev[1](25)     -0.39196 -7.59819e-05
log_fdev[1](26)    0.0292771 -5.27821e-05
log_fdev[1](27)    -0.244104 -6.66809e-05
log_fdev[1](28)    -0.628279  7.06479e-05
log_fdev[1](29)    -0.761416  0.000116709
log_fdev[1](30)     -0.17444  1.54255e-05
log_fdev[1](31)     0.308979  5.51768e-05
log_fdev[1](32)     0.661135 -4.75603e-05
log_fdev[1](33)      1.08847 -5.97865e-06
log_fdev[1](34)      1.19949 -3.44481e-05
log_fdev[1](35)     0.755311   8.6694e-06
log_fdev[1](36)     0.828681  0.000111647
log_fdev[1](37)      1.33666  1.24771e-05
log_fdev[1](38)      1.47917  -0.00010574
log_fdev[1](39)      1.32446  3.34788e-05
log_fdev[1](40)     -1.18109  0.000288319
log_fdev[1](41)     -1.74548  9.50035e-05
log_fdev[2](1)     0.179245  -3.5289e-06
log_fdev[2](2)     0.188711   1.4384e-05
log_fdev[2](3)    0.0522678  2.33895e-06
log_fdev[2](4)    -0.108194   5.5181e-06
log_fdev[2](5)     -9.07806  4.87998e-06
log_fdev[2](6)     -4.99878  -3.6619e-06
log_fdev[2](7)     -5.45209  7.34931e-06
log_fdev[2](8)     -1.61153 -1.61835e-05
log_fdev[2](9)    -0.333176 -2.12198e-05
log_fdev[2](10)       2.2639 -3.34928e-05
log_fdev[2](11)      1.72381 -2.39164e-05
log_fdev[2](12)      1.43215 -6.36641e-06
log_fdev[2](13)      1.23266 -1.15054e-05
log_fdev[2](14)      1.60827  9.82708e-06
log_fdev[2](15)      1.49949  1.69003e-05
log_fdev[2](16)     0.954421  1.98015e-05
log_fdev[2](17)      1.04834  -3.4156e-05
log_fdev[2](18)      0.46547 -2.08424e-05
log_fdev[2](19)     0.678651 -1.58463e-06
log_fdev[2](20)     0.476179  9.67078e-06
log_fdev[2](21)    -0.326508 -6.71013e-06
log_fdev[2](22)    -0.327698   2.9599e-05
log_fdev[2](23)    -0.133478  5.01553e-05
log_fdev[2](24)   -0.0230645  1.48783e-05
log_fdev[2](25)     0.665343  1.64287e-05
log_fdev[2](26)     0.426452  1.10722e-06
log_fdev[2](27)    -0.184603 -1.70741e-05
log_fdev[2](28)     0.415824  5.74044e-06
log_fdev[2](29)    -0.760284  2.72949e-05
log_fdev[2](30)    -0.514839  2.61025e-05
log_fdev[2](31)   -0.0495219 -1.30477e-06
log_fdev[2](32)     0.213025 -2.17421e-05
log_fdev[2](33)      1.75755  1.43796e-05
log_fdev[2](34)      3.03275  7.22249e-06
log_fdev[2](35)    -0.609084 -5.96136e-06
log_fdev[2](36)     0.464528  1.44738e-05
log_fdev[2](37)         1.76  1.59692e-05
log_fdev[2](38)      1.01242  1.01256e-05
log_fdev[2](39)     0.979479  2.77062e-05
log_fdev[2](40)     0.392676  2.68477e-05
log_fdev[2](41)    -0.420956   1.4282e-05
log_fdev[2](42)     0.149832  4.77979e-06
log_fdev[2](43)    -0.141589  1.65702e-05
log_foff[1]     -6.74932  0.000150404
log_fdov[1](1)       1.2499 -9.43168e-05
log_fdov[1](2)       1.4563 -9.94136e-05
log_fdov[1](3)      1.08784 -7.17775e-05
log_fdov[1](4)     0.972204 -6.83883e-05
log_fdov[1](5)      1.76619 -6.28063e-05
log_fdov[1](6)      1.54841 -7.26984e-05
log_fdov[1](7)      0.98207 -5.33167e-05
log_fdov[1](8)     0.712248 -2.65179e-05
log_fdov[1](9)      2.73747  1.99181e-05
log_fdov[1](10)      1.14376  2.69686e-05
log_fdov[1](11)      1.28392  4.11434e-05
log_fdov[1](12)     0.579533  6.60565e-05
log_fdov[1](13)     0.679742  9.74077e-05
log_fdov[1](14)    -0.446828  5.26389e-05
log_fdov[1](15)      0.92759  0.000120264
log_fdov[1](16)     0.813536  5.28397e-05
log_fdov[1](17)     -1.13528   7.4412e-05
log_fdov[1](18)    -0.595213  0.000113308
log_fdov[1](19)     -2.28855   6.2999e-05
log_fdov[1](20)    -0.109834  9.85622e-05
log_fdov[1](21)     -1.47915  5.68949e-05
log_fdov[1](22)     0.146159  7.73069e-05
log_fdov[1](23)     -1.03614  5.51108e-05
log_fdov[1](24)     -0.45436 -2.73417e-05
log_fdov[1](25)      -2.3662 -6.10165e-05
log_fdov[1](26)    -0.208077 -8.90556e-06
log_fdov[1](27)     0.144076 -4.97414e-05
log_fdov[1](28)     0.379233 -8.80265e-05
log_fdov[1](29)     0.517404 -3.14534e-05
log_fdov[1](30)      2.68374 -3.29615e-05
log_fdov[1](31)     0.654099 -2.34551e-05
log_fdov[1](32)       1.0158 -3.81459e-05
log_fdov[1](33)      1.65102 -2.02636e-05
log_fdov[1](34)     0.681663 -5.21092e-05
log_fdov[1](35)    0.0115345 -1.22839e-05
log_fdov[1](36)     -0.18462  -4.3169e-06
log_fdov[1](37)     -1.06215  5.88315e-06
log_fdov[1](38)     -1.30582 -1.83306e-05
log_fdov[1](39)     -4.57148  1.94136e-05
log_fdov[1](40)     -4.87827  7.06342e-05
log_fdov[1](41)     -3.70347  2.47058e-05
rec_dev_est(1982)     0.545878  4.53974e-05
rec_dev_est(1983)     0.338048  -3.0578e-05
rec_dev_est(1984)     0.935932 -0.000170688
rec_dev_est(1985)      1.69231 -0.000428059
rec_dev_est(1986)     0.853438  6.89979e-05
rec_dev_est(1987)      1.13037 -0.000144366
rec_dev_est(1988)    -0.167696  0.000110712
rec_dev_est(1989)    -0.140072  -3.6127e-05
rec_dev_est(1990)     0.274572  1.69309e-05
rec_dev_est(1991)      1.01347  0.000158589
rec_dev_est(1992)   -0.0240556  0.000211382
rec_dev_est(1993)     -0.49229  5.14391e-05
rec_dev_est(1994)    -0.695679  0.000104428
rec_dev_est(1995)    -0.372552  3.58224e-05
rec_dev_est(1996)    -0.106978  0.000511835
rec_dev_est(1997)    -0.565535  0.000397574
rec_dev_est(1998)     -1.05024  6.07622e-05
rec_dev_est(1999)    -0.635102  1.74927e-05
rec_dev_est(2000)    -0.756417 -1.76965e-05
rec_dev_est(2001)    0.0750527 -1.03157e-05
rec_dev_est(2002)     0.982362  5.73643e-05
rec_dev_est(2003)     0.264059  0.000373718
rec_dev_est(2004)     0.193403  0.000429895
rec_dev_est(2005)    -0.748512  0.000111215
rec_dev_est(2006)     -1.56231  2.22781e-05
rec_dev_est(2007)    -0.619743  0.000107643
rec_dev_est(2008)       1.0515  1.74786e-05
rec_dev_est(2009)    -0.764581     0.000115
rec_dev_est(2010)    -0.587381  8.18884e-05
rec_dev_est(2011)    -0.865644  0.000155136
rec_dev_est(2012)    -0.489662   4.0328e-05
rec_dev_est(2013)     -1.05384 -1.76874e-05
rec_dev_est(2014)     0.508543  0.000529015
rec_dev_est(2015)     0.193549  0.000105995
rec_dev_est(2016)   -0.0799556  0.000164041
rec_dev_est(2017)     -1.43334  9.11729e-06
rec_dev_est(2018)     -1.29062   2.8503e-06
rec_dev_est(2019)    -0.743459  6.04546e-05
rec_dev_est(2020)     0.326284   6.4488e-05
rec_dev_est(2021)     0.572632  7.95998e-06
rec_dev_est(2022)      1.14028 -1.46142e-05
rec_dev_est(2023)     0.195762 -5.97442e-06
rec_dev_est(2024)    -0.631639  7.61896e-06
logit_rec_prop_est(1982)      2.75579 -5.92137e-05
logit_rec_prop_est(1983)      1.80769 -5.08395e-05
logit_rec_prop_est(1984)     0.120773 -0.000620405
logit_rec_prop_est(1985)     0.403153  -0.00334514
logit_rec_prop_est(1986)      -2.5836 -0.000561192
logit_rec_prop_est(1987)    -0.713364  -0.00204389
logit_rec_prop_est(1988)      1.15509 -0.000147003
logit_rec_prop_est(1989)    -0.145611 -0.000187756
logit_rec_prop_est(1990)      1.24977 -0.000132122
logit_rec_prop_est(1991)      2.03749  -0.00155922
logit_rec_prop_est(1992)      1.09988   -0.0014611
logit_rec_prop_est(1993)     -1.89047 -0.000226926
logit_rec_prop_est(1994)    -0.518246  0.000216228
logit_rec_prop_est(1995)     -2.27186  3.60299e-05
logit_rec_prop_est(1996)     0.241095    0.0014322
logit_rec_prop_est(1997)      3.10861  0.000286316
logit_rec_prop_est(1998)     -3.28827 -5.47266e-05
logit_rec_prop_est(1999)     0.710169 -0.000164735
logit_rec_prop_est(2000)     -2.18903 -0.000231338
logit_rec_prop_est(2001)      1.90344  9.54338e-05
logit_rec_prop_est(2002)     -1.15469   0.00243031
logit_rec_prop_est(2003)      0.17885   0.00143274
logit_rec_prop_est(2004)      1.53767  8.04062e-05
logit_rec_prop_est(2005)     0.168366  0.000117729
logit_rec_prop_est(2006)      3.03888 -0.000127485
logit_rec_prop_est(2007)      1.52965 -0.000273447
logit_rec_prop_est(2008)     -1.20356   0.00146618
logit_rec_prop_est(2009)    -0.611012  0.000397259
logit_rec_prop_est(2010)    -0.648291  0.000510042
logit_rec_prop_est(2011)      -1.1107  0.000839276
logit_rec_prop_est(2012)    -0.553789 -0.000115562
logit_rec_prop_est(2013)     0.853849 -7.36153e-05
logit_rec_prop_est(2014)     0.376694  0.000884385
logit_rec_prop_est(2015)     -2.55782  0.000329852
logit_rec_prop_est(2016)    -0.844487   0.00052825
logit_rec_prop_est(2017)     -3.26983 -0.000137873
logit_rec_prop_est(2018)     -3.45863 -0.000116751
logit_rec_prop_est(2019)      1.14197  7.42217e-05
logit_rec_prop_est(2020)     0.196936 -0.000207846
logit_rec_prop_est(2021)    0.0115529 -5.43441e-05
logit_rec_prop_est(2022)     0.394399 -0.000217679
logit_rec_prop_est(2023)    -0.319663 -0.000153554
logit_rec_prop_est(2024)      3.31116 -0.000131955
