ParName   Value   Gradient
T_pars_est[3]      13.6747  -0.00332185
T_pars_est[11]       8.4312 -1.51069e-06
T_pars_est[12]      8.44197  4.18262e-06
T_pars_est[13]      8.49293  1.23344e-05
T_pars_est[14]      8.73782 -3.57528e-05
T_pars_est[15]      9.23579  5.68839e-06
T_pars_est[16]      9.91288  1.58853e-05
T_pars_est[17]      10.5953 -6.47027e-07
T_pars_est[18]       11.022 -5.62011e-05
T_pars_est[19]      11.1775  1.92934e-05
T_pars_est[20]      11.3211  5.54985e-06
T_pars_est[21]      11.4041  2.44904e-05
T_pars_est[22]      11.2566  4.04163e-05
T_pars_est[23]       10.956 -2.43812e-05
T_pars_est[24]      10.6503 -4.20958e-06
T_pars_est[25]      10.7506  1.04282e-05
T_pars_est[26]      11.5208 -1.76426e-05
T_pars_est[27]      11.0849 -1.18895e-05
T_pars_est[28]      10.1648  8.37457e-07
T_pars_est[29]      9.18167  2.88989e-07
T_pars_est[30]       8.2055  6.63361e-06
T_pars_est[31]      7.37436  4.65607e-05
T_pars_est[32]      6.92775  2.65539e-05
T_pars_est[33]      13.6137  4.04876e-05
T_pars_est[34]      13.3862  4.05209e-05
T_pars_est[35]      13.1669  5.85254e-05
T_pars_est[36]      13.2991 -8.77274e-06
T_pars_est[37]       12.627 -5.78859e-07
T_pars_est[38]      12.7671  4.36743e-05
T_pars_est[39]      12.6477 -1.36666e-06
T_pars_est[40]      12.4256 -1.47537e-05
T_pars_est[41]      12.3024  4.01768e-05
T_pars_est[42]      11.6818  1.38184e-06
T_pars_est[43]      10.9108   1.8767e-05
T_pars_est[44]      10.6541  1.83988e-05
T_pars_est[45]      10.7549  5.85362e-06
T_pars_est[46]      10.1442 -2.29174e-05
T_pars_est[47]      8.89692 -6.25628e-06
T_pars_est[48]      7.81607  3.79446e-06
T_pars_est[49]      7.00225 -8.56287e-06
T_pars_est[50]      6.42947  1.07416e-05
T_pars_est[51]      6.01609  4.97284e-06
T_pars_est[52]      5.71665 -1.87154e-05
T_pars_est[53]      5.51413  5.82944e-06
T_pars_est[54]       5.4115  4.94175e-06
T_pars_est[55]      9.59123 -5.36777e-06
T_pars_est[56]       9.6508   -1.073e-05
T_pars_est[57]       9.9625  1.99362e-05
T_pars_est[58]      10.9832  5.84296e-05
T_pars_est[59]      12.7948 -5.91471e-06
T_pars_est[60]      13.8232 -1.81058e-05
T_pars_est[61]      13.3695  -2.2706e-05
T_pars_est[62]      12.3415  0.000118367
T_pars_est[63]      11.3252  0.000136356
T_pars_est[64]      10.1563  0.000134859
T_pars_est[65]      9.39813  9.77709e-05
T_pars_est[66]      8.92873  6.52545e-05
T_pars_est[67]      8.63901  4.93383e-05
T_pars_est[68]      8.49821  8.71059e-05
T_pars_est[69]       8.3545   7.5624e-05
T_pars_est[70]      8.17787   6.3565e-05
T_pars_est[71]      7.99641  7.89945e-05
T_pars_est[72]      7.82799  3.34669e-05
T_pars_est[73]       7.6784  8.10104e-05
T_pars_est[74]       7.5449  6.47079e-05
T_pars_est[75]      7.44775  5.75394e-05
T_pars_est[76]      7.39206  6.89835e-05
T_pars_est[77]     -15.1266  -8.7015e-06
T_pars_est[78]     -15.3371  1.56166e-05
T_pars_est[79]     -14.9322  9.47662e-06
T_pars_est[80]     -14.1215  1.23386e-05
T_pars_est[81]     -13.2354  3.77289e-06
T_pars_est[82]     -14.1042  4.19929e-06
T_pars_est[83]     -15.2489 -5.69488e-06
T_pars_est[84]     -16.1895  -9.2669e-06
T_pars_est[85]     -16.8883  8.75662e-07
T_pars_est[86]     -17.3788 -7.61491e-06
T_pars_est[87]     -17.7097 -4.70097e-06
T_pars_est[88]     -17.9837 -9.38444e-06
T_pars_est[89]     -18.2087  5.00716e-06
T_pars_est[90]     -18.4079  1.10094e-05
T_pars_est[91]      -18.583 -1.66707e-06
T_pars_est[92]     -18.7386  6.26863e-06
T_pars_est[93]     -18.8772 -1.18396e-05
log_fbar[1]    0.0885798  0.000104795
log_fbar[2]     -5.51264 -5.15901e-05
log_fdev[1](1)     -1.49934  0.000118147
log_fdev[1](2)     -1.75572  0.000108858
log_fdev[1](3)     -1.16037  0.000110864
log_fdev[1](4)    -0.806914  0.000119271
log_fdev[1](5)    -0.660775  9.18726e-05
log_fdev[1](6)    -0.351892  0.000175776
log_fdev[1](7)     -0.33898 -0.000102307
log_fdev[1](8)    -0.247297  0.000129152
log_fdev[1](9)        0.905  7.05724e-05
log_fdev[1](10)     0.490714  0.000101276
log_fdev[1](11)      0.75946 -9.93461e-05
log_fdev[1](12)      0.74638 -0.000330439
log_fdev[1](13)     0.340159 -0.000119904
log_fdev[1](14)     0.808342  0.000184372
log_fdev[1](15)     0.881322  0.000147631
log_fdev[1](16)      1.02228  0.000160282
log_fdev[1](17)      1.06961  0.000322008
log_fdev[1](18)    -0.113445  6.64843e-05
log_fdev[1](19)   -0.0944413 -3.55096e-05
log_fdev[1](20)     0.385786  -0.00023261
log_fdev[1](21)    -0.438378  -0.00026841
log_fdev[1](22)     -1.99121 -0.000219795
log_fdev[1](23)     -1.00238  -0.00012642
log_fdev[1](24)    -0.934904  2.50511e-05
log_fdev[1](25)    -0.378949   3.1475e-05
log_fdev[1](26)  -0.00346242 -4.22837e-05
log_fdev[1](27)    -0.253999   7.9158e-05
log_fdev[1](28)    -0.659394  0.000209519
log_fdev[1](29)    -0.829049  4.33764e-05
log_fdev[1](30)    -0.234574 -3.83529e-05
log_fdev[1](31)     0.259466  2.98176e-05
log_fdev[1](32)     0.628144  0.000192617
log_fdev[1](33)      1.05111  0.000142514
log_fdev[1](34)      1.17009  3.82657e-05
log_fdev[1](35)     0.739565 -0.000158241
log_fdev[1](36)     0.798397 -0.000214392
log_fdev[1](37)      1.32448 -0.000130358
log_fdev[1](38)      1.46872  5.25653e-05
log_fdev[1](39)      1.32704   0.00014899
log_fdev[1](40)     -1.10087 -0.000300843
log_fdev[1](41)     -1.31973 -0.000288284
log_fdev[2](1)     0.231781  1.12761e-05
log_fdev[2](2)     0.255158 -1.92444e-05
log_fdev[2](3)     0.096723 -2.36147e-06
log_fdev[2](4)   -0.0774021 -2.75515e-05
log_fdev[2](5)     -9.04914  1.51251e-05
log_fdev[2](6)     -5.01819  1.61713e-05
log_fdev[2](7)     -5.50326 -8.18563e-06
log_fdev[2](8)     -1.63714  1.09784e-05
log_fdev[2](9)    -0.359681  4.36617e-05
log_fdev[2](10)      2.23074  5.84661e-06
log_fdev[2](11)      1.71997 -1.52124e-06
log_fdev[2](12)      1.40186 -1.11815e-05
log_fdev[2](13)      1.18202    5.191e-05
log_fdev[2](14)       1.6472   6.6423e-05
log_fdev[2](15)       1.5264  3.44227e-05
log_fdev[2](16)     0.932091  5.37862e-05
log_fdev[2](17)      1.03161  2.96203e-05
log_fdev[2](18)     0.477773  2.06961e-05
log_fdev[2](19)     0.690687 -4.08306e-05
log_fdev[2](20)     0.432117 -6.33772e-06
log_fdev[2](21)    -0.410342 -4.52323e-05
log_fdev[2](22)    -0.413243 -4.12507e-05
log_fdev[2](23)    -0.182176 -2.65476e-06
log_fdev[2](24)    -0.023864  1.86124e-05
log_fdev[2](25)     0.650505   6.5384e-05
log_fdev[2](26)     0.390508   5.0454e-05
log_fdev[2](27)    -0.207643  3.24718e-05
log_fdev[2](28)     0.373939  2.22793e-05
log_fdev[2](29)     -0.83311  1.21167e-05
log_fdev[2](30)    -0.588433  6.73723e-05
log_fdev[2](31)    -0.108034 -3.33967e-05
log_fdev[2](32)      0.16955 -4.02796e-05
log_fdev[2](33)      1.71434 -2.63883e-05
log_fdev[2](34)      2.99524 -2.42097e-05
log_fdev[2](35)    -0.633712 -3.70255e-05
log_fdev[2](36)     0.447148 -2.59902e-05
log_fdev[2](37)      1.76425  2.89646e-05
log_fdev[2](38)      1.01486 -2.06456e-05
log_fdev[2](39)      0.98465 -2.42933e-05
log_fdev[2](40)     0.458712 -2.01293e-05
log_fdev[2](41)    -0.260854 -3.74509e-06
log_fdev[2](42)     0.374889 -2.24669e-05
log_fdev[2](43)     0.111507  2.29012e-05
log_foff[1]     -6.85474  0.000254746
log_fdov[1](1)      1.40394  0.000100458
log_fdov[1](2)      1.57669  0.000140685
log_fdov[1](3)      1.24437  0.000119072
log_fdov[1](4)      1.16544  5.78076e-05
log_fdov[1](5)      2.06182  5.47431e-05
log_fdov[1](6)      2.24393  0.000306745
log_fdov[1](7)     0.928684  2.33907e-05
log_fdov[1](8)     0.340884 -4.83075e-05
log_fdov[1](9)      2.61655  -5.1823e-05
log_fdov[1](10)      1.10297 -6.05411e-05
log_fdov[1](11)      1.34313 -5.88367e-05
log_fdov[1](12)     0.671163 -9.82444e-05
log_fdov[1](13)     0.890446 -7.14133e-05
log_fdov[1](14)    -0.707884  1.78149e-05
log_fdov[1](15)     0.908602   4.2905e-05
log_fdov[1](16)     0.865833  8.07259e-05
log_fdov[1](17)     -1.58427  5.08882e-05
log_fdov[1](18)    -0.315952    2.264e-05
log_fdov[1](19)     -2.58655   3.3695e-05
log_fdov[1](20)    -0.110898  1.94441e-05
log_fdov[1](21)     -1.33335  1.17809e-05
log_fdov[1](22)    -0.485332  7.66939e-06
log_fdov[1](23)    -0.844731 -1.98325e-05
log_fdov[1](24)    -0.459116 -4.27725e-06
log_fdov[1](25)     -2.49366 -1.74352e-05
log_fdov[1](26)    -0.147329 -8.43285e-05
log_fdov[1](27)     0.230846 -0.000100062
log_fdov[1](28)     0.519256  -6.4037e-05
log_fdov[1](29)     0.710235  -4.6491e-05
log_fdov[1](30)      2.77399 -5.63038e-05
log_fdov[1](31)     0.677854 -2.47206e-05
log_fdov[1](32)       1.0566  5.45482e-05
log_fdov[1](33)      1.70929  2.57414e-05
log_fdov[1](34)     0.749086  2.95563e-05
log_fdov[1](35)    0.0693066  2.79786e-05
log_fdov[1](36)   -0.0579346  3.92426e-05
log_fdov[1](37)    -0.844179 -4.40796e-05
log_fdov[1](38)     -1.18168  1.29789e-05
log_fdov[1](39)     -4.46943  3.31827e-05
log_fdov[1](40)     -4.87712  3.89569e-05
log_fdov[1](41)     -5.36147 -8.60961e-05
rec_dev_est(1982)     0.551909  0.000236921
rec_dev_est(1983)     0.203949  0.000270682
rec_dev_est(1984)     0.294892  0.000505059
rec_dev_est(1985)       2.5027  0.000180446
rec_dev_est(1986)     0.101533 -8.29514e-05
rec_dev_est(1987)     0.909513   0.00019464
rec_dev_est(1988)     0.386812  0.000274134
rec_dev_est(1989)    -0.393276 -6.12877e-05
rec_dev_est(1990)    -0.276385  0.000284662
rec_dev_est(1991)      1.24012  0.000547624
rec_dev_est(1992)     0.072024 -0.000227962
rec_dev_est(1993)    -0.417048 -0.000150062
rec_dev_est(1994)     -1.00666 -0.000160239
rec_dev_est(1995)     -1.75481 -0.000198316
rec_dev_est(1996)     0.551709 -0.000724107
rec_dev_est(1997)    -0.200804 -4.07074e-05
rec_dev_est(1998)     -1.01421 -5.42265e-05
rec_dev_est(1999)    -0.801147  0.000171302
rec_dev_est(2000)     -0.84075 -2.04799e-06
rec_dev_est(2001)     0.245805  0.000592464
rec_dev_est(2002)      1.35828  7.36172e-05
rec_dev_est(2003)     0.242216  2.80519e-05
rec_dev_est(2004)     0.426367  9.34931e-05
rec_dev_est(2005)    -0.841502  2.01513e-05
rec_dev_est(2006)     -1.64098 -2.68033e-05
rec_dev_est(2007)    -0.758141 -0.000154589
rec_dev_est(2008)      1.39706 -0.000782783
rec_dev_est(2009)    -0.610146 -0.000320518
rec_dev_est(2010)    -0.457698 -0.000751938
rec_dev_est(2011)    -0.566627 -0.000365371
rec_dev_est(2012)    -0.435464 -0.000357507
rec_dev_est(2013)    -0.918197 -7.29308e-05
rec_dev_est(2014)     0.493663 -0.000459714
rec_dev_est(2015)   -0.0736964 -0.000160101
rec_dev_est(2016)     0.496198 -0.000260038
rec_dev_est(2017)      -1.1717 -3.45336e-05
rec_dev_est(2018)     -1.17783  1.24455e-05
rec_dev_est(2019)    -0.557093 -3.68893e-05
rec_dev_est(2020)     0.414748 -0.000106704
rec_dev_est(2021)     0.788671 -3.30894e-05
rec_dev_est(2022)     0.935497  8.32171e-05
rec_dev_est(2023)   -0.0673675 -6.35556e-05
rec_dev_est(2024)     -1.21614  7.56318e-05
logit_rec_prop_est(1982)      4.55738  8.74634e-05
logit_rec_prop_est(1983)      3.97555  0.000143185
logit_rec_prop_est(1984)      3.91022  0.000608531
logit_rec_prop_est(1985)     -0.80141   0.00392628
logit_rec_prop_est(1986)     -1.46513 -0.000210403
logit_rec_prop_est(1987)    -0.447251  0.000845661
logit_rec_prop_est(1988)      1.36021   0.00157753
logit_rec_prop_est(1989)     -1.17498  0.000672026
logit_rec_prop_est(1990)      1.80108  0.000783211
logit_rec_prop_est(1991)      2.07642  3.46956e-05
logit_rec_prop_est(1992)     0.988554 -0.000205132
logit_rec_prop_est(1993)    -0.942694 -0.000414753
logit_rec_prop_est(1994)    -0.879581 -0.000905164
logit_rec_prop_est(1995)      2.03791 -0.000202771
logit_rec_prop_est(1996)    -0.853265  -0.00352811
logit_rec_prop_est(1997)       1.9336  0.000292801
logit_rec_prop_est(1998)     -3.23221  1.15913e-05
logit_rec_prop_est(1999)     0.668092  0.000638926
logit_rec_prop_est(2000)     -2.82973  0.000388164
logit_rec_prop_est(2001)      1.97034   0.00171329
logit_rec_prop_est(2002)     -1.62518   0.00220434
logit_rec_prop_est(2003)     0.344847   0.00149494
logit_rec_prop_est(2004)      1.83155  0.000922342
logit_rec_prop_est(2005)     0.488773  0.000317176
logit_rec_prop_est(2006)      3.57745  0.000298293
logit_rec_prop_est(2007)      2.83713 -0.000166543
logit_rec_prop_est(2008)     -1.47185   -0.0045761
logit_rec_prop_est(2009)    -0.565757  -0.00145204
logit_rec_prop_est(2010)    -0.705328  -0.00366288
logit_rec_prop_est(2011)     -1.29937  -0.00174339
logit_rec_prop_est(2012)    -0.529435  -0.00173332
logit_rec_prop_est(2013)     0.403862 -1.78372e-07
logit_rec_prop_est(2014)     0.484429 -0.000907258
logit_rec_prop_est(2015)     -1.19059  -0.00114671
logit_rec_prop_est(2016)     -2.43663    -0.001617
logit_rec_prop_est(2017)     -4.37419  0.000245882
logit_rec_prop_est(2018)     -4.40145  0.000334941
logit_rec_prop_est(2019)     -1.06205  0.000158871
logit_rec_prop_est(2020)     0.790074  0.000362857
logit_rec_prop_est(2021)     -1.12228  5.75446e-05
logit_rec_prop_est(2022)    -0.327591 -8.45268e-05
logit_rec_prop_est(2023)     -1.65308  0.000429539
logit_rec_prop_est(2024)    -0.646422  0.000340578
