ParName   Value   Gradient
T_pars_est[3]       13.682   0.00445416
T_pars_est[11]      8.45957  4.38641e-06
T_pars_est[12]      8.46834  4.48554e-06
T_pars_est[13]      8.51914 -2.60054e-06
T_pars_est[14]      8.75284 -1.80954e-05
T_pars_est[15]      9.27562 -1.77903e-05
T_pars_est[16]      10.0213   3.7537e-06
T_pars_est[17]      10.7824  4.66765e-06
T_pars_est[18]      11.1956  1.30897e-05
T_pars_est[19]      11.2751 -6.45185e-06
T_pars_est[20]      11.3531 -5.76702e-07
T_pars_est[21]      11.3778  6.07976e-06
T_pars_est[22]      11.1634 -3.08039e-06
T_pars_est[23]      10.8347 -8.88739e-06
T_pars_est[24]      10.5688  5.55648e-06
T_pars_est[25]      10.7212 -1.92755e-05
T_pars_est[26]      11.5013  1.77134e-05
T_pars_est[27]      11.0566  1.74075e-05
T_pars_est[28]       10.131  7.12847e-07
T_pars_est[29]      9.15038 -1.84152e-06
T_pars_est[30]      8.17574 -1.25025e-05
T_pars_est[31]      7.34543 -7.16555e-06
T_pars_est[32]      6.90285  7.79515e-06
T_pars_est[33]      13.6573 -6.40442e-05
T_pars_est[34]      13.3988 -5.25024e-05
T_pars_est[35]      13.1704 -3.70712e-05
T_pars_est[36]       13.325 -5.32034e-06
T_pars_est[37]      12.6574 -2.65276e-06
T_pars_est[38]      12.7782  1.02461e-05
T_pars_est[39]      12.6249  1.61477e-05
T_pars_est[40]      12.3935  2.06957e-06
T_pars_est[41]      12.2682  1.39372e-05
T_pars_est[42]      11.6635 -1.21989e-06
T_pars_est[43]      10.9105  4.72154e-06
T_pars_est[44]      10.6651  2.45191e-05
T_pars_est[45]      10.7682 -3.95551e-06
T_pars_est[46]      10.1379  1.67422e-05
T_pars_est[47]      8.88558  7.77521e-06
T_pars_est[48]      7.80544  1.32587e-05
T_pars_est[49]      6.99378  1.06574e-05
T_pars_est[50]       6.4225 -1.21312e-05
T_pars_est[51]       6.0095 -1.17062e-05
T_pars_est[52]      5.70952 -1.20588e-05
T_pars_est[53]      5.50612  1.63692e-05
T_pars_est[54]      5.40283 -2.68151e-06
T_pars_est[55]      9.61178  1.55741e-05
T_pars_est[56]      9.67029  -7.0712e-06
T_pars_est[57]      9.98663 -2.01873e-06
T_pars_est[58]      11.0512 -2.19748e-05
T_pars_est[59]      12.7654 -3.39234e-05
T_pars_est[60]      13.7768 -3.40295e-05
T_pars_est[61]      13.3274  1.48419e-05
T_pars_est[62]      12.3695  3.37521e-06
T_pars_est[63]      11.3799 -2.89316e-05
T_pars_est[64]       10.246 -1.68519e-05
T_pars_est[65]      9.48213 -4.68229e-05
T_pars_est[66]      9.04725 -3.07768e-05
T_pars_est[67]       8.8707 -2.78466e-05
T_pars_est[68]      8.73059 -3.64591e-05
T_pars_est[69]      8.54222  -3.3207e-05
T_pars_est[70]      8.31104 -4.90564e-05
T_pars_est[71]      8.07759  -3.1501e-05
T_pars_est[72]      7.86647  -1.5036e-05
T_pars_est[73]      7.68384 -4.59128e-05
T_pars_est[74]      7.52604 -3.17829e-05
T_pars_est[75]      7.41362 -1.91651e-05
T_pars_est[76]      7.35034 -1.59853e-05
T_pars_est[77]     -15.1266  5.42552e-06
T_pars_est[78]     -15.3371 -1.01356e-05
T_pars_est[79]     -14.9322   5.7383e-06
T_pars_est[80]     -14.1215 -1.00644e-05
T_pars_est[81]     -13.2354 -1.30372e-05
T_pars_est[82]     -14.1042 -1.04045e-05
T_pars_est[83]     -15.2489  3.10454e-05
T_pars_est[84]     -16.1895    -1.61e-05
T_pars_est[85]     -16.8883  1.84926e-06
T_pars_est[86]     -17.3788  9.33183e-06
T_pars_est[87]     -17.7097  2.73857e-06
T_pars_est[88]     -17.9837  -7.9353e-07
T_pars_est[89]     -18.2087 -1.60723e-06
T_pars_est[90]     -18.4079 -3.50145e-06
T_pars_est[91]      -18.583  7.00258e-06
T_pars_est[92]     -18.7386 -3.34996e-06
T_pars_est[93]     -18.8772  8.37828e-07
log_fbar[1]    0.0871954  0.000441695
log_fbar[2]     -5.51307  1.83131e-05
log_fdev[1](1)     -1.46712  5.28668e-06
log_fdev[1](2)     -1.73527  1.01063e-05
log_fdev[1](3)     -1.13626  9.26491e-06
log_fdev[1](4)    -0.786351 -3.94649e-06
log_fdev[1](5)    -0.649426  5.44129e-05
log_fdev[1](6)    -0.344833 -0.000107843
log_fdev[1](7)    -0.339323 -0.000264646
log_fdev[1](8)    -0.258422 -5.03846e-05
log_fdev[1](9)     0.897343  5.55823e-05
log_fdev[1](10)     0.487545  2.53417e-05
log_fdev[1](11)     0.750108 -5.29435e-05
log_fdev[1](12)     0.745159  1.72085e-05
log_fdev[1](13)     0.357449 -9.98607e-05
log_fdev[1](14)     0.810697  0.000116266
log_fdev[1](15)     0.857353  0.000104359
log_fdev[1](16)      1.00827  5.22032e-06
log_fdev[1](17)      1.06569 -1.69134e-05
log_fdev[1](18)    -0.118212 -0.000116909
log_fdev[1](19)   -0.0922456   7.2207e-05
log_fdev[1](20)     0.383033  0.000192465
log_fdev[1](21)    -0.452197 -3.39084e-05
log_fdev[1](22)     -1.99472  1.77077e-05
log_fdev[1](23)     -1.00124  0.000105298
log_fdev[1](24)    -0.937449  0.000374793
log_fdev[1](25)    -0.382475  0.000238968
log_fdev[1](26)    -0.013594  3.94823e-05
log_fdev[1](27)    -0.281369  9.55778e-05
log_fdev[1](28)    -0.672603 -8.97249e-05
log_fdev[1](29)    -0.827031 -0.000191047
log_fdev[1](30)    -0.229204 -8.82225e-05
log_fdev[1](31)     0.264938 -2.49318e-05
log_fdev[1](32)     0.631484 -8.14645e-05
log_fdev[1](33)       1.0567 -2.99997e-05
log_fdev[1](34)      1.17505 -5.78365e-05
log_fdev[1](35)     0.742805 -1.94819e-05
log_fdev[1](36)     0.812046  0.000104664
log_fdev[1](37)      1.32874  8.62993e-05
log_fdev[1](38)      1.46541 -6.05134e-05
log_fdev[1](39)      1.33148 -2.42221e-05
log_fdev[1](40)     -1.09903  0.000212953
log_fdev[1](41)     -1.35293  0.000148229
log_fdev[2](1)      0.25639  1.74628e-06
log_fdev[2](2)     0.273055  1.76822e-06
log_fdev[2](3)     0.116593 -1.13782e-05
log_fdev[2](4)   -0.0613552  6.74877e-06
log_fdev[2](5)     -9.04375  3.81779e-06
log_fdev[2](6)     -5.02371  -6.4995e-06
log_fdev[2](7)     -5.50547  7.96468e-06
log_fdev[2](8)     -1.63524  2.38129e-05
log_fdev[2](9)     -0.35454  3.63174e-06
log_fdev[2](10)      2.23576 -5.08134e-05
log_fdev[2](11)      1.72292  9.92874e-06
log_fdev[2](12)      1.41167 -2.32444e-06
log_fdev[2](13)      1.19651 -6.40394e-06
log_fdev[2](14)      1.64439  1.26589e-05
log_fdev[2](15)       1.5103  6.33957e-06
log_fdev[2](16)     0.919005 -3.15938e-05
log_fdev[2](17)       1.0258 -2.00631e-05
log_fdev[2](18)     0.473818 -8.86342e-06
log_fdev[2](19)     0.689483 -1.53633e-05
log_fdev[2](20)     0.426735  -1.7551e-05
log_fdev[2](21)    -0.420272  1.65716e-05
log_fdev[2](22)    -0.417088  8.30897e-06
log_fdev[2](23)    -0.181554 -1.37002e-06
log_fdev[2](24)   -0.0253311  2.44958e-05
log_fdev[2](25)     0.646867  3.59985e-05
log_fdev[2](26)     0.379807  1.87641e-05
log_fdev[2](27)    -0.227977 -4.49699e-05
log_fdev[2](28)     0.364201 -4.76487e-05
log_fdev[2](29)    -0.831127 -5.03201e-06
log_fdev[2](30)    -0.583472  2.07975e-05
log_fdev[2](31)    -0.103546  1.76411e-05
log_fdev[2](32)     0.173691  4.02805e-05
log_fdev[2](33)      1.71968  1.12964e-05
log_fdev[2](34)      3.00092  2.14682e-05
log_fdev[2](35)    -0.627823  2.71464e-06
log_fdev[2](36)     0.455649  1.14818e-05
log_fdev[2](37)      1.76634 -3.76372e-05
log_fdev[2](38)      1.01414  8.72311e-06
log_fdev[2](39)     0.985665  1.54399e-05
log_fdev[2](40)     0.457235 -2.03582e-05
log_fdev[2](41)    -0.269922 -8.29585e-06
log_fdev[2](42)     0.359672  9.41516e-06
log_fdev[2](43)    0.0858855  1.39234e-05
log_foff[1]     -6.73422 -0.000114914
log_fdov[1](1)       1.1717  8.64831e-06
log_fdov[1](2)      1.35617 -2.09985e-05
log_fdov[1](3)      1.02012  8.70128e-06
log_fdov[1](4)     0.943711 -9.69201e-07
log_fdov[1](5)      1.82179 -0.000112497
log_fdov[1](6)      1.41089 -6.98935e-05
log_fdov[1](7)     0.608331 -4.75552e-05
log_fdov[1](8)     0.407292 -9.91394e-05
log_fdov[1](9)       2.7247 -9.45699e-06
log_fdov[1](10)       1.2945 -3.12042e-05
log_fdov[1](11)      1.41244 -3.18136e-05
log_fdov[1](12)       0.7172 -6.50288e-05
log_fdov[1](13)      0.90981 -4.23806e-05
log_fdov[1](14)    -0.422395   6.1026e-05
log_fdov[1](15)     0.961717  3.92018e-05
log_fdov[1](16)     0.952659  3.07988e-05
log_fdov[1](17)    -0.883112  2.27935e-05
log_fdov[1](18)     -0.36721  -5.6643e-06
log_fdov[1](19)     -2.29278  4.05637e-05
log_fdov[1](20)   -0.0788571  7.18768e-05
log_fdov[1](21)     -1.35908  1.90555e-05
log_fdov[1](22)     0.302446 -3.08445e-05
log_fdov[1](23)    -0.900328  1.65021e-05
log_fdov[1](24)    -0.541438  6.97541e-05
log_fdov[1](25)     -2.51045 -1.65157e-05
log_fdov[1](26)    -0.237002 -0.000111977
log_fdov[1](27)     0.158445 -1.18411e-05
log_fdov[1](28)      0.43537  1.77495e-05
log_fdov[1](29)     0.616597 -7.48026e-05
log_fdov[1](30)      2.67132  2.56581e-06
log_fdov[1](31)     0.571624 -7.06594e-06
log_fdov[1](32)     0.956122 -2.62481e-05
log_fdov[1](33)      1.61195 -4.04202e-05
log_fdov[1](34)     0.646397  9.15651e-06
log_fdov[1](35)   -0.0134957  4.88044e-05
log_fdov[1](36)    -0.170165  -7.8831e-06
log_fdov[1](37)    -0.945005 -1.29356e-05
log_fdov[1](38)     -1.18336 -9.84532e-05
log_fdov[1](39)     -4.59422 -8.67663e-06
log_fdov[1](40)     -4.99997  3.60693e-05
log_fdov[1](41)     -4.18445   6.4216e-05
rec_dev_est(1982)     0.523518 -0.000122578
rec_dev_est(1983)     0.269423  4.83378e-05
rec_dev_est(1984)      1.36868 -0.000161584
rec_dev_est(1985)      2.09769  -0.00017183
rec_dev_est(1986)     0.117333 -9.11606e-05
rec_dev_est(1987)     0.851774  2.27736e-05
rec_dev_est(1988)     0.403737   6.0837e-05
rec_dev_est(1989)    -0.243091 -1.06182e-05
rec_dev_est(1990)    -0.148683  7.38364e-05
rec_dev_est(1991)      1.26887    0.0002956
rec_dev_est(1992)    0.0842578  4.14854e-05
rec_dev_est(1993)     -0.31524   0.00014897
rec_dev_est(1994)     -0.96429  5.64206e-05
rec_dev_est(1995)      -1.7726  0.000139832
rec_dev_est(1996)     0.563761  0.000249628
rec_dev_est(1997)     -0.22821  0.000644941
rec_dev_est(1998)     -1.01908  8.01907e-05
rec_dev_est(1999)    -0.813929   0.00029438
rec_dev_est(2000)    -0.853505  2.43786e-05
rec_dev_est(2001)     0.204121   0.00028475
rec_dev_est(2002)      1.35405 -0.000146932
rec_dev_est(2003)     0.203299 -0.000321654
rec_dev_est(2004)     0.403443 -0.000247919
rec_dev_est(2005)    -0.858306  5.37594e-05
rec_dev_est(2006)     -1.62447 -6.59669e-05
rec_dev_est(2007)    -0.765619   4.6439e-05
rec_dev_est(2008)      1.37622  0.000160403
rec_dev_est(2009)    -0.631191  5.01826e-05
rec_dev_est(2010)    -0.474652  0.000125169
rec_dev_est(2011)    -0.592645    0.0001539
rec_dev_est(2012)    -0.465788  0.000228709
rec_dev_est(2013)    -0.914561  9.86331e-05
rec_dev_est(2014)     0.475549  0.000390439
rec_dev_est(2015)   -0.0853736  5.56462e-05
rec_dev_est(2016)     0.519373  0.000132354
rec_dev_est(2017)     -1.18781  4.04915e-05
rec_dev_est(2018)     -1.19195 -7.05368e-06
rec_dev_est(2019)    -0.571094  6.71952e-05
rec_dev_est(2020)     0.425682  1.20927e-05
rec_dev_est(2021)     0.782805 -5.83336e-06
rec_dev_est(2022)      0.89563 -2.01479e-05
rec_dev_est(2023)    -0.490556  9.89858e-06
rec_dev_est(2024)     -1.55686  1.69804e-05
logit_rec_prop_est(1982)      4.36083 -0.000147484
logit_rec_prop_est(1983)       4.1015 -4.24843e-05
logit_rec_prop_est(1984)    -0.744396  0.000378998
logit_rec_prop_est(1985)    -0.144191 -0.000414668
logit_rec_prop_est(1986)     -1.53041 -0.000437823
logit_rec_prop_est(1987)    -0.330592  0.000113122
logit_rec_prop_est(1988)      1.02061 -0.000431207
logit_rec_prop_est(1989)     -1.30074 -0.000186166
logit_rec_prop_est(1990)      1.57049 -0.000111863
logit_rec_prop_est(1991)      1.83462 -0.000405827
logit_rec_prop_est(1992)     0.777182 -0.000583663
logit_rec_prop_est(1993)    -0.974655  8.61568e-05
logit_rec_prop_est(1994)     -1.05451 -0.000172022
logit_rec_prop_est(1995)      1.67536 -0.000155225
logit_rec_prop_est(1996)    -0.806124   0.00118443
logit_rec_prop_est(1997)      1.91643  0.000278368
logit_rec_prop_est(1998)     -3.24919  0.000212066
logit_rec_prop_est(1999)     0.664861  0.000837498
logit_rec_prop_est(2000)     -2.18321 -0.000157364
logit_rec_prop_est(2001)      1.98612  0.000193898
logit_rec_prop_est(2002)     -1.47936 -0.000839216
logit_rec_prop_est(2003)     0.314382  -0.00115952
logit_rec_prop_est(2004)       1.8384 -0.000503348
logit_rec_prop_est(2005)     0.508973 -0.000327024
logit_rec_prop_est(2006)      3.67629 -4.81322e-05
logit_rec_prop_est(2007)      2.86161 -9.67617e-05
logit_rec_prop_est(2008)     -1.46349  0.000361069
logit_rec_prop_est(2009)    -0.526576  0.000105347
logit_rec_prop_est(2010)    -0.682466  0.000337837
logit_rec_prop_est(2011)     -1.30048  0.000494082
logit_rec_prop_est(2012)    -0.529311  0.000931419
logit_rec_prop_est(2013)     0.516261   0.00033073
logit_rec_prop_est(2014)     0.496266   0.00170444
logit_rec_prop_est(2015)     -1.22408  0.000406851
logit_rec_prop_est(2016)     -2.36037  0.000361678
logit_rec_prop_est(2017)     -4.36399 -9.76459e-05
logit_rec_prop_est(2018)     -4.41456 -0.000173566
logit_rec_prop_est(2019)    -0.934387 -0.000346731
logit_rec_prop_est(2020)     0.874534 -0.000286259
logit_rec_prop_est(2021)     -1.01707 -0.000172366
logit_rec_prop_est(2022)   -0.0626431  2.45443e-06
logit_rec_prop_est(2023)    -0.869029 -0.000336062
logit_rec_prop_est(2024)      2.55112 -0.000190672
