ParName   Value   Gradient
T_pars_est[3]      14.3598   -0.0120238
T_pars_est[11]      9.64253 -1.06706e-05
T_pars_est[12]      9.65314  1.65448e-05
T_pars_est[13]      9.68911  1.75269e-05
T_pars_est[14]      9.80677  1.89195e-05
T_pars_est[15]      10.2431  2.21188e-05
T_pars_est[16]       10.787 -1.29471e-05
T_pars_est[17]      11.2205  2.83104e-05
T_pars_est[18]      11.4207  2.12817e-07
T_pars_est[19]       11.511 -4.85004e-05
T_pars_est[20]       11.545  -1.3981e-05
T_pars_est[21]      11.5075  1.98416e-05
T_pars_est[22]      11.2643 -2.24478e-06
T_pars_est[23]       10.954  2.90979e-05
T_pars_est[24]      10.6933  7.34994e-05
T_pars_est[25]       10.823  0.000106597
T_pars_est[26]      11.8813 -0.000186349
T_pars_est[27]      11.3796 -0.000344582
T_pars_est[28]       10.412  2.36732e-06
T_pars_est[29]       9.3608 -0.000106523
T_pars_est[30]      8.36294 -5.57745e-05
T_pars_est[31]      7.54572  2.63002e-06
T_pars_est[32]      7.15361 -2.86026e-06
T_pars_est[33]      12.3198  -2.6736e-05
T_pars_est[34]      12.4441  7.44461e-06
T_pars_est[35]      13.2658 -3.81811e-05
T_pars_est[36]      13.7562 -7.57472e-05
T_pars_est[37]        13.08 -0.000112734
T_pars_est[38]      13.1673  -0.00015056
T_pars_est[39]      12.8808 -0.000157655
T_pars_est[40]      12.6411 -0.000151073
T_pars_est[41]      12.5892  -0.00017032
T_pars_est[42]      12.0624 -0.000115565
T_pars_est[43]       11.391 -0.000108563
T_pars_est[44]      11.2724 -7.77744e-05
T_pars_est[45]       11.425 -0.000127995
T_pars_est[46]      10.5125 -9.29888e-05
T_pars_est[47]      9.13152 -9.12859e-06
T_pars_est[48]      8.07277 -4.39579e-06
T_pars_est[49]      7.30998   -1.196e-06
T_pars_est[50]      6.77773 -4.49573e-06
T_pars_est[51]      6.39015   3.4128e-06
T_pars_est[52]      6.10185 -1.02212e-06
T_pars_est[53]      5.90062  2.68611e-05
T_pars_est[54]      5.79574 -3.28344e-05
T_pars_est[55]      12.2114 -1.05816e-06
T_pars_est[56]       12.231 -3.54393e-07
T_pars_est[57]      12.2779  9.75755e-06
T_pars_est[58]       12.385 -4.11154e-05
T_pars_est[59]      13.5345 -4.60366e-05
T_pars_est[60]      13.6037  1.89332e-06
T_pars_est[61]      12.9976 -8.21283e-05
T_pars_est[62]      12.1494 -3.01503e-05
T_pars_est[63]      11.0169  3.07021e-05
T_pars_est[64]      9.95851  1.21742e-05
T_pars_est[65]      9.22913 -3.03593e-05
T_pars_est[66]      8.80224 -6.34643e-05
T_pars_est[67]       8.5932 -3.43986e-05
T_pars_est[68]       8.5389 -8.10401e-05
T_pars_est[69]      8.43927 -2.82556e-05
T_pars_est[70]      8.24214 -3.91346e-05
T_pars_est[71]      7.98701 -4.67064e-05
T_pars_est[72]      7.73306 -2.33263e-05
T_pars_est[73]      7.49294 -6.13632e-05
T_pars_est[74]      7.26585 -0.000101271
T_pars_est[75]      7.10934 -4.28484e-05
T_pars_est[76]      7.01816 -4.67699e-06
T_pars_est[77]     -13.8073  1.00788e-05
T_pars_est[78]     -13.8578  1.56054e-06
T_pars_est[79]     -13.9522 -8.03018e-06
T_pars_est[80]     -14.1053 -1.92856e-05
T_pars_est[81]     -13.6378  2.16154e-05
T_pars_est[82]     -13.4632  1.44927e-05
T_pars_est[83]     -14.5894  3.97571e-06
T_pars_est[84]     -15.6108 -1.98772e-05
T_pars_est[85]     -16.4195  2.40171e-05
T_pars_est[86]      -17.048  8.09449e-06
T_pars_est[87]     -17.5017  7.76056e-06
T_pars_est[88]     -17.8433  1.09906e-05
T_pars_est[89]     -18.1137 -5.01234e-05
T_pars_est[90]     -18.3404  1.86234e-05
T_pars_est[91]     -18.5368  1.43625e-05
T_pars_est[92]       -18.71 -7.90083e-06
T_pars_est[93]     -18.8638 -2.02146e-07
G_pars_est[1]     0.986988 -0.000236087
G_pars_est[2]    -0.240963  0.000683954
G_pars_est[4]     -4.79672 -0.000277739
G_pars_est[5]    -0.425844   0.00211706
M_pars_est[1]     0.284525  0.000647984
M_pars_est[2]      1.58398  0.000231848
M_pars_est[3]     0.363977   1.6111e-05
M_pars_est[5]    0.0524871  0.000501989
M_pars_est[7]      2.29806  0.000677575
M_pars_est[9]     0.265304  0.000357485
M_pars_est[10]    -0.438001 -4.02801e-05
M_pars_est[11]      1.13397 -0.000220497
M_pars_est[13]     0.903316  0.000199133
M_pars_est[14]      1.91145 -0.000357798
M_pars_est[15]     0.852395 -0.000120782
S_pars_est[1]      4.66513  0.000828321
S_pars_est[2]      1.65733 -0.000110292
S_pars_est[3]      4.77565  0.000741297
S_pars_est[4]      2.38611   -0.0004005
S_pars_est[5]     -3.26379 -5.95398e-06
S_pars_est[6]     -2.77389   1.5001e-06
S_pars_est[7]     -2.32012 -4.29504e-06
S_pars_est[8]     -1.55575 -4.17245e-06
S_pars_est[9]      -1.5267 -6.43275e-06
S_pars_est[10]     -1.33741   2.8008e-06
S_pars_est[11]      -1.0316 -1.10174e-05
S_pars_est[12]     -1.01104 -1.56537e-05
S_pars_est[13]     -1.13398  5.19097e-06
S_pars_est[14]     -1.10379  4.09181e-07
S_pars_est[15]     -1.03744  1.92554e-08
S_pars_est[16]     -1.00059  2.55124e-06
S_pars_est[17]    -0.980744 -1.97288e-06
S_pars_est[18]    -0.872451  1.68955e-06
S_pars_est[19]    -0.862555 -2.81358e-06
S_pars_est[20]    -0.992707 -9.90341e-06
S_pars_est[21]    -0.850382 -9.75746e-06
S_pars_est[22]    -0.749282  3.15149e-06
S_pars_est[23]    -0.518222 -2.42442e-06
S_pars_est[24]    -0.334592  8.32006e-08
S_pars_est[25]    -0.241637  4.13084e-06
S_pars_est[26]    -0.322208 -1.00135e-05
S_pars_est[27]     -4.33294  1.07387e-05
S_pars_est[28]     -3.47245  3.30947e-05
S_pars_est[29]     -2.78767 -3.15672e-05
S_pars_est[30]     -1.95177  1.21745e-05
S_pars_est[31]     -1.74432 -6.02574e-05
S_pars_est[32]     -1.51331 -3.84385e-05
S_pars_est[33]     -1.27626 -1.57135e-05
S_pars_est[34]     -1.18583 -3.84383e-05
S_pars_est[35]     -1.24265  1.20518e-05
S_pars_est[36]     -1.25111 -1.86744e-05
S_pars_est[37]     -1.22426  1.06839e-05
S_pars_est[38]     -1.17058  1.05702e-06
S_pars_est[39]     -1.13465 -1.44069e-05
S_pars_est[40]    -0.991641 -9.13511e-06
S_pars_est[41]    -0.783987  2.37208e-05
S_pars_est[42]    -0.463383  1.10936e-05
S_pars_est[43]    -0.319563 -2.29763e-06
S_pars_est[44]    -0.207168 -1.79591e-06
S_pars_est[45]    -0.165587  3.14008e-06
S_pars_est[46]    -0.135964 -5.47075e-08
S_pars_est[47]     -0.12549  2.43697e-05
S_pars_est[48]    -0.159096 -6.28925e-06
S_pars_est[49]      4.21337   0.00320002
S_pars_est[50]       0.9951 -0.000315092
S_pars_est[51]     -5.18558 -7.90935e-06
S_pars_est[52]     -5.33669 -1.16555e-06
S_pars_est[53]     -4.26127  6.42574e-05
S_pars_est[54]     -1.74438 -4.69473e-05
S_pars_est[55]      -1.1621  5.55996e-06
S_pars_est[56]    -0.555343  4.82435e-08
S_pars_est[57]    -0.554607 -2.73175e-05
S_pars_est[58]    -0.760555  3.44859e-06
S_pars_est[59]    -0.834624  2.88321e-05
S_pars_est[60]    -0.922804 -1.89363e-05
S_pars_est[61]    -0.909925  2.89649e-06
S_pars_est[62]    -0.871211  4.18696e-06
S_pars_est[63]    -0.838026 -1.85129e-06
S_pars_est[64]    -0.790939  7.01122e-07
S_pars_est[65]    -0.721357 -1.92091e-07
S_pars_est[66]    -0.631054  2.54125e-06
S_pars_est[67]    -0.529412  4.84119e-06
S_pars_est[68]     -0.42354  7.83934e-07
S_pars_est[69]    -0.314027 -2.26345e-06
S_pars_est[70]    -0.199514 -4.02353e-06
S_pars_est[71]   -0.0830137  1.24838e-06
S_pars_est[73]      -3.8757   6.2236e-06
S_pars_est[74]     -3.24336 -0.000101899
S_pars_est[75]     -2.61886  8.23814e-05
S_pars_est[76]    -0.944103 -1.04618e-05
S_pars_est[77]    -0.480502 -1.08553e-06
S_pars_est[78]     -0.22519 -2.07333e-05
S_pars_est[79]    -0.348348  2.24862e-05
S_pars_est[80]    -0.928573 -3.19711e-05
S_pars_est[81]     -1.08668  2.23822e-06
S_pars_est[82]     -1.31624 -5.69825e-06
S_pars_est[83]     -1.29093 -3.28479e-06
S_pars_est[84]    -0.965635  -1.5605e-05
S_pars_est[85]    -0.828351    -6.61e-06
S_pars_est[86]      -0.7779 -8.52068e-06
S_pars_est[87]    -0.710698  2.96469e-06
S_pars_est[88]    -0.623379  4.12319e-06
S_pars_est[89]      -0.5242 -3.37867e-06
S_pars_est[90]    -0.419937 -2.46769e-08
S_pars_est[91]    -0.311313 -3.76145e-06
S_pars_est[92]    -0.197208  1.17045e-06
S_pars_est[93]   -0.0805094  2.92736e-06
S_pars_est[95]       4.5959  -0.00357203
S_pars_est[96]     0.314633   0.00031485
log_fbar[1]    -0.232682  -0.00298805
log_fbar[2]     -5.23197 -0.000788099
log_fdev[1](1)      -1.4254  -3.6464e-05
log_fdev[1](2)     -1.80561 -9.59291e-05
log_fdev[1](3)     -1.16551  -0.00013361
log_fdev[1](4)    -0.802786 -0.000233155
log_fdev[1](5)    -0.647076 -0.000258293
log_fdev[1](6)    -0.233432  -0.00020636
log_fdev[1](7)    -0.176086 -0.000114624
log_fdev[1](8)    -0.138844 -0.000175701
log_fdev[1](9)     0.888177 -3.00855e-05
log_fdev[1](10)     0.394494 -0.000185667
log_fdev[1](11)     0.707724 -8.90909e-05
log_fdev[1](12)     0.825814 -0.000163165
log_fdev[1](13)     0.494883 -0.000562775
log_fdev[1](14)     0.514057 -0.000208388
log_fdev[1](15)     0.550128 -2.67771e-05
log_fdev[1](16)     0.464505  -0.00019643
log_fdev[1](17)      1.03142  -0.00019684
log_fdev[1](18)    -0.419715 -8.35928e-05
log_fdev[1](19)    -0.453504   0.00012072
log_fdev[1](20)        0.155 -4.75649e-05
log_fdev[1](21)     0.316377 -0.000160695
log_fdev[1](22)    -0.390828 -0.000130626
log_fdev[1](23)    -0.580627 -0.000271066
log_fdev[1](24)    -0.766178 -0.000365957
log_fdev[1](25)    -0.174328 -0.000295987
log_fdev[1](26)     0.170353 -0.000219319
log_fdev[1](27)   -0.0987262 -8.85626e-05
log_fdev[1](28)    -0.417888  9.49012e-06
log_fdev[1](29)     -0.73816 -0.000164416
log_fdev[1](30)    -0.031568 -0.000334916
log_fdev[1](31)      0.40594 -0.000157267
log_fdev[1](32)     0.620392 -9.79751e-05
log_fdev[1](33)      1.05141 -5.92925e-05
log_fdev[1](34)     0.996088  0.000113281
log_fdev[1](35)     0.488621 -0.000228905
log_fdev[1](36)      0.23374  9.86516e-05
log_fdev[1](37)      1.10406  -0.00057854
log_fdev[1](38)      0.35725  0.000258383
log_fdev[1](39)     0.890352 -1.52597e-05
log_fdev[1](40)     -1.06028  0.000435998
log_fdev[1](41)     -1.13424 -0.000238382
log_fdev[2](1)     0.191672 -1.95481e-05
log_fdev[2](2)    0.0802857 -1.82883e-05
log_fdev[2](3)    -0.105402  1.44966e-05
log_fdev[2](4)    -0.283729 -4.56563e-06
log_fdev[2](5)      -9.2212 -6.16653e-06
log_fdev[2](6)     -5.03674 -1.92136e-06
log_fdev[2](7)     -5.44739 -8.17169e-06
log_fdev[2](8)     -1.58252 -1.87373e-05
log_fdev[2](9)    -0.286796 -6.05478e-05
log_fdev[2](10)      2.16614 -2.40652e-05
log_fdev[2](11)      1.67156 -5.32417e-05
log_fdev[2](12)      1.52864  -3.8348e-05
log_fdev[2](13)      1.35134 -4.70126e-05
log_fdev[2](14)      1.62755 -3.97692e-05
log_fdev[2](15)      1.44431 -1.52344e-05
log_fdev[2](16)      0.71558 -3.39509e-05
log_fdev[2](17)     0.810833 -1.33464e-05
log_fdev[2](18)     0.275173 -5.31483e-06
log_fdev[2](19)     0.513667 -4.39452e-05
log_fdev[2](20)     0.527034 -1.99841e-05
log_fdev[2](21)     0.149074 -1.10449e-05
log_fdev[2](22)     0.116821 -1.51247e-05
log_fdev[2](23)    0.0953001 -6.08897e-07
log_fdev[2](24)    0.0485786 -2.80713e-05
log_fdev[2](25)     0.777502 -1.36844e-05
log_fdev[2](26)     0.496859  2.01878e-05
log_fdev[2](27)     -0.14858 -1.10485e-05
log_fdev[2](28)     0.480846 -9.71375e-07
log_fdev[2](29)    -0.952619 -4.69508e-05
log_fdev[2](30)     -0.53668 -1.03954e-05
log_fdev[2](31)    0.0104996  4.68036e-05
log_fdev[2](32)     0.243257   4.5462e-06
log_fdev[2](33)      1.79378  2.71712e-06
log_fdev[2](34)      3.00321   1.4738e-05
log_fdev[2](35)    -0.700801 -5.38181e-05
log_fdev[2](36)    0.0894343 -3.60297e-05
log_fdev[2](37)      1.62356 -5.92675e-05
log_fdev[2](38)     0.455267 -0.000120263
log_fdev[2](39)     0.844265 -0.000141161
log_fdev[2](40)     0.479468 -7.60811e-05
log_fdev[2](41)    -0.172277 -5.68059e-05
log_fdev[2](42)     0.532832 -6.05496e-05
log_fdev[2](43)     0.330386 -5.77791e-05
log_foff[1]     -6.82023  -0.00204136
log_fdov[1](1)      1.43058  -1.8716e-05
log_fdov[1](2)      1.72077 -7.17368e-05
log_fdov[1](3)      1.33687 -5.61747e-06
log_fdov[1](4)      1.20504  -6.7546e-05
log_fdov[1](5)      1.94079 -6.21894e-05
log_fdov[1](6)      1.46144 -0.000214199
log_fdov[1](7)       0.5658  -0.00014824
log_fdov[1](8)     0.313206 -0.000132488
log_fdov[1](9)      2.67969 -0.000141541
log_fdov[1](10)      1.28864 -0.000162898
log_fdov[1](11)      1.47976 -0.000129438
log_fdov[1](12)     0.638904 -0.000129997
log_fdov[1](13)     0.712779 -0.000148134
log_fdov[1](14)    -0.514017 -5.29344e-05
log_fdov[1](15)      1.04896 -0.000113869
log_fdov[1](16)      1.18037  -0.00015739
log_fdov[1](17)     -1.83171 -0.000114054
log_fdov[1](18)    -0.283749 -0.000152331
log_fdov[1](19)     -2.32581 -5.51729e-05
log_fdov[1](20)    0.0471344 -0.000113704
log_fdov[1](21)     -2.19306 -7.33975e-05
log_fdov[1](22)      -2.1586 -3.43444e-05
log_fdov[1](23)     -1.23669  -8.9141e-05
log_fdov[1](24)    -0.884684 -0.000135582
log_fdov[1](25)     -2.82799  -0.00015367
log_fdov[1](26)    -0.392154 -0.000167151
log_fdov[1](27)   -0.0188407 -0.000174139
log_fdov[1](28)     0.132926 -0.000144724
log_fdov[1](29)     0.319652   -0.0001416
log_fdov[1](30)      2.35086 -0.000270618
log_fdov[1](31)     0.616043 -0.000160357
log_fdov[1](32)      1.19923 -0.000147426
log_fdov[1](33)      1.84263 -0.000144538
log_fdov[1](34)      1.00332 -9.50651e-05
log_fdov[1](35)     0.360656 -0.000193992
log_fdov[1](36)     0.432804 -0.000149363
log_fdov[1](37)     -1.03607 -6.43748e-06
log_fdov[1](38)     0.231238  0.000422357
log_fdov[1](39)     -3.15569  0.000272193
log_fdov[1](40)     -3.95945  0.000426142
log_fdov[1](41)      -4.7216  0.000234767
rec_dev_est(1982)     0.373323 -0.000202953
rec_dev_est(1983)   -0.0208655 -7.45784e-05
rec_dev_est(1984)      0.89828  -0.00095009
rec_dev_est(1985)      1.69734  -0.00190547
rec_dev_est(1986)     0.962844 -0.000570747
rec_dev_est(1987)     0.274576 -0.000851455
rec_dev_est(1988)    -0.584529 -0.000427611
rec_dev_est(1989)    -0.216098 -0.000180597
rec_dev_est(1990)     0.362964  0.000176041
rec_dev_est(1991)     0.632504  0.000265384
rec_dev_est(1992)    -0.519391 -0.000116205
rec_dev_est(1993)    -0.119286 -0.000170816
rec_dev_est(1994)    -0.774957 -0.000163219
rec_dev_est(1995)     -1.19209 -0.000144038
rec_dev_est(1996)    -0.204803 -0.000348201
rec_dev_est(1997)     -1.23565 -0.000505763
rec_dev_est(1998)    -0.567891 -0.000259517
rec_dev_est(1999)    -0.688799 -0.000182723
rec_dev_est(2000)     -1.73011 -3.96047e-05
rec_dev_est(2001)     -0.35059  0.000125599
rec_dev_est(2002)      1.37681 -0.000733482
rec_dev_est(2003)    -0.220707  0.000151278
rec_dev_est(2004)   -0.0643156  0.000222951
rec_dev_est(2005)    -0.694713  2.72453e-05
rec_dev_est(2006)     -1.32935 -8.82119e-06
rec_dev_est(2007)    -0.137978 -0.000126827
rec_dev_est(2008)     0.777357  7.99795e-05
rec_dev_est(2009)    -0.904177  6.87668e-05
rec_dev_est(2010)    -0.742023 -0.000161349
rec_dev_est(2011)    -0.841343 -2.42985e-05
rec_dev_est(2012)   -0.0246226 -6.37482e-07
rec_dev_est(2013)    -0.548166  6.72994e-05
rec_dev_est(2014)      1.32826 -0.000148236
rec_dev_est(2015)      1.36949 -7.71564e-05
rec_dev_est(2016)      1.39487  0.000189633
rec_dev_est(2017)    -0.428867 -1.92704e-05
rec_dev_est(2018)    -0.661195 -1.58748e-05
rec_dev_est(2019)     -1.05875  -8.5895e-05
rec_dev_est(2020)    -0.213628 -0.000157619
rec_dev_est(2021)      0.20732  8.21935e-06
rec_dev_est(2022)      1.04797  9.95639e-07
rec_dev_est(2023)     0.235631 -2.25358e-05
rec_dev_est(2024)    -0.454538    1.516e-05
logit_rec_prop_est(1982)      2.72231   0.00123841
logit_rec_prop_est(1983)      1.32842 -0.000459917
logit_rec_prop_est(1984)    -0.139872  0.000264459
logit_rec_prop_est(1985)     -1.02662  -0.00437584
logit_rec_prop_est(1986)     -3.48997 -0.000729056
logit_rec_prop_est(1987)    -0.166248  -0.00223513
logit_rec_prop_est(1988)      1.21108  0.000114477
logit_rec_prop_est(1989)    -0.952297  0.000310768
logit_rec_prop_est(1990)      1.38564  0.000878561
logit_rec_prop_est(1991)     0.987681  0.000819734
logit_rec_prop_est(1992)     -1.85049  0.000484928
logit_rec_prop_est(1993)     -1.06579  0.000867719
logit_rec_prop_est(1994)     -1.57391 -0.000368629
logit_rec_prop_est(1995)    -0.755572 -8.42093e-05
logit_rec_prop_est(1996)      -2.1796 -0.000542021
logit_rec_prop_est(1997)      3.83452 -1.32694e-05
logit_rec_prop_est(1998)    -0.734698  -0.00043243
logit_rec_prop_est(1999)    0.0497141 -0.000370192
logit_rec_prop_est(2000)    -0.416893  5.90086e-05
logit_rec_prop_est(2001)       1.6055   0.00047963
logit_rec_prop_est(2002)     -1.83508   0.00329639
logit_rec_prop_est(2003)     0.960046  0.000902798
logit_rec_prop_est(2004)     0.883545    0.0015295
logit_rec_prop_est(2005)    -0.182788   0.00106582
logit_rec_prop_est(2006)    -0.260606   0.00070082
logit_rec_prop_est(2007)    -0.758667   0.00247242
logit_rec_prop_est(2008)     -1.04675     0.001166
logit_rec_prop_est(2009)     -1.09897  0.000479054
logit_rec_prop_est(2010)    -0.824823 -0.000431332
logit_rec_prop_est(2011)    -0.762482 -0.000163177
logit_rec_prop_est(2012)    -0.330658  -0.00105186
logit_rec_prop_est(2013)       1.4341  0.000358445
logit_rec_prop_est(2014)      1.25075  -0.00258898
logit_rec_prop_est(2015)     0.163534  -0.00444997
logit_rec_prop_est(2016)     -2.20602 -4.58709e-05
logit_rec_prop_est(2017)     -1.89109  5.07027e-05
logit_rec_prop_est(2018)     -1.19793  0.000218086
logit_rec_prop_est(2019)      2.88679  -0.00134868
logit_rec_prop_est(2020) -5.73226e-05  0.000603045
logit_rec_prop_est(2021)     0.788209  0.000437734
logit_rec_prop_est(2022)      0.61753 -0.000255937
logit_rec_prop_est(2023)     0.322158  0.000291987
logit_rec_prop_est(2024)      4.31636  0.000208408
