ParName   Value   Gradient
T_pars_est[3]      13.4946  -0.00696409
T_pars_est[11]      8.35405 -1.10906e-05
T_pars_est[12]      8.36185 -7.70614e-05
T_pars_est[13]      8.40901 -8.36547e-07
T_pars_est[14]      8.66825  0.000107837
T_pars_est[15]      9.23033  0.000184909
T_pars_est[16]      9.97908 -0.000155227
T_pars_est[17]      10.7453  1.69101e-05
T_pars_est[18]      11.1404  9.08798e-06
T_pars_est[19]      11.2224  0.000126241
T_pars_est[20]      11.3115 -0.000119804
T_pars_est[21]      11.3462 -0.000180167
T_pars_est[22]       11.127 -0.000314816
T_pars_est[23]      10.8029  0.000101852
T_pars_est[24]      10.5451  9.85962e-05
T_pars_est[25]      10.7104  0.000270972
T_pars_est[26]      11.5423   0.00048474
T_pars_est[27]      11.0908  0.000226583
T_pars_est[28]       10.138  0.000155843
T_pars_est[29]       9.1517  7.84897e-05
T_pars_est[30]      8.18257  8.96214e-05
T_pars_est[31]       7.3611  0.000235215
T_pars_est[32]      6.94292 -0.000264449
T_pars_est[33]      14.9636   0.00012021
T_pars_est[34]      13.6617  0.000374095
T_pars_est[35]      13.1218  8.18989e-05
T_pars_est[36]      13.2953   0.00107205
T_pars_est[37]      12.8603  0.000167152
T_pars_est[38]      12.9723 -0.000230719
T_pars_est[39]      12.7056 -0.000709508
T_pars_est[40]      12.4322 -0.000223498
T_pars_est[41]      12.3379 -0.000243864
T_pars_est[42]      11.7612   0.00018913
T_pars_est[43]      11.0497 -0.000294476
T_pars_est[44]      10.8361  0.000138127
T_pars_est[45]      10.9611   0.00101528
T_pars_est[46]      10.2668   0.00101578
T_pars_est[47]      8.97815 -0.000274814
T_pars_est[48]      7.90394 -0.000274094
T_pars_est[49]      7.10644  0.000204294
T_pars_est[50]      6.54786  5.53055e-05
T_pars_est[51]      6.14075  4.35212e-05
T_pars_est[52]      5.84091  0.000159223
T_pars_est[53]      5.63463 -1.67887e-05
T_pars_est[54]       5.5286 -0.000133702
T_pars_est[55]      9.85491  3.90982e-05
T_pars_est[56]      9.90519  5.49206e-05
T_pars_est[57]      10.2042 -8.37251e-05
T_pars_est[58]       11.471 -9.58778e-05
T_pars_est[59]      13.2722  0.000143851
T_pars_est[60]      14.0044  6.30688e-05
T_pars_est[61]      13.3497  0.000166279
T_pars_est[62]      12.2804  0.000313531
T_pars_est[63]      11.1205  0.000355392
T_pars_est[64]      9.99644  0.000166578
T_pars_est[65]      9.24976  0.000112281
T_pars_est[66]      8.82394  9.55567e-05
T_pars_est[67]      8.61106 -3.05541e-05
T_pars_est[68]       8.5126  0.000254396
T_pars_est[69]      8.37984 -8.25384e-05
T_pars_est[70]      8.20217  1.92714e-05
T_pars_est[71]      8.01056  0.000181668
T_pars_est[72]      7.83273  2.83784e-05
T_pars_est[73]      7.66592 -0.000244363
T_pars_est[74]      7.51763  0.000183914
T_pars_est[75]      7.41197 -3.84395e-05
T_pars_est[76]      7.35283  0.000142109
T_pars_est[77]     -15.2348 -0.000183632
T_pars_est[78]     -15.3431  0.000324564
T_pars_est[79]     -15.5292 -0.000225445
T_pars_est[80]     -15.0323  0.000103803
T_pars_est[81]     -14.0438 -0.000454588
T_pars_est[82]     -13.3199  0.000485356
T_pars_est[83]     -14.4235 -0.000125923
T_pars_est[84]     -15.5266  8.45739e-05
T_pars_est[85]     -16.3747  4.50546e-05
T_pars_est[86]     -17.0311  0.000115692
T_pars_est[87]     -17.4935  4.12136e-06
T_pars_est[88]     -17.8377 -0.000302958
T_pars_est[89]     -18.1101  -0.00010592
T_pars_est[90]     -18.3385  0.000368441
T_pars_est[91]     -18.5362 -2.55779e-05
T_pars_est[92]     -18.7102 -8.50711e-05
T_pars_est[93]     -18.8641 -9.54098e-05
log_fbar[1]    -0.034139 -0.000154009
log_fbar[2]     -5.58503  0.000822968
log_fdev[1](1)     -1.37742   0.00036439
log_fdev[1](2)     -1.70705  -0.00027004
log_fdev[1](3)     -1.09118  0.000448989
log_fdev[1](4)    -0.757784  0.000801262
log_fdev[1](5)    -0.650465  1.87419e-06
log_fdev[1](6)    -0.387215 -0.000324696
log_fdev[1](7)    -0.271656  0.000217877
log_fdev[1](8)    -0.111564  0.000311592
log_fdev[1](9)     0.888865   0.00019632
log_fdev[1](10)     0.316029 -0.000168334
log_fdev[1](11)     0.639265 -0.000178507
log_fdev[1](12)     0.795929 -4.91131e-05
log_fdev[1](13)     0.477471 -0.000278729
log_fdev[1](14)     0.465634 -0.000115061
log_fdev[1](15)     0.447147   0.00012693
log_fdev[1](16)     0.384013 -2.66087e-05
log_fdev[1](17)     0.992857 -0.000146783
log_fdev[1](18)    -0.430197  9.30409e-05
log_fdev[1](19)    -0.419954  7.78484e-06
log_fdev[1](20)       0.1651  5.19773e-05
log_fdev[1](21)     0.192202 -0.000180114
log_fdev[1](22)    -0.497644 -0.000217571
log_fdev[1](23)    -0.704801 -6.91388e-05
log_fdev[1](24)    -0.857069  3.13556e-05
log_fdev[1](25)    -0.191017  6.41325e-05
log_fdev[1](26)     0.105462 -7.40546e-05
log_fdev[1](27)    -0.265569  6.79451e-05
log_fdev[1](28)    -0.597845 -5.82628e-05
log_fdev[1](29)    -0.919003 -0.000111579
log_fdev[1](30)    -0.182209  2.87089e-05
log_fdev[1](31)     0.338514 -6.81869e-05
log_fdev[1](32)     0.588467  0.000105369
log_fdev[1](33)      1.04407  3.48433e-05
log_fdev[1](34)      1.03324 -9.23342e-05
log_fdev[1](35)     0.601291 -7.87824e-05
log_fdev[1](36)     0.717577 -3.60491e-05
log_fdev[1](37)      1.08088 -0.000163687
log_fdev[1](38)      1.50924 -0.000158583
log_fdev[1](39)      1.26106  9.63247e-05
log_fdev[1](40)     -1.15772 -0.000243598
log_fdev[1](41)     -1.46694 -0.000570923
log_fdev[2](1)     0.299997  -1.8746e-05
log_fdev[2](2)     0.265101 -2.68621e-05
log_fdev[2](3)     0.112167  3.97135e-05
log_fdev[2](4)   -0.0818559 -9.91441e-07
log_fdev[2](5)     -9.09306  -1.2357e-05
log_fdev[2](6)     -5.07466 -4.40243e-05
log_fdev[2](7)     -5.44902 -0.000114765
log_fdev[2](8)       -1.504  2.19413e-05
log_fdev[2](9)    -0.281775 -6.05956e-05
log_fdev[2](10)      2.21902  0.000585511
log_fdev[2](11)      1.70511 -7.47336e-05
log_fdev[2](12)      1.47001 -7.78295e-05
log_fdev[2](13)      1.19025 -4.40063e-05
log_fdev[2](14)      1.42322 -0.000153021
log_fdev[2](15)       1.3035  1.25409e-05
log_fdev[2](16)     0.702738   1.6144e-05
log_fdev[2](17)     0.841184 -4.02301e-05
log_fdev[2](18)     0.295485  3.94485e-05
log_fdev[2](19)       0.5467  7.48504e-05
log_fdev[2](20)     0.462055 -4.69844e-05
log_fdev[2](21)   -0.0328149 -6.98503e-05
log_fdev[2](22)    0.0289121 -3.75013e-07
log_fdev[2](23)    0.0821785  5.69828e-05
log_fdev[2](24)    0.0865287  0.000105557
log_fdev[2](25)     0.779246 -5.84492e-05
log_fdev[2](26)     0.433926 -7.06227e-05
log_fdev[2](27)    -0.244732  -0.00021099
log_fdev[2](28)     0.385275  8.07735e-06
log_fdev[2](29)    -0.941267  1.40608e-05
log_fdev[2](30)    -0.540406 -4.91639e-05
log_fdev[2](31)   -0.0380632 -1.65976e-06
log_fdev[2](32)     0.151644 -0.000104976
log_fdev[2](33)      1.70128  9.18679e-05
log_fdev[2](34)      2.93049  8.89655e-05
log_fdev[2](35)    -0.701073 -7.81637e-05
log_fdev[2](36)     0.361245 -7.15436e-05
log_fdev[2](37)      1.65602 -6.78964e-05
log_fdev[2](38)      1.06983  6.13705e-06
log_fdev[2](39)      1.00214  8.45553e-05
log_fdev[2](40)     0.451423 -6.54876e-06
log_fdev[2](41)     -0.31535 -8.94734e-05
log_fdev[2](42)     0.287904 -0.000131259
log_fdev[2](43)    0.0534909 -0.000106012
log_foff[1]     -6.57529 -0.000761901
log_fdov[1](1)      1.16872  0.000230398
log_fdov[1](2)      1.41468  0.000175398
log_fdov[1](3)      1.05958  0.000174315
log_fdov[1](4)     0.920777  -8.9873e-07
log_fdov[1](5)      1.45448 -0.000165875
log_fdov[1](6)      1.12037 -0.000396709
log_fdov[1](7)     0.631471 -8.08485e-05
log_fdov[1](8)     0.553982  4.25976e-05
log_fdov[1](9)      3.09572  3.69247e-05
log_fdov[1](10)      1.69209 -0.000156261
log_fdov[1](11)      1.78183 -0.000206251
log_fdov[1](12)     0.747114   5.5449e-05
log_fdov[1](13)     0.467887 -0.000116205
log_fdov[1](14)    -0.894172  7.95688e-05
log_fdov[1](15)     0.801953  0.000113851
log_fdov[1](16)      1.04174 -2.62518e-05
log_fdov[1](17)      -1.9146  8.89147e-05
log_fdov[1](18)    -0.251168 -2.35397e-05
log_fdov[1](19)      -2.3033 -5.43645e-05
log_fdov[1](20)    0.0514857 -4.85024e-05
log_fdov[1](21)     -2.09451 -0.000189576
log_fdov[1](22)     -2.11945 -0.000207634
log_fdov[1](23)     -1.28947 -0.000153611
log_fdov[1](24)    -0.500903 -6.33603e-05
log_fdov[1](25)     -2.44296  1.26486e-05
log_fdov[1](26)    -0.179999  4.49599e-05
log_fdov[1](27)    0.0778053  0.000143612
log_fdov[1](28)     0.200566    4.277e-05
log_fdov[1](29)     0.467573 -7.29982e-05
log_fdov[1](30)      2.68478   6.7338e-05
log_fdov[1](31)     0.929738 -2.39982e-06
log_fdov[1](32)      1.50303 -2.48795e-05
log_fdov[1](33)      2.15312 -5.52665e-05
log_fdov[1](34)      1.34815  7.38007e-05
log_fdov[1](35)     0.559114  0.000108273
log_fdov[1](36)     0.155244 -3.76679e-05
log_fdov[1](37)    -0.482708  3.13796e-05
log_fdov[1](38)    -0.848994 -0.000237919
log_fdov[1](39)     -3.75613 -0.000140579
log_fdov[1](40)     -4.07512 -0.000183207
log_fdov[1](41)     -4.92952  5.32845e-05
rec_dev_est(1982)    -0.362048 -0.000172668
rec_dev_est(1983)     0.966436 -9.32322e-05
rec_dev_est(1984)      1.45206  0.000300831
rec_dev_est(1985)      1.76763 -0.000293354
rec_dev_est(1986)    -0.477753  7.64391e-05
rec_dev_est(1987)     0.703926 -0.000346504
rec_dev_est(1988)     0.702069 -0.000671188
rec_dev_est(1989)    -0.934896 -0.000158664
rec_dev_est(1990)      1.53209  -0.00101333
rec_dev_est(1991)      1.52714   0.00086277
rec_dev_est(1992)   -0.0672347  0.000674922
rec_dev_est(1993)    -0.270935  0.000322702
rec_dev_est(1994)     -1.44714 -9.05951e-05
rec_dev_est(1995)     -1.21908  5.17579e-05
rec_dev_est(1996)    -0.272021  0.000824255
rec_dev_est(1997)    -0.438553  0.000393895
rec_dev_est(1998)   -0.0208959 -0.000303492
rec_dev_est(1999)    -0.242061 -0.000608528
rec_dev_est(2000)     -1.32625  -0.00069087
rec_dev_est(2001)     0.441881 -0.000411914
rec_dev_est(2002)       1.1364 -0.000955576
rec_dev_est(2003)     0.486694  0.000220411
rec_dev_est(2004)      1.11083  0.000521114
rec_dev_est(2005)    -0.415881 -0.000120966
rec_dev_est(2006)     -1.20385  0.000456598
rec_dev_est(2007)   -0.0858116  0.000236203
rec_dev_est(2008)     0.795852 -0.000275551
rec_dev_est(2009)     -0.72907 -0.000590054
rec_dev_est(2010)    -0.709154 -6.99153e-05
rec_dev_est(2011)    -0.882682  -0.00012463
rec_dev_est(2012)    -0.648639 -0.000953905
rec_dev_est(2013)     0.344816   2.3199e-05
rec_dev_est(2014)     0.406278 -5.30547e-05
rec_dev_est(2015)    -0.699273 -0.000160736
rec_dev_est(2016)    -0.780564 -0.000601105
rec_dev_est(2017)     -2.02184 -0.000571553
rec_dev_est(2018)     -1.41527  4.32138e-05
rec_dev_est(2019)    -0.860462  3.57684e-05
rec_dev_est(2020)     0.900808  8.97262e-05
rec_dev_est(2021)     0.392001  0.000127581
rec_dev_est(2022)      1.09599  1.07953e-05
rec_dev_est(2023)    -0.465437 -0.000125345
rec_dev_est(2024)     -1.33956  4.88054e-06
