ParName   Value   Gradient
T_pars_est[3]      13.6087   0.00960741
T_pars_est[11]      8.48756 -1.98364e-06
T_pars_est[12]      8.50034  9.15828e-06
T_pars_est[13]      8.56001  -5.6763e-05
T_pars_est[14]      8.78628 -3.91924e-05
T_pars_est[15]       9.2881   3.1626e-05
T_pars_est[16]      9.98524   4.6992e-05
T_pars_est[17]      10.7244 -4.83124e-05
T_pars_est[18]      11.1278 -1.51251e-06
T_pars_est[19]      11.2029  3.21905e-05
T_pars_est[20]      11.2763  6.48767e-06
T_pars_est[21]      11.3003 -3.95422e-05
T_pars_est[22]      11.0842 -2.81286e-05
T_pars_est[23]      10.7692  1.71348e-05
T_pars_est[24]      10.5214 -1.23535e-05
T_pars_est[25]      10.6923  1.41576e-06
T_pars_est[26]      11.5287  4.42468e-05
T_pars_est[27]      11.0793  5.20471e-05
T_pars_est[28]      10.1228  0.000101127
T_pars_est[29]      9.13574 -2.62223e-05
T_pars_est[30]      8.16898  1.23761e-05
T_pars_est[31]      7.35007  2.88021e-05
T_pars_est[32]      6.93306 -2.10138e-05
T_pars_est[33]       11.917 -4.88433e-05
T_pars_est[34]      12.4373  2.70964e-05
T_pars_est[35]      13.0971   0.00023205
T_pars_est[36]      13.5944  0.000299404
T_pars_est[37]      12.6805  0.000149291
T_pars_est[38]      12.8063  0.000130492
T_pars_est[39]      12.6996  0.000178191
T_pars_est[40]       12.487   9.4493e-05
T_pars_est[41]      12.3728  4.91537e-05
T_pars_est[42]      11.8029  4.67323e-05
T_pars_est[43]      11.0698  2.05334e-05
T_pars_est[44]      10.8455  2.05287e-05
T_pars_est[45]      10.9644   6.0665e-05
T_pars_est[46]      10.2667  4.21675e-06
T_pars_est[47]      8.97623 -3.81995e-05
T_pars_est[48]      7.90078 -4.51118e-05
T_pars_est[49]      7.10192  9.27967e-06
T_pars_est[50]      6.54275 -1.70758e-05
T_pars_est[51]      6.13498  2.38606e-05
T_pars_est[52]      5.83436 -2.46145e-05
T_pars_est[53]      5.62737  4.90646e-05
T_pars_est[54]      5.52095   4.2135e-06
T_pars_est[55]      9.76842 -2.37284e-05
T_pars_est[56]      9.83496  2.17354e-05
T_pars_est[57]      10.1975 -1.32096e-05
T_pars_est[58]      11.4368  4.06989e-05
T_pars_est[59]      13.2504 -9.45058e-06
T_pars_est[60]      13.9405  1.14824e-05
T_pars_est[61]      13.2832 -6.70453e-05
T_pars_est[62]      12.1824  1.26954e-06
T_pars_est[63]      11.0055  2.88333e-05
T_pars_est[64]      9.87837  -1.8841e-06
T_pars_est[65]      9.14336  4.38026e-05
T_pars_est[66]      8.71753 -3.97127e-05
T_pars_est[67]      8.50434  4.76345e-05
T_pars_est[68]      8.40815  1.27226e-05
T_pars_est[69]      8.28407  9.69392e-05
T_pars_est[70]      8.11895  9.79576e-06
T_pars_est[71]      7.94147  2.81398e-05
T_pars_est[72]       7.7774  5.82135e-05
T_pars_est[73]      7.62456  9.48218e-05
T_pars_est[74]      7.48837  2.07103e-05
T_pars_est[75]      7.39113 -5.34615e-05
T_pars_est[76]      7.33654 -5.95449e-05
T_pars_est[77]     -15.2348  3.25491e-06
T_pars_est[78]     -15.3431 -3.99758e-06
T_pars_est[79]     -15.5292 -4.16793e-05
T_pars_est[80]     -15.0323  -8.5188e-06
T_pars_est[81]     -14.0438  1.00488e-06
T_pars_est[82]     -13.3199   -1.475e-05
T_pars_est[83]     -14.4235    3.832e-05
T_pars_est[84]     -15.5266  -4.5342e-06
T_pars_est[85]     -16.3747  9.23123e-06
T_pars_est[86]     -17.0311 -1.18066e-05
T_pars_est[87]     -17.4935 -4.33266e-05
T_pars_est[88]     -17.8377  4.07364e-05
T_pars_est[89]     -18.1101 -2.16045e-05
T_pars_est[90]     -18.3385  7.37051e-06
T_pars_est[91]     -18.5362  2.69482e-06
T_pars_est[92]     -18.7102  7.55654e-06
T_pars_est[93]     -18.8641  1.42133e-06
log_fbar[1]   -0.0197934    0.0031534
log_fbar[2]     -5.58397 -4.29207e-05
log_fdev[1](1)     -1.37743  -0.00012117
log_fdev[1](2)     -1.71983 -0.000194171
log_fdev[1](3)     -1.11552 -0.000211526
log_fdev[1](4)    -0.768574 -0.000148271
log_fdev[1](5)    -0.631197   0.00039446
log_fdev[1](6)    -0.271159  0.000668955
log_fdev[1](7)    -0.281985  0.000471107
log_fdev[1](8)    -0.226058 -0.000352112
log_fdev[1](9)     0.816863 -0.000209659
log_fdev[1](10)     0.271271  0.000464955
log_fdev[1](11)     0.620104  0.000328703
log_fdev[1](12)     0.770706 -0.000476995
log_fdev[1](13)     0.437127  0.000872091
log_fdev[1](14)     0.486557   0.00079396
log_fdev[1](15)     0.460415  8.37317e-05
log_fdev[1](16)     0.321162 -7.85293e-05
log_fdev[1](17)     0.914774  0.000564382
log_fdev[1](18)    -0.481018 -3.98382e-07
log_fdev[1](19)     -0.45845  0.000357691
log_fdev[1](20)     0.178708  0.000277152
log_fdev[1](21)     0.210299 -0.000762079
log_fdev[1](22)    -0.455774 -0.000744651
log_fdev[1](23)    -0.717762 -0.000125089
log_fdev[1](24)    -0.897148  0.000802029
log_fdev[1](25)    -0.264076  0.000689985
log_fdev[1](26)    0.0477095  0.000424588
log_fdev[1](27)    -0.210001 -0.000261213
log_fdev[1](28)    -0.523404 -0.000394831
log_fdev[1](29)    -0.918977 -5.39779e-05
log_fdev[1](30)    -0.202172  -0.00032981
log_fdev[1](31)     0.308678 -6.14585e-05
log_fdev[1](32)     0.551487  0.000830166
log_fdev[1](33)      1.02496  0.000213985
log_fdev[1](34)      1.05818 -8.38996e-05
log_fdev[1](35)     0.624549  1.70388e-05
log_fdev[1](36)     0.722507  0.000198947
log_fdev[1](37)      1.09641  0.000268908
log_fdev[1](38)       1.5118  0.000480686
log_fdev[1](39)       1.2521  0.000173141
log_fdev[1](40)      -1.0881 -0.000726283
log_fdev[1](41)     -1.07773  0.000220384
log_fdev[2](1)     0.316761 -1.69585e-05
log_fdev[2](2)     0.268779 -2.47288e-05
log_fdev[2](3)     0.108924  6.13913e-05
log_fdev[2](4)   -0.0672887 -6.52219e-06
log_fdev[2](5)     -9.04109  3.85045e-06
log_fdev[2](6)     -4.97615 -5.19856e-05
log_fdev[2](7)     -5.46808  4.43211e-06
log_fdev[2](8)      -1.6005 -4.84058e-05
log_fdev[2](9)    -0.343761 -1.93262e-07
log_fdev[2](10)      2.18776   -3.013e-05
log_fdev[2](11)      1.69701  3.39515e-05
log_fdev[2](12)       1.4544  0.000125754
log_fdev[2](13)      1.18437  0.000140976
log_fdev[2](14)      1.44955   3.6463e-05
log_fdev[2](15)      1.30752   -1.721e-05
log_fdev[2](16)     0.659303 -5.19335e-05
log_fdev[2](17)     0.793227 -8.22231e-05
log_fdev[2](18)      0.26673 -5.41788e-05
log_fdev[2](19)      0.52855 -3.96691e-05
log_fdev[2](20)     0.474147 -0.000111338
log_fdev[2](21)  -0.00695639 -0.000119809
log_fdev[2](22)    0.0603656 -8.19029e-05
log_fdev[2](23)    0.0742819 -6.84463e-05
log_fdev[2](24)    0.0387605 -3.78913e-05
log_fdev[2](25)     0.712833  3.17139e-06
log_fdev[2](26)      0.41426 -1.08277e-05
log_fdev[2](27)    -0.178081 -2.87239e-05
log_fdev[2](28)     0.454298  -7.4701e-05
log_fdev[2](29)    -0.926648 -3.56128e-05
log_fdev[2](30)    -0.564983  3.03309e-05
log_fdev[2](31)     -0.10221  2.79505e-06
log_fdev[2](32)    0.0906288 -4.93158e-05
log_fdev[2](33)      1.65766  7.21681e-06
log_fdev[2](34)      2.89514  -2.1815e-05
log_fdev[2](35)    -0.744962  4.38264e-05
log_fdev[2](36)     0.310126   3.0035e-05
log_fdev[2](37)      1.61061  5.66728e-05
log_fdev[2](38)      1.01486  6.19115e-05
log_fdev[2](39)     0.962693 -5.27286e-05
log_fdev[2](40)     0.484358 -9.97997e-05
log_fdev[2](41)    -0.200311 -1.20188e-05
log_fdev[2](42)     0.475934 -1.24397e-05
log_fdev[2](43)     0.267185 -3.72015e-05
log_foff[1]     -6.72437   0.00427691
log_fdov[1](1)      1.38087 -0.000169537
log_fdov[1](2)      1.63972 -0.000101545
log_fdov[1](3)      1.29794 -0.000119248
log_fdov[1](4)      1.20668 -5.60125e-05
log_fdov[1](5)      2.07358  0.000201811
log_fdov[1](6)      2.21789  0.000249632
log_fdov[1](7)      1.09226  0.000325302
log_fdov[1](8)     0.566879  0.000153468
log_fdov[1](9)      3.01038  0.000122454
log_fdov[1](10)      1.74862  0.000429313
log_fdov[1](11)      1.98288  0.000429705
log_fdov[1](12)     0.908745  1.10443e-05
log_fdov[1](13)     0.646146  0.000165035
log_fdov[1](14)    -0.637994  0.000177959
log_fdov[1](15)      1.07914  4.21395e-05
log_fdov[1](16)      1.39689  9.98712e-05
log_fdov[1](17)     -1.59142  8.31159e-05
log_fdov[1](18)   -0.0980183  0.000144329
log_fdov[1](19)     -2.27255  0.000255528
log_fdov[1](20)    0.0389942  0.000259284
log_fdov[1](21)     -1.99092  0.000320913
log_fdov[1](22)     -1.98866  0.000232288
log_fdov[1](23)     -1.08796  0.000261896
log_fdov[1](24)    -0.522217  0.000379683
log_fdov[1](25)     -2.67373  0.000294567
log_fdov[1](26)    -0.241355  0.000228232
log_fdov[1](27)     0.176179  0.000213791
log_fdov[1](28)     0.348203  0.000212341
log_fdov[1](29)     0.647529  0.000245927
log_fdov[1](30)       2.5513  4.73589e-05
log_fdov[1](31)     0.455227  -2.7991e-05
log_fdov[1](32)     0.963984  0.000231635
log_fdov[1](33)      1.60915  9.49313e-05
log_fdov[1](34)     0.820732  3.49056e-05
log_fdov[1](35)      0.10195 -5.72672e-06
log_fdov[1](36)    -0.230657  2.57036e-05
log_fdov[1](37)    -0.868036  7.75716e-06
log_fdov[1](38)      -1.2833  6.48804e-05
log_fdov[1](39)     -4.22003  0.000102722
log_fdov[1](40)     -4.67947     3.33e-05
log_fdov[1](41)     -5.57555  3.08449e-05
rec_dev_est(1982)     0.934069  0.000128271
rec_dev_est(1983)     0.199461 -0.000212322
rec_dev_est(1984)     0.521317  0.000742537
rec_dev_est(1985)      2.26007   0.00250437
rec_dev_est(1986)    -0.159263  0.000315285
rec_dev_est(1987)      0.15885   0.00181696
rec_dev_est(1988)    -0.157245  0.000602349
rec_dev_est(1989)     -1.10678   0.00032032
rec_dev_est(1990)      1.55876  0.000394409
rec_dev_est(1991)      1.11827  -0.00272592
rec_dev_est(1992)     -0.25274  8.16815e-05
rec_dev_est(1993)    -0.475437 -0.000982827
rec_dev_est(1994)      -1.5799 -0.000391316
rec_dev_est(1995)    -0.613654 -0.000161966
rec_dev_est(1996)     0.121219  -0.00152046
rec_dev_est(1997)    -0.550018 -0.000466268
rec_dev_est(1998)    -0.325755 -9.54245e-05
rec_dev_est(1999)    -0.807552  0.000616009
rec_dev_est(2000)    -0.753835  0.000115229
rec_dev_est(2001)    0.0434072 -3.80395e-05
rec_dev_est(2002)      1.58875  0.000499087
rec_dev_est(2003)     0.117636   0.00013262
rec_dev_est(2004)     0.421592  0.000349269
rec_dev_est(2005)    -0.717232  0.000257083
rec_dev_est(2006)    -0.814474  0.000137379
rec_dev_est(2007)    -0.370438  0.000734949
rec_dev_est(2008)      1.57782   0.00165591
rec_dev_est(2009)    -0.389426  0.000227553
rec_dev_est(2010)     -0.41264  0.000461977
rec_dev_est(2011)     -1.03288  0.000355559
rec_dev_est(2012)    -0.857326  0.000421753
rec_dev_est(2013)     0.500733  0.000321415
rec_dev_est(2014)     0.442223 -0.000529615
rec_dev_est(2015)   -0.0959851  -0.00028291
rec_dev_est(2016)    -0.599442 -0.000127846
rec_dev_est(2017)     -1.68293  4.90869e-05
rec_dev_est(2018)    -0.722256   0.00010578
rec_dev_est(2019)    -0.740667 -9.51874e-05
rec_dev_est(2020)     0.506416 -0.000102797
rec_dev_est(2021)     0.906843  8.83653e-05
rec_dev_est(2022)      1.02753  0.000108951
rec_dev_est(2023)    -0.787173 -0.000106991
rec_dev_est(2024)     -1.58413  1.81794e-06
logit_rec_prop_est(1982)      3.32943  0.000395071
logit_rec_prop_est(1983)      3.87433 -0.000981038
logit_rec_prop_est(1984)      4.33168   0.00114303
logit_rec_prop_est(1985)    -0.868644  0.000373915
logit_rec_prop_est(1986)     -2.84558    0.0010978
logit_rec_prop_est(1987)      2.08491   0.00094253
logit_rec_prop_est(1988)      3.92917   0.00256442
logit_rec_prop_est(1989)      2.03144 -0.000441974
logit_rec_prop_est(1990)    -0.627645  -0.00378733
logit_rec_prop_est(1991)      1.81543  -0.00618187
logit_rec_prop_est(1992)     -1.29268 -0.000301045
logit_rec_prop_est(1993)     0.455392   -0.0032303
logit_rec_prop_est(1994)     0.679764  -0.00100611
logit_rec_prop_est(1995)     -3.14588  -0.00115522
logit_rec_prop_est(1996)    -0.484919  -0.00983609
logit_rec_prop_est(1997)    -0.775251  -0.00351392
logit_rec_prop_est(1998)     0.799263  -0.00065028
logit_rec_prop_est(1999)      2.28462  0.000656179
logit_rec_prop_est(2000)     -3.77692  0.000250055
logit_rec_prop_est(2001)      2.78538   -0.0011383
logit_rec_prop_est(2002)     -1.37725  -0.00405745
logit_rec_prop_est(2003)     0.505644  -0.00180567
logit_rec_prop_est(2004)      2.42764   0.00149417
logit_rec_prop_est(2005)      1.81226  0.000978601
logit_rec_prop_est(2006)     -2.27974  0.000393608
logit_rec_prop_est(2007)     0.783528   0.00373011
logit_rec_prop_est(2008)     -1.43884   0.00717347
logit_rec_prop_est(2009)     -1.04659   0.00151615
logit_rec_prop_est(2010)     -0.62054   0.00240404
logit_rec_prop_est(2011)    0.0691767   0.00208896
logit_rec_prop_est(2012)     0.232657   0.00206737
logit_rec_prop_est(2013)    -0.584133   0.00190664
logit_rec_prop_est(2014)    -0.159446  -0.00294484
logit_rec_prop_est(2015)     -1.30305  -0.00161646
logit_rec_prop_est(2016)     -1.34972  1.93563e-05
logit_rec_prop_est(2017)     -4.60411  0.000962449
logit_rec_prop_est(2018)     -5.21864  0.000357279
logit_rec_prop_est(2019)     -1.28772 -0.000316819
logit_rec_prop_est(2020)     0.448174  0.000764893
logit_rec_prop_est(2021)      -1.1525  0.000780175
logit_rec_prop_est(2022)     -0.31745  0.000412322
logit_rec_prop_est(2023)    0.0330257  0.000897043
logit_rec_prop_est(2024)      1.84435  0.000863404
