ParName   Value   Gradient
T_pars_est[3]       13.696   0.00611075
T_pars_est[11]      8.51228  2.34573e-05
T_pars_est[12]      8.52629  1.00261e-05
T_pars_est[13]      8.59045  -1.9262e-05
T_pars_est[14]      8.82578  7.75743e-06
T_pars_est[15]      9.33525 -1.75445e-05
T_pars_est[16]        10.04 -4.34676e-05
T_pars_est[17]      10.7818 -4.06306e-08
T_pars_est[18]       11.157   2.3677e-05
T_pars_est[19]      11.2091  3.23469e-05
T_pars_est[20]      11.2632  2.35112e-05
T_pars_est[21]      11.2714 -9.53372e-06
T_pars_est[22]      11.0477 -3.29329e-05
T_pars_est[23]      10.7367 -1.37009e-05
T_pars_est[24]      10.5044  7.80411e-06
T_pars_est[25]      10.6861  1.89472e-05
T_pars_est[26]      11.5334  6.49647e-06
T_pars_est[27]      11.0743  6.70805e-05
T_pars_est[28]      10.1072  6.65746e-06
T_pars_est[29]      9.12033  4.72641e-05
T_pars_est[30]      8.15624 -2.18461e-05
T_pars_est[31]       7.3426  6.21286e-06
T_pars_est[32]       6.9297 -1.19247e-05
T_pars_est[33]      11.8658  0.000307643
T_pars_est[34]      12.3283   0.00023201
T_pars_est[35]      12.9505  0.000111475
T_pars_est[36]      13.4734  0.000103887
T_pars_est[37]      12.6883  8.97592e-05
T_pars_est[38]      12.8606  0.000148701
T_pars_est[39]      12.7931  0.000153617
T_pars_est[40]      12.5959   7.0601e-05
T_pars_est[41]      12.4691  5.92986e-05
T_pars_est[42]      11.8995  5.60346e-05
T_pars_est[43]      11.1727  1.77482e-05
T_pars_est[44]      10.9573  1.24224e-05
T_pars_est[45]      11.0665  4.29845e-05
T_pars_est[46]      10.3085 -1.64776e-05
T_pars_est[47]      9.00937  3.42735e-05
T_pars_est[48]      7.94674  4.00924e-05
T_pars_est[49]      7.16165  1.94566e-05
T_pars_est[50]      6.61515   3.9457e-06
T_pars_est[51]      6.21627 -4.00573e-06
T_pars_est[52]      5.92075  1.60347e-06
T_pars_est[53]      5.71593 -2.37918e-05
T_pars_est[54]      5.61042  2.59146e-06
T_pars_est[55]      9.83419 -2.85952e-05
T_pars_est[56]       9.8999  1.13701e-06
T_pars_est[57]      10.2675  4.67397e-05
T_pars_est[58]      11.5483 -4.01628e-06
T_pars_est[59]      13.2597  3.44517e-05
T_pars_est[60]      13.9243  6.27083e-05
T_pars_est[61]      13.2452  3.04888e-05
T_pars_est[62]      12.2211 -1.94967e-05
T_pars_est[63]      11.0695  2.59692e-05
T_pars_est[64]      9.93233  4.25449e-06
T_pars_est[65]      9.16441 -3.98485e-05
T_pars_est[66]      8.72048 -6.10113e-05
T_pars_est[67]      8.53932 -5.27978e-05
T_pars_est[68]      8.46107 -3.76062e-05
T_pars_est[69]      8.33624 -2.54203e-05
T_pars_est[70]       8.1603 -3.03824e-05
T_pars_est[71]       7.9679  7.60738e-08
T_pars_est[72]      7.79352  -3.1357e-05
T_pars_est[73]        7.629  5.43004e-06
T_pars_est[74]      7.48327  -7.4618e-06
T_pars_est[75]      7.38221 -2.12173e-05
T_pars_est[76]      7.32628 -2.61072e-05
T_pars_est[77]     -14.7759  5.16402e-06
T_pars_est[78]     -14.7891  3.12451e-05
T_pars_est[79]     -14.3583  7.51831e-06
T_pars_est[80]     -14.0752  4.15521e-06
T_pars_est[81]     -14.0319   1.4987e-05
T_pars_est[82]     -14.2207 -8.14509e-06
T_pars_est[83]     -14.6446  6.70995e-06
T_pars_est[84]     -15.6173  1.14844e-05
T_pars_est[85]      -16.431  -1.4482e-05
T_pars_est[86]     -17.0748 -2.30073e-05
T_pars_est[87]     -17.5283 -2.49868e-06
T_pars_est[88]     -17.8647  5.77226e-06
T_pars_est[89]       -18.13  8.54556e-06
T_pars_est[90]     -18.3523 -2.79186e-05
T_pars_est[91]      -18.545  1.03098e-05
T_pars_est[92]      -18.715 -1.58897e-05
T_pars_est[93]      -18.866    -4.86e-06
log_fbar[1]    -0.090573   0.00138822
log_fbar[2]     -5.66899  2.18833e-05
log_fdev[1](1)      -1.3067  5.66329e-06
log_fdev[1](2)     -1.69676 -2.96405e-05
log_fdev[1](3)     -1.12287 -3.89123e-05
log_fdev[1](4)    -0.774628 -0.000116747
log_fdev[1](5)    -0.598389 -0.000143312
log_fdev[1](6)    -0.172009  0.000138125
log_fdev[1](7)    -0.116218   0.00039369
log_fdev[1](8)   -0.0626134   8.0182e-05
log_fdev[1](9)     0.937451  8.47581e-05
log_fdev[1](10)     0.335105  0.000167026
log_fdev[1](11)     0.670622  4.96547e-05
log_fdev[1](12)     0.810665 -1.18274e-05
log_fdev[1](13)     0.469284 -9.56101e-05
log_fdev[1](14)     0.567483 -9.83622e-05
log_fdev[1](15)     0.517473 -2.64523e-05
log_fdev[1](16)     0.330347  0.000108078
log_fdev[1](17)     0.948739  0.000543112
log_fdev[1](18)    -0.531789 -0.000107782
log_fdev[1](19)    -0.531744 -0.000224083
log_fdev[1](20)    0.0956682 -0.000345006
log_fdev[1](21)     0.140008 -0.000464781
log_fdev[1](22)    -0.510048 -2.55759e-05
log_fdev[1](23)    -0.757553   0.00017315
log_fdev[1](24)    -0.930069  0.000242747
log_fdev[1](25)    -0.296212  0.000361079
log_fdev[1](26)    0.0521684  0.000320231
log_fdev[1](27)    -0.184489  0.000299804
log_fdev[1](28)    -0.478221  0.000311319
log_fdev[1](29)    -0.850258 -4.13477e-05
log_fdev[1](30)    -0.127781 -0.000123843
log_fdev[1](31)     0.376923  4.66732e-05
log_fdev[1](32)     0.571936  5.38115e-05
log_fdev[1](33)      1.01685 -0.000116018
log_fdev[1](34)      1.02243  -7.4801e-05
log_fdev[1](35)     0.604619  0.000180535
log_fdev[1](36)     0.726762  0.000244869
log_fdev[1](37)      1.11707  0.000183397
log_fdev[1](38)      1.44131  3.33565e-05
log_fdev[1](39)      1.11031  6.93598e-05
log_fdev[1](40)     -1.32368 -0.000196403
log_fdev[1](41)      -1.4912  0.000123166
log_fdev[2](1)     0.394561 -5.01897e-06
log_fdev[2](2)     0.306955 -8.55512e-06
log_fdev[2](3)     0.123247 -1.15141e-05
log_fdev[2](4)    -0.049558  1.44302e-05
log_fdev[2](5)     -8.98195 -2.35713e-06
log_fdev[2](6)     -4.86443  3.19877e-05
log_fdev[2](7)     -5.30463 -5.24523e-06
log_fdev[2](8)     -1.43852  1.18399e-05
log_fdev[2](9)    -0.234946 -7.07663e-05
log_fdev[2](10)      2.25518 -6.92863e-05
log_fdev[2](11)      1.74795 -5.41794e-05
log_fdev[2](12)      1.51073 -1.90916e-05
log_fdev[2](13)      1.24608 -2.55897e-05
log_fdev[2](14)      1.51726 -7.44259e-06
log_fdev[2](15)      1.33303 -2.12236e-05
log_fdev[2](16)     0.626592  1.05031e-05
log_fdev[2](17)     0.747378  2.88655e-05
log_fdev[2](18)     0.230738 -3.44392e-05
log_fdev[2](19)     0.485172 -4.62517e-05
log_fdev[2](20)     0.434687  -4.9457e-05
log_fdev[2](21)   -0.0364928 -2.48871e-05
log_fdev[2](22)    0.0343699  7.02656e-05
log_fdev[2](23)    0.0529085  0.000116239
log_fdev[2](24)    0.0272896  1.93777e-05
log_fdev[2](25)     0.716058  7.11197e-05
log_fdev[2](26)     0.439554  9.01489e-05
log_fdev[2](27)    -0.136389  4.46796e-05
log_fdev[2](28)     0.512815 -2.39914e-05
log_fdev[2](29)    -0.853453  2.57703e-05
log_fdev[2](30)     -0.49518 -5.40798e-05
log_fdev[2](31)   -0.0501338  4.59241e-05
log_fdev[2](32)      0.10236 -4.37748e-06
log_fdev[2](33)      1.65095 -4.15473e-05
log_fdev[2](34)      2.89903 -0.000122696
log_fdev[2](35)      -0.7319 -1.17581e-06
log_fdev[2](36)     0.335356 -1.25721e-05
log_fdev[2](37)      1.62198   2.0809e-05
log_fdev[2](38)      0.97182 -5.19249e-05
log_fdev[2](39)     0.854431 -9.02161e-06
log_fdev[2](40)      0.29895 -0.000102377
log_fdev[2](41)    -0.477291 -5.62292e-05
log_fdev[2](42)     0.174659 -7.12294e-05
log_fdev[2](43)   0.00277914 -1.79107e-05
log_foff[1]     -6.67917 -0.000518674
log_fdov[1](1)       1.3127 -1.78398e-05
log_fdov[1](2)      1.61913 -5.76068e-05
log_fdov[1](3)      1.30762  7.50518e-05
log_fdov[1](4)      1.21321 -8.33481e-05
log_fdov[1](5)      1.98797 -0.000129024
log_fdov[1](6)      1.09676 -4.81121e-05
log_fdov[1](7)     0.429442  0.000166996
log_fdov[1](8)     0.598787  3.08575e-05
log_fdov[1](9)      3.23437 -7.18288e-05
log_fdov[1](10)      2.05255  4.48725e-05
log_fdov[1](11)      2.30071 -7.72095e-06
log_fdov[1](12)      1.09432  -1.5604e-05
log_fdov[1](13)      0.70018   3.6153e-05
log_fdov[1](14)    -0.678563 -5.20717e-05
log_fdov[1](15)      1.04465 -0.000134114
log_fdov[1](16)      1.40164 -8.54043e-06
log_fdov[1](17)     -1.61755 -5.39051e-05
log_fdov[1](18)   -0.0479472  5.44753e-05
log_fdov[1](19)     -2.20773  1.40838e-05
log_fdov[1](20)     0.109281 -1.94412e-05
log_fdov[1](21)     -1.93591  3.78065e-05
log_fdov[1](22)     -1.95226 -8.29027e-05
log_fdov[1](23)     -1.07898  3.99116e-05
log_fdov[1](24)    -0.500725 -0.000102265
log_fdov[1](25)     -2.63833 -0.000208069
log_fdov[1](26)    -0.250785 -0.000118161
log_fdov[1](27)     0.141399  6.19954e-06
log_fdov[1](28)     0.289545  7.24871e-05
log_fdov[1](29)     0.559485  1.21435e-05
log_fdov[1](30)      2.47621 -6.14933e-05
log_fdov[1](31)     0.397955  1.42433e-05
log_fdov[1](32)     0.949011 -5.98235e-05
log_fdov[1](33)      1.61691 -8.76083e-05
log_fdov[1](34)      0.84755  0.000100806
log_fdov[1](35)     0.110475 -7.24916e-05
log_fdov[1](36)    -0.235397  4.36614e-05
log_fdov[1](37)    -0.876299  5.80498e-05
log_fdov[1](38)     -1.17995 -9.00962e-07
log_fdov[1](39)     -4.05417  4.71505e-05
log_fdov[1](40)     -4.45795  0.000119054
log_fdov[1](41)     -5.17931 -2.30679e-05
rec_dev_est(1982)     0.685463   5.5981e-05
rec_dev_est(1983)     0.104729 -2.67427e-05
rec_dev_est(1984)      1.82056 -8.12553e-05
rec_dev_est(1985)       1.3353 -0.000944594
rec_dev_est(1986)    -0.741018 -0.000136886
rec_dev_est(1987)    0.0257566 -0.000609229
rec_dev_est(1988)    -0.254225 -0.000254774
rec_dev_est(1989)      -1.1555 -0.000375112
rec_dev_est(1990)      1.50785  0.000143678
rec_dev_est(1991)      1.26677 -0.000616577
rec_dev_est(1992)    -0.353175 -0.000133713
rec_dev_est(1993)    -0.448344 -0.000632586
rec_dev_est(1994)     -1.54638 -0.000218281
rec_dev_est(1995)    -0.658475  -2.3375e-05
rec_dev_est(1996)     0.078271  2.36887e-05
rec_dev_est(1997)    -0.548915  0.000407712
rec_dev_est(1998)    -0.339244  0.000946912
rec_dev_est(1999)    -0.842254  0.000874649
rec_dev_est(2000)    -0.799685 -6.57286e-05
rec_dev_est(2001)    0.0431373   0.00132462
rec_dev_est(2002)      1.49441 -8.33383e-05
rec_dev_est(2003)     0.122248  0.000656441
rec_dev_est(2004)     0.314482  0.000636688
rec_dev_est(2005)    -0.702487  0.000189256
rec_dev_est(2006)    -0.850637  0.000112203
rec_dev_est(2007)    -0.363382  0.000437262
rec_dev_est(2008)      1.50919  0.000772052
rec_dev_est(2009)    -0.400655  0.000283219
rec_dev_est(2010)    -0.460526  0.000393877
rec_dev_est(2011)     -1.04136  0.000382129
rec_dev_est(2012)    -0.857803  0.000263148
rec_dev_est(2013)     0.425912 -6.40027e-05
rec_dev_est(2014)     0.492253 -0.000218483
rec_dev_est(2015)    -0.330053 -9.54402e-05
rec_dev_est(2016)    -0.424339  4.76895e-05
rec_dev_est(2017)    -0.872536 -1.30586e-05
rec_dev_est(2018)     -1.04181  -7.6105e-05
rec_dev_est(2019)    -0.790786  3.36432e-05
rec_dev_est(2020)     0.655779  7.73629e-05
rec_dev_est(2021)     0.944784 -3.43271e-05
rec_dev_est(2022)       1.2394  9.64112e-05
rec_dev_est(2023)    -0.533913  6.80305e-05
rec_dev_est(2024)      -1.2934 -2.53186e-05
logit_rec_prop_est(1982)      3.10827   1.2643e-05
logit_rec_prop_est(1983)      4.22747  0.000399338
logit_rec_prop_est(1984)     -1.05841  -0.00167171
logit_rec_prop_est(1985)       1.0656  -0.00365428
logit_rec_prop_est(1986)     -2.61316  -0.00037997
logit_rec_prop_est(1987)      3.48952  -0.00142111
logit_rec_prop_est(1988)        4.568 -0.000463104
logit_rec_prop_est(1989)      3.12807 -0.000349506
logit_rec_prop_est(1990)    -0.886658  0.000459752
logit_rec_prop_est(1991)      1.74464 -0.000248391
logit_rec_prop_est(1992)     -1.85788  -0.00112502
logit_rec_prop_est(1993)     0.442606  -0.00274304
logit_rec_prop_est(1994)     0.673307 -0.000919522
logit_rec_prop_est(1995)     -3.46064 -0.000991804
logit_rec_prop_est(1996)    -0.530623 -0.000674221
logit_rec_prop_est(1997)    -0.682917     0.001745
logit_rec_prop_est(1998)     0.818959    0.0036963
logit_rec_prop_est(1999)      2.22333   0.00215072
logit_rec_prop_est(2000)     -4.31091  7.16675e-05
logit_rec_prop_est(2001)      2.04526   0.00128664
logit_rec_prop_est(2002)     -1.35775   0.00368781
logit_rec_prop_est(2003)     0.302335    0.0010758
logit_rec_prop_est(2004)      2.34376  -0.00100829
logit_rec_prop_est(2005)      1.79883 -0.000872414
logit_rec_prop_est(2006)      -2.7497 -0.000146427
logit_rec_prop_est(2007)     0.765301   0.00105167
logit_rec_prop_est(2008)     -1.29196   0.00534349
logit_rec_prop_est(2009)     -1.27867  0.000895627
logit_rec_prop_est(2010)    -0.636394   0.00171894
logit_rec_prop_est(2011)     -0.11709  0.000710413
logit_rec_prop_est(2012)    0.0375985 -0.000500896
logit_rec_prop_est(2013)    -0.540613 -0.000893643
logit_rec_prop_est(2014)     0.151081  -0.00340046
logit_rec_prop_est(2015)      -1.8949  -0.00200285
logit_rec_prop_est(2016)     0.209713  -0.00198784
logit_rec_prop_est(2017)     -4.46872  0.000239875
logit_rec_prop_est(2018)     -4.65766  0.000198112
logit_rec_prop_est(2019)     -2.15287 -0.000497984
logit_rec_prop_est(2020)      0.74422  0.000355265
logit_rec_prop_est(2021)    -0.814238  1.00423e-05
logit_rec_prop_est(2022)     0.233954  0.000147526
logit_rec_prop_est(2023)     0.953308 -0.000355445
logit_rec_prop_est(2024)      2.28663 -0.000460851
