ParName   Value   Gradient
T_pars_est[3]      13.7794   0.00207136
T_pars_est[11]      9.41528 -1.86873e-05
T_pars_est[12]      9.42682  -8.7808e-06
T_pars_est[13]      9.46451 -2.67396e-06
T_pars_est[14]      9.56107 -6.17107e-06
T_pars_est[15]      9.98422 -1.04383e-05
T_pars_est[16]      10.5132 -7.70375e-06
T_pars_est[17]       10.932  1.59607e-05
T_pars_est[18]      11.1095 -1.62844e-05
T_pars_est[19]       11.168  1.63232e-05
T_pars_est[20]      11.2029  5.09387e-06
T_pars_est[21]      11.1957  5.02339e-07
T_pars_est[22]       11.023 -7.16262e-06
T_pars_est[23]      10.8317  1.04437e-05
T_pars_est[24]      10.7339  2.58834e-05
T_pars_est[25]       11.017  6.08339e-05
T_pars_est[26]      11.8315  9.59992e-05
T_pars_est[27]      11.3045 -8.10566e-06
T_pars_est[28]       10.347 -2.14712e-05
T_pars_est[29]      9.31461  1.88316e-05
T_pars_est[30]      8.32719  -1.9471e-05
T_pars_est[31]      7.51312 -2.03141e-06
T_pars_est[32]      7.11836  8.04667e-06
T_pars_est[33]      12.0152 -3.50661e-07
T_pars_est[34]      12.0613  1.90652e-05
T_pars_est[35]       12.392  7.21293e-05
T_pars_est[36]      13.3587  0.000124867
T_pars_est[37]      12.8808  7.16806e-05
T_pars_est[38]      13.0139   6.7095e-05
T_pars_est[39]      12.8348  7.61895e-05
T_pars_est[40]      12.6237  7.48741e-05
T_pars_est[41]      12.5211    7.761e-05
T_pars_est[42]      12.1175   8.6314e-05
T_pars_est[43]      11.4927  5.18028e-05
T_pars_est[44]      11.2634  5.07654e-05
T_pars_est[45]      11.2756  3.29982e-05
T_pars_est[46]      10.3636  1.95667e-05
T_pars_est[47]      9.03939  1.31711e-06
T_pars_est[48]      8.00131  7.53689e-06
T_pars_est[49]      7.25896  6.35911e-06
T_pars_est[50]      6.74353 -2.33476e-06
T_pars_est[51]      6.37094 -1.05456e-05
T_pars_est[52]      6.09484  7.91671e-07
T_pars_est[53]      5.90189  1.45117e-06
T_pars_est[54]      5.80097  2.92006e-06
T_pars_est[55]      11.8044  2.87876e-06
T_pars_est[56]      11.8288  1.19387e-05
T_pars_est[57]      11.8935  4.71507e-06
T_pars_est[58]      12.2243  5.28014e-05
T_pars_est[59]      13.3847 -1.82087e-05
T_pars_est[60]      13.5315  -4.2322e-06
T_pars_est[61]      12.9821  4.19051e-06
T_pars_est[62]      12.1353  2.10947e-05
T_pars_est[63]      11.0346  4.25517e-05
T_pars_est[64]      9.95281  3.32177e-05
T_pars_est[65]      9.22673  5.01532e-05
T_pars_est[66]      8.77047  4.83448e-05
T_pars_est[67]      8.47915  5.33166e-05
T_pars_est[68]      8.38916  6.09426e-05
T_pars_est[69]      8.29451  6.52227e-05
T_pars_est[70]      8.15807   7.0225e-05
T_pars_est[71]      8.00687  6.24691e-05
T_pars_est[72]      7.86215  5.23373e-05
T_pars_est[73]      7.72846  4.38213e-05
T_pars_est[74]      7.60581  4.40704e-05
T_pars_est[75]      7.51684   2.9267e-05
T_pars_est[76]      7.46554  1.44381e-05
T_pars_est[77]     -13.8603   1.8257e-05
T_pars_est[78]     -13.9373  1.19686e-05
T_pars_est[79]     -14.0851  3.19362e-05
T_pars_est[80]     -14.2275 -9.58384e-06
T_pars_est[81]     -13.7563  7.24497e-06
T_pars_est[82]     -13.5184 -7.01168e-05
T_pars_est[83]     -14.5872   5.6515e-06
T_pars_est[84]     -15.5947  -2.0049e-07
T_pars_est[85]     -16.4014  1.02776e-05
T_pars_est[86]     -17.0315  2.40892e-05
T_pars_est[87]     -17.4883 -5.37174e-06
T_pars_est[88]     -17.8337  1.81884e-05
T_pars_est[89]      -18.107 -1.76359e-06
T_pars_est[90]     -18.3359  1.74724e-06
T_pars_est[91]      -18.534  5.36436e-06
T_pars_est[92]     -18.7085  1.63875e-05
T_pars_est[93]     -18.8631  1.34112e-05
G_pars_est[1]      1.08533  0.000298833
G_pars_est[2]    -0.239192 -0.000495315
G_pars_est[4]     -4.60048  0.000134752
G_pars_est[5]    -0.419112 -0.000642531
S_pars_est[5]     -3.02083 -5.28907e-06
S_pars_est[6]     -2.54683  1.70377e-05
S_pars_est[7]     -2.25639  1.89765e-06
S_pars_est[8]     -1.32634 -5.31525e-06
S_pars_est[9]     -1.28266 -7.31706e-06
S_pars_est[10]     -1.08335  2.61083e-06
S_pars_est[11]    -0.803049 -2.56401e-06
S_pars_est[12]    -0.779826  5.09797e-06
S_pars_est[13]    -0.892941  1.53122e-05
S_pars_est[14]    -0.888853  1.00427e-05
S_pars_est[15]    -0.858377   5.8993e-06
S_pars_est[16]      -0.8534  3.44473e-06
S_pars_est[17]    -0.858459  6.65113e-06
S_pars_est[18]    -0.808036  3.06535e-06
S_pars_est[19]    -0.858407  3.58094e-06
S_pars_est[20]    -0.959386 -5.32012e-06
S_pars_est[21]    -0.808572  4.18945e-07
S_pars_est[22]    -0.715391  3.00019e-06
S_pars_est[23]    -0.499545  -1.6294e-06
S_pars_est[24]    -0.326889   4.6094e-06
S_pars_est[25]    -0.238777    1.351e-05
S_pars_est[26]     -0.31748 -1.12597e-05
S_pars_est[27]     -3.41718  3.05302e-06
S_pars_est[28]     -2.30807  1.27137e-05
S_pars_est[29]     -1.70846  -9.5668e-06
S_pars_est[30]     -1.08238  2.60339e-05
S_pars_est[31]    -0.857749 -1.38654e-05
S_pars_est[32]    -0.674737 -1.18007e-06
S_pars_est[33]    -0.501555  1.97582e-05
S_pars_est[34]    -0.462799  2.48945e-05
S_pars_est[35]    -0.573367  1.59274e-05
S_pars_est[36]    -0.624897  1.94615e-05
S_pars_est[37]     -0.62824 -9.31273e-06
S_pars_est[38]    -0.612082 -1.16692e-05
S_pars_est[39]    -0.615026  5.73413e-06
S_pars_est[40]    -0.525821  9.37504e-07
S_pars_est[41]    -0.353487  -6.2284e-06
S_pars_est[42]     -0.23542 -1.22988e-06
S_pars_est[43]    -0.259526  8.98648e-06
S_pars_est[44]    -0.273628  5.64047e-06
S_pars_est[45]    -0.271959  2.19398e-06
S_pars_est[46]    -0.225675  4.54313e-07
S_pars_est[47]    -0.165617  4.53526e-06
S_pars_est[48]    -0.170087  3.78952e-06
S_pars_est[51]     -4.59256 -7.17697e-06
S_pars_est[52]     -4.68832  3.40325e-05
S_pars_est[53]     -3.34286  1.40435e-05
S_pars_est[54]     -1.62159 -2.06301e-05
S_pars_est[55]     -1.03346 -4.07769e-06
S_pars_est[56]    -0.498508 -2.15336e-05
S_pars_est[57]    -0.570882  2.41253e-05
S_pars_est[58]    -0.786238 -1.30863e-05
S_pars_est[59]    -0.855987   4.2097e-08
S_pars_est[60]    -0.937894  9.91093e-06
S_pars_est[61]    -0.921037  1.92549e-05
S_pars_est[62]    -0.872777  9.99586e-06
S_pars_est[63]    -0.836518 -3.81255e-06
S_pars_est[64]    -0.788883 -5.03381e-06
S_pars_est[65]    -0.719626  1.76061e-06
S_pars_est[66]    -0.630302 -3.78015e-06
S_pars_est[67]    -0.529552  4.13197e-06
S_pars_est[68]    -0.424149  8.64268e-06
S_pars_est[69]    -0.314815  1.90986e-06
S_pars_est[70]    -0.200401  6.34353e-06
S_pars_est[71]   -0.0840764   2.0482e-05
S_pars_est[73]     -3.03621  4.18133e-05
S_pars_est[74]     -2.55568 -2.82363e-05
S_pars_est[75]     -2.01577 -2.99143e-05
S_pars_est[76]     -0.81688 -4.31066e-05
S_pars_est[77]    -0.399488   7.9487e-06
S_pars_est[78]    -0.250625 -3.56871e-07
S_pars_est[79]    -0.564054  6.00727e-05
S_pars_est[80]     -1.23301 -1.62556e-05
S_pars_est[81]     -1.47111  9.40191e-06
S_pars_est[82]      -1.8724  1.51431e-05
S_pars_est[83]     -1.85286 -1.46249e-05
S_pars_est[84]     -1.21824  2.67463e-06
S_pars_est[85]    -0.850621 -2.40718e-07
S_pars_est[86]     -0.77916 -8.38202e-06
S_pars_est[87]    -0.710815 -2.30024e-06
S_pars_est[88]    -0.623422  1.91969e-06
S_pars_est[89]    -0.524218  -1.0637e-06
S_pars_est[90]    -0.419937   2.8407e-07
S_pars_est[91]      -0.3113 -1.94221e-06
S_pars_est[92]    -0.197186 -1.06407e-07
S_pars_est[93]   -0.0804784 -9.85345e-07
log_fbar[1]   -0.0423092  0.000952374
log_fbar[2]     -5.62308  0.000245099
log_fdev[1](1)      -1.6074  7.33213e-05
log_fdev[1](2)     -1.98463  9.51819e-05
log_fdev[1](3)     -1.37522  0.000139036
log_fdev[1](4)    -0.993444  0.000126946
log_fdev[1](5)    -0.767736  0.000100227
log_fdev[1](6)    -0.252699 -5.59309e-06
log_fdev[1](7)    -0.123775  5.12868e-05
log_fdev[1](8)   -0.0887233  8.54575e-05
log_fdev[1](9)      0.91613  6.00063e-05
log_fdev[1](10)     0.327024   0.00015899
log_fdev[1](11)     0.637214  0.000121351
log_fdev[1](12)      0.80487  2.60836e-05
log_fdev[1](13)     0.527557  0.000140924
log_fdev[1](14)     0.606578  0.000123972
log_fdev[1](15)     0.584922  8.22702e-05
log_fdev[1](16)     0.414459  8.81003e-05
log_fdev[1](17)       1.0301  0.000239869
log_fdev[1](18)    -0.444467 -0.000203876
log_fdev[1](19)     -0.45128 -0.000247307
log_fdev[1](20)     0.168975  -0.00020574
log_fdev[1](21)     0.253127 -0.000158823
log_fdev[1](22)    -0.504184  0.000230377
log_fdev[1](23)    -0.716392  0.000324276
log_fdev[1](24)    -0.899245  0.000257667
log_fdev[1](25)    -0.294396  6.99244e-05
log_fdev[1](26)    0.0995254 -0.000198381
log_fdev[1](27)    -0.111201 -0.000238713
log_fdev[1](28)    -0.425575  8.64049e-06
log_fdev[1](29)    -0.803688  7.50772e-05
log_fdev[1](30)   -0.0724787 -8.18778e-06
log_fdev[1](31)     0.422387 -9.97135e-06
log_fdev[1](32)     0.607138  1.20242e-05
log_fdev[1](33)      1.08625 -7.45178e-06
log_fdev[1](34)      1.09033  6.32008e-05
log_fdev[1](35)     0.646863  2.69253e-05
log_fdev[1](36)     0.719484 -9.27501e-05
log_fdev[1](37)      1.15466 -5.58131e-05
log_fdev[1](38)      1.53952  9.26378e-06
log_fdev[1](39)      1.13401 -8.87865e-05
log_fdev[1](40)     -1.34262   2.3084e-05
log_fdev[1](41)     -1.51196  0.000294199
log_fdev[2](1)     0.131883  1.22445e-05
log_fdev[2](2)    0.0533083  3.67523e-06
log_fdev[2](3)    -0.109769 -8.97472e-06
log_fdev[2](4)    -0.250033 -1.05449e-05
log_fdev[2](5)     -9.12817 -3.47617e-06
log_fdev[2](6)     -4.91467  1.98087e-05
log_fdev[2](7)     -5.31333  1.19277e-05
log_fdev[2](8)     -1.47675  2.96585e-05
log_fdev[2](9)    -0.275173  1.15562e-05
log_fdev[2](10)      2.22863  3.04086e-05
log_fdev[2](11)      1.70784  3.44246e-05
log_fdev[2](12)      1.51174  6.52624e-06
log_fdev[2](13)      1.28733  2.90972e-05
log_fdev[2](14)      1.55698  3.62211e-05
log_fdev[2](15)      1.40342  1.76404e-05
log_fdev[2](16)     0.724443 -4.66198e-06
log_fdev[2](17)     0.843363  -1.4514e-05
log_fdev[2](18)     0.302235  5.75328e-06
log_fdev[2](19)     0.551341  2.90249e-06
log_fdev[2](20)     0.498912  3.38753e-05
log_fdev[2](21)    0.0258438  4.12314e-05
log_fdev[2](22)    0.0525613  3.54265e-06
log_fdev[2](23)    0.0922029  1.25244e-05
log_fdev[2](24)    0.0570534  3.47816e-05
log_fdev[2](25)     0.723649  8.10765e-06
log_fdev[2](26)     0.478059 -2.39259e-05
log_fdev[2](27)   -0.0806499 -1.23261e-05
log_fdev[2](28)     0.559306  2.54085e-05
log_fdev[2](29)    -0.798958  3.70356e-05
log_fdev[2](30)    -0.417266  3.12817e-05
log_fdev[2](31)    0.0246129  1.68881e-05
log_fdev[2](32)     0.171978  2.09702e-05
log_fdev[2](33)      1.73017  1.84692e-05
log_fdev[2](34)      2.95484  6.97828e-07
log_fdev[2](35)    -0.690692 -1.74441e-05
log_fdev[2](36)     0.361716 -4.25991e-05
log_fdev[2](37)      1.65433 -3.94953e-06
log_fdev[2](38)     0.986138  1.33623e-05
log_fdev[2](39)     0.835088  9.60897e-07
log_fdev[2](40)     0.269372  1.64951e-05
log_fdev[2](41)     -0.49762  5.62109e-05
log_fdev[2](42)     0.153497  6.69411e-05
log_fdev[2](43)    0.0212258  7.02247e-05
log_foff[1]     -6.76343  0.000747668
log_fdov[1](1)       1.6349  8.48816e-05
log_fdov[1](2)      1.92824  6.13303e-05
log_fdov[1](3)      1.58115  8.08674e-05
log_fdov[1](4)      1.45563  6.53133e-05
log_fdov[1](5)      2.16599  4.81896e-05
log_fdov[1](6)      1.64027 -0.000111995
log_fdov[1](7)     0.772857  3.08701e-05
log_fdov[1](8)     0.471004  0.000113367
log_fdov[1](9)      2.77444  0.000102326
log_fdov[1](10)      1.41904  0.000103697
log_fdov[1](11)      1.60555  3.80738e-05
log_fdov[1](12)     0.692349  2.55936e-05
log_fdov[1](13)     0.700947  5.44198e-06
log_fdov[1](14)    -0.593098  3.64741e-06
log_fdov[1](15)      1.03704  9.22706e-06
log_fdov[1](16)      1.25453   8.2565e-05
log_fdov[1](17)     -1.80996  6.74055e-05
log_fdov[1](18)    -0.174893 -4.37749e-05
log_fdov[1](19)     -2.24691  -4.1737e-05
log_fdov[1](20)     0.126509 -6.54216e-05
log_fdov[1](21)     -2.02292 -1.79482e-05
log_fdov[1](22)     -1.91548  1.98064e-05
log_fdov[1](23)    -0.938442  1.26612e-06
log_fdov[1](24)      -0.4434  5.84414e-05
log_fdov[1](25)     -2.63457  5.90613e-05
log_fdov[1](26)    -0.329174  2.51411e-05
log_fdov[1](27)   -0.0339979  4.65798e-05
log_fdov[1](28)    0.0931558  9.12281e-05
log_fdov[1](29)     0.367121  5.66465e-05
log_fdov[1](30)      2.50292  2.21137e-05
log_fdov[1](31)      0.71146 -3.92687e-05
log_fdov[1](32)      1.30062 -1.21003e-05
log_fdov[1](33)      1.87234  4.94261e-06
log_fdov[1](34)     0.983571  5.24578e-05
log_fdov[1](35)     0.240843  1.61598e-05
log_fdov[1](36)    0.0179283  3.38343e-05
log_fdov[1](37)    -0.784975  2.22517e-05
log_fdov[1](38)     -1.35466  6.59817e-05
log_fdov[1](39)       -4.284  2.96008e-05
log_fdov[1](40)     -4.62274  1.14049e-05
log_fdov[1](41)     -5.16118  3.69637e-05
rec_dev_est(1982)     0.530899  9.05578e-05
rec_dev_est(1983)     0.247631  0.000248953
rec_dev_est(1984)      1.19209  0.000571449
rec_dev_est(1985)      1.74718  0.000861155
rec_dev_est(1986)     0.855613  9.06479e-05
rec_dev_est(1987)     0.522018  0.000284547
rec_dev_est(1988)    -0.319593  0.000154426
rec_dev_est(1989)   -0.0377628  3.39967e-05
rec_dev_est(1990)     0.596619 -0.000190054
rec_dev_est(1991)       1.0443 -0.000563131
rec_dev_est(1992)    -0.322734 -0.000155166
rec_dev_est(1993)   -0.0684329 -0.000186795
rec_dev_est(1994)    -0.844621 -0.000130278
rec_dev_est(1995)     -1.14191  0.000174845
rec_dev_est(1996)    -0.245488 -0.000234323
rec_dev_est(1997)    -0.977681  0.000646796
rec_dev_est(1998)    -0.328368  0.000210883
rec_dev_est(1999)     -0.74886  5.07087e-06
rec_dev_est(2000)     -1.68632  2.90881e-05
rec_dev_est(2001)    -0.137289 -0.000655218
rec_dev_est(2002)      1.47816  1.70774e-05
rec_dev_est(2003)    -0.152234  1.73308e-06
rec_dev_est(2004)     0.338098  0.000102775
rec_dev_est(2005)    -0.516069  5.31655e-05
rec_dev_est(2006)     -1.12547  1.10963e-05
rec_dev_est(2007)     0.118671 -0.000122884
rec_dev_est(2008)     0.713333 -0.000383752
rec_dev_est(2009)    -0.891614 -8.53509e-05
rec_dev_est(2010)    -0.543927 -0.000119991
rec_dev_est(2011)    -0.709066 -9.37369e-05
rec_dev_est(2012)    -0.246882 -9.70864e-05
rec_dev_est(2013)    -0.464099 -1.80411e-05
rec_dev_est(2014)     0.512828  0.000205951
rec_dev_est(2015)     0.076689   0.00010335
rec_dev_est(2016)     0.132829  0.000145882
rec_dev_est(2017)     -1.26764  1.77665e-05
rec_dev_est(2018)     -1.53492 -7.22957e-06
rec_dev_est(2019)      -1.2683  4.39111e-05
rec_dev_est(2020)     0.666808  0.000170502
rec_dev_est(2021)       0.4038 -8.71927e-06
rec_dev_est(2022)       1.4111  7.45569e-05
rec_dev_est(2023)   -0.0698434  3.50356e-05
rec_dev_est(2024)    -0.530253 -5.54293e-05
logit_rec_prop_est(1982)      3.14516  0.000306603
logit_rec_prop_est(1983)      1.84911 -0.000430242
logit_rec_prop_est(1984)    0.0347485   0.00140591
logit_rec_prop_est(1985)    -0.331536   0.00110912
logit_rec_prop_est(1986)     -3.26811  0.000441385
logit_rec_prop_est(1987)     0.115743  0.000330962
logit_rec_prop_est(1988)       1.4758   0.00016707
logit_rec_prop_est(1989)    -0.925295  6.80981e-05
logit_rec_prop_est(1990)      1.44248  0.000125588
logit_rec_prop_est(1991)      1.36403  -0.00104998
logit_rec_prop_est(1992)     -1.14384 -0.000680092
logit_rec_prop_est(1993)    -0.712225   -0.0010072
logit_rec_prop_est(1994)      -1.2855 -0.000272386
logit_rec_prop_est(1995)    -0.444432  0.000760679
logit_rec_prop_est(1996)    -0.979145  0.000163122
logit_rec_prop_est(1997)      2.97214  0.000444248
logit_rec_prop_est(1998)    -0.127141    0.0016366
logit_rec_prop_est(1999)     0.818811  0.000163431
logit_rec_prop_est(2000)      1.40833 -0.000224116
logit_rec_prop_est(2001)      2.53434  -0.00148674
logit_rec_prop_est(2002)     -1.64146  -0.00174098
logit_rec_prop_est(2003)      1.73126  3.10262e-05
logit_rec_prop_est(2004)      1.08189 -0.000123369
logit_rec_prop_est(2005)    -0.280205 -3.69132e-05
logit_rec_prop_est(2006)   0.00159878  5.50303e-05
logit_rec_prop_est(2007)    -0.299282 -0.000134945
logit_rec_prop_est(2008)    -0.444444  -0.00260392
logit_rec_prop_est(2009)    -0.549232 -0.000546616
logit_rec_prop_est(2010)    -0.694211 -0.000780791
logit_rec_prop_est(2011)    -0.722564 -0.000481747
logit_rec_prop_est(2012)    -0.723822  -0.00046734
logit_rec_prop_est(2013)     0.768859 -0.000503613
logit_rec_prop_est(2014)    0.0944928  0.000403287
logit_rec_prop_est(2015)     -2.80557  0.000468762
logit_rec_prop_est(2016)    -0.995119  0.000945437
logit_rec_prop_est(2017)     -3.48632  5.81022e-05
logit_rec_prop_est(2018)     -2.98221  2.21991e-05
logit_rec_prop_est(2019)    -0.583223  0.000167897
logit_rec_prop_est(2020)   -0.0308222   0.00028772
logit_rec_prop_est(2021)     0.162964  0.000224223
logit_rec_prop_est(2022)     0.164976 -0.000261104
logit_rec_prop_est(2023)      1.96429  1.42727e-05
logit_rec_prop_est(2024)       2.3247  0.000319949
