ParName   Value   Gradient
T_pars_est[3]      13.5879  -0.00888466
T_pars_est[11]      8.39117 -4.53314e-05
T_pars_est[12]      8.40082   2.2202e-05
T_pars_est[13]      8.45334   6.4268e-06
T_pars_est[14]      8.71481 -3.04406e-05
T_pars_est[15]      9.28054 -5.83553e-05
T_pars_est[16]      10.0311 -1.72412e-05
T_pars_est[17]      10.7879  3.29451e-05
T_pars_est[18]       11.155 -0.000208885
T_pars_est[19]      11.2127 -3.45978e-06
T_pars_est[20]      11.2814 -0.000275787
T_pars_est[21]      11.2999 -3.77378e-05
T_pars_est[22]      11.0755  0.000101144
T_pars_est[23]      10.7603 -3.55858e-05
T_pars_est[24]      10.5228 -0.000114204
T_pars_est[25]      10.7018 -0.000508512
T_pars_est[26]      11.5461 -0.000201024
T_pars_est[27]      11.0849  0.000155546
T_pars_est[28]      10.1197  8.22992e-05
T_pars_est[29]      9.13281 -0.000135796
T_pars_est[30]      8.16718  0.000467549
T_pars_est[31]      7.35126   0.00029379
T_pars_est[32]      6.93679  0.000101512
T_pars_est[33]      14.7672  0.000297642
T_pars_est[34]      13.5478  2.79878e-05
T_pars_est[35]      13.0087  7.54067e-06
T_pars_est[36]      13.1801   5.8057e-06
T_pars_est[37]      12.8159 -1.20408e-05
T_pars_est[38]      12.9841  1.47661e-06
T_pars_est[39]      12.7962 -6.14883e-05
T_pars_est[40]      12.5555 -2.91152e-05
T_pars_est[41]      12.4426  3.59232e-05
T_pars_est[42]      11.8503  4.19624e-06
T_pars_est[43]      11.1351  0.000155974
T_pars_est[44]      10.9305 -0.000126628
T_pars_est[45]      11.0516  7.45089e-05
T_pars_est[46]      10.3056   0.00031208
T_pars_est[47]      9.00759 -5.42482e-05
T_pars_est[48]      7.94293  0.000221656
T_pars_est[49]      7.15675  0.000506536
T_pars_est[50]      6.60915    0.0001213
T_pars_est[51]      6.20982  0.000234419
T_pars_est[52]      5.91445 -8.74734e-06
T_pars_est[53]       5.7101 -0.000328707
T_pars_est[54]      5.60492 -6.92665e-05
T_pars_est[55]      9.83739 -0.000132218
T_pars_est[56]      9.88824  2.42001e-05
T_pars_est[57]      10.1887  2.67942e-05
T_pars_est[58]      11.4527  -1.8339e-05
T_pars_est[59]      13.2471  6.93344e-07
T_pars_est[60]      13.9812 -0.000109836
T_pars_est[61]      13.3302 -0.000158055
T_pars_est[62]      12.2661  7.14651e-05
T_pars_est[63]      11.1103 -7.24785e-06
T_pars_est[64]      9.99151 -1.73766e-05
T_pars_est[65]      9.24905  5.25813e-05
T_pars_est[66]      8.82317 -3.79156e-05
T_pars_est[67]      8.60677  1.91544e-05
T_pars_est[68]      8.50061 -2.64714e-05
T_pars_est[69]      8.36426  6.66113e-06
T_pars_est[70]      8.18762 -8.77655e-05
T_pars_est[71]      7.99897 -1.52067e-05
T_pars_est[72]       7.8242 -0.000100703
T_pars_est[73]      7.66048  4.50847e-05
T_pars_est[74]      7.51528 -0.000134193
T_pars_est[75]      7.41174 -0.000185011
T_pars_est[76]      7.35386  0.000149415
T_pars_est[77]     -14.7759 -8.79095e-05
T_pars_est[78]     -14.7891 -9.18264e-05
T_pars_est[79]     -14.3583  7.24413e-05
T_pars_est[80]     -14.0752  2.55125e-05
T_pars_est[81]     -14.0319 -8.94239e-05
T_pars_est[82]     -14.2207  -6.8219e-05
T_pars_est[83]     -14.6446  3.30262e-05
T_pars_est[84]     -15.6173 -4.34993e-05
T_pars_est[85]      -16.431 -6.38565e-06
T_pars_est[86]     -17.0748  3.25526e-05
T_pars_est[87]     -17.5283  3.16922e-05
T_pars_est[88]     -17.8647  6.87325e-05
T_pars_est[89]       -18.13  2.71665e-05
T_pars_est[90]     -18.3523  5.91655e-05
T_pars_est[91]      -18.545  4.57763e-05
T_pars_est[92]      -18.715  1.87616e-05
T_pars_est[93]      -18.866 -6.16844e-06
log_fbar[1]    -0.103504 -0.000985357
log_fbar[2]      -5.6696 -0.000178335
log_fdev[1](1)     -1.30522 -0.000134822
log_fdev[1](2)     -1.67826  0.000173268
log_fdev[1](3)     -1.09452  0.000754022
log_fdev[1](4)     -0.75619 -2.28123e-06
log_fdev[1](5)    -0.607026  8.67213e-05
log_fdev[1](6)    -0.272622  2.04558e-05
log_fdev[1](7)    -0.100704  3.87414e-05
log_fdev[1](8)    0.0478342 -0.000449257
log_fdev[1](9)      0.98507 -0.000199462
log_fdev[1](10)     0.367255  6.51843e-06
log_fdev[1](11)     0.682306  0.000236012
log_fdev[1](12)     0.832658  -7.0473e-05
log_fdev[1](13)     0.513663 -0.000152404
log_fdev[1](14)     0.524498 -0.000123934
log_fdev[1](15)     0.486657  0.000229848
log_fdev[1](16)     0.391662  4.86976e-05
log_fdev[1](17)      1.01712  0.000101892
log_fdev[1](18)     -0.48928  0.000153962
log_fdev[1](19)    -0.495301 -8.24971e-05
log_fdev[1](20)    0.0874988   -0.0002853
log_fdev[1](21)     0.119028 -0.000141051
log_fdev[1](22)    -0.550694 -0.000334109
log_fdev[1](23)    -0.743409 -0.000162781
log_fdev[1](24)    -0.892193 -0.000168296
log_fdev[1](25)    -0.230627 -3.78549e-05
log_fdev[1](26)     0.108546  0.000101398
log_fdev[1](27)    -0.235243 -0.000147915
log_fdev[1](28)    -0.550915 -0.000150242
log_fdev[1](29)    -0.849363 -2.81955e-05
log_fdev[1](30)    -0.106088  9.11007e-05
log_fdev[1](31)     0.406559  5.95997e-05
log_fdev[1](32)     0.608727 -7.88838e-05
log_fdev[1](33)      1.03751 -6.25461e-05
log_fdev[1](34)     0.995554  -5.6741e-05
log_fdev[1](35)     0.579955 -2.64723e-05
log_fdev[1](36)     0.717288 -9.20601e-05
log_fdev[1](37)      1.08178  7.14272e-05
log_fdev[1](38)      1.44986  2.02189e-05
log_fdev[1](39)      1.07988 -0.000182922
log_fdev[1](40)     -1.44721 -4.36593e-06
log_fdev[1](41)     -1.71605  0.000142205
log_fdev[2](1)     0.382935  -3.6805e-05
log_fdev[2](2)     0.310485  -1.3872e-05
log_fdev[2](3)     0.133419 -2.90985e-05
log_fdev[2](4)   -0.0522389  2.91966e-05
log_fdev[2](5)     -9.01457 -2.36794e-05
log_fdev[2](6)     -4.93335 -3.11916e-05
log_fdev[2](7)     -5.27618  1.71499e-05
log_fdev[2](8)     -1.36364 -2.85158e-05
log_fdev[2](9)    -0.206926  -8.8968e-06
log_fdev[2](10)      2.26539  1.71007e-05
log_fdev[2](11)      1.74098 -3.06167e-05
log_fdev[2](12)      1.51601 -4.23479e-05
log_fdev[2](13)      1.24199  2.43719e-06
log_fdev[2](14)      1.47126 -1.06378e-06
log_fdev[2](15)      1.31778  7.37288e-06
log_fdev[2](16)     0.669666  1.25246e-06
log_fdev[2](17)     0.791366  1.36774e-06
log_fdev[2](18)     0.253224  1.68242e-05
log_fdev[2](19)     0.501705 -5.31628e-06
log_fdev[2](20)     0.422397 -5.36059e-05
log_fdev[2](21)   -0.0650842 -8.01621e-05
log_fdev[2](22)   0.00238039 -6.10986e-05
log_fdev[2](23)     0.061061 -5.44971e-05
log_fdev[2](24)    0.0721851 -4.26986e-05
log_fdev[2](25)      0.77818 -1.05501e-05
log_fdev[2](26)     0.462256 -2.82971e-06
log_fdev[2](27)       -0.197 -3.54133e-06
log_fdev[2](28)     0.446902 -4.54147e-06
log_fdev[2](29)     -0.86542  9.05306e-06
log_fdev[2](30)    -0.468311  1.35401e-06
log_fdev[2](31)    0.0123896 -4.37079e-05
log_fdev[2](32)      0.16055  -4.0761e-05
log_fdev[2](33)      1.69076 -2.02386e-05
log_fdev[2](34)      2.92833  1.11814e-05
log_fdev[2](35)    -0.694293 -3.36902e-05
log_fdev[2](36)     0.373614 -3.22385e-05
log_fdev[2](37)      1.64912   2.6148e-06
log_fdev[2](38)      1.00921  4.59849e-05
log_fdev[2](39)     0.850491 -4.46506e-05
log_fdev[2](40)     0.231612  2.26179e-05
log_fdev[2](41)    -0.555365  0.000106465
log_fdev[2](42)    0.0678803  0.000104779
log_fdev[2](43)    -0.123167  2.83839e-05
log_foff[1]     -6.56108  -0.00129415
log_fdov[1](1)      1.15966  -8.5758e-05
log_fdov[1](2)      1.44902 -2.56834e-05
log_fdov[1](3)      1.12592  6.13924e-05
log_fdov[1](4)     0.980976  4.26392e-05
log_fdov[1](5)      1.48918 -0.000101476
log_fdov[1](6)      1.06388 -0.000242489
log_fdov[1](7)     0.477305 -2.33086e-05
log_fdov[1](8)     0.401271 -7.68807e-05
log_fdov[1](9)      3.00591 -0.000114526
log_fdov[1](10)      1.65301 -4.70599e-07
log_fdov[1](11)      1.75728  1.77773e-05
log_fdov[1](12)     0.739047 -0.000118312
log_fdov[1](13)      0.44401 -0.000102017
log_fdov[1](14)    -0.974591 -3.36864e-05
log_fdov[1](15)     0.733931  1.20823e-05
log_fdov[1](16)      1.00588  0.000101159
log_fdov[1](17)     -1.96542 -1.67211e-05
log_fdov[1](18)     -0.21409  -8.6657e-05
log_fdov[1](19)     -2.24694 -0.000113764
log_fdov[1](20)     0.108398 -0.000161162
log_fdov[1](21)     -2.04069  -4.8504e-05
log_fdov[1](22)     -2.08281  3.20764e-05
log_fdov[1](23)     -1.25909 -0.000114176
log_fdov[1](24)    -0.453759 -0.000101224
log_fdov[1](25)      -2.3779  0.000103908
log_fdov[1](26)    -0.147062 -1.74093e-05
log_fdov[1](27)    0.0920131 -8.82952e-05
log_fdov[1](28)     0.195614 -5.06487e-05
log_fdov[1](29)     0.433277 -7.24683e-05
log_fdov[1](30)      2.62375 -5.19438e-05
log_fdov[1](31)     0.858722 -4.32066e-06
log_fdov[1](32)      1.48092  -3.3467e-05
log_fdov[1](33)      2.16431 -1.68666e-05
log_fdov[1](34)      1.39628 -4.71699e-05
log_fdov[1](35)     0.590306 -1.02454e-05
log_fdov[1](36)     0.142579 -7.00941e-05
log_fdov[1](37)    -0.534552  1.38191e-05
log_fdov[1](38)    -0.882422 -3.27787e-05
log_fdov[1](39)     -3.69781 -8.50057e-05
log_fdov[1](40)     -3.90809  2.36655e-05
log_fdov[1](41)     -4.78726 -0.000142938
rec_dev_est(1982)    -0.436093 -6.42222e-05
rec_dev_est(1983)     0.772955  8.39987e-06
rec_dev_est(1984)      1.47577 -0.000374254
rec_dev_est(1985)       1.7323 -0.000361878
rec_dev_est(1986)    -0.506446  -0.00017493
rec_dev_est(1987)     0.637401  0.000382228
rec_dev_est(1988)     0.604266 -0.000249615
rec_dev_est(1989)    -0.980101  0.000121959
rec_dev_est(1990)      1.41457  0.000111801
rec_dev_est(1991)      1.63802 -0.000216285
rec_dev_est(1992)   -0.0990161 -0.000350968
rec_dev_est(1993)    -0.289152  0.000558375
rec_dev_est(1994)     -1.47715 -0.000241537
rec_dev_est(1995)     -1.31035 -0.000762938
rec_dev_est(1996)     -0.33751 -0.000419711
rec_dev_est(1997)    -0.420869 -0.000425736
rec_dev_est(1998)   -0.0416568   0.00010102
rec_dev_est(1999)    -0.286289 -0.000311384
rec_dev_est(2000)     -1.34574 -6.54923e-06
rec_dev_est(2001)     0.366676 -0.000682278
rec_dev_est(2002)      1.04685  0.000397473
rec_dev_est(2003)     0.417337  0.000247909
rec_dev_est(2004)     0.987467 -0.000496977
rec_dev_est(2005)    -0.427304 -0.000174839
rec_dev_est(2006)     -1.23408 -0.000404235
rec_dev_est(2007)    -0.100529  -0.00074315
rec_dev_est(2008)     0.826766 -4.63228e-05
rec_dev_est(2009)    -0.814372 -0.000476788
rec_dev_est(2010)    -0.828268 -0.000232047
rec_dev_est(2011)    -0.964684 -0.000180345
rec_dev_est(2012)    -0.751441  8.62288e-05
rec_dev_est(2013)      0.32916 -0.000153522
rec_dev_est(2014)     0.492099   0.00010896
rec_dev_est(2015)    -0.376982  -0.00037364
rec_dev_est(2016)     -0.45689  0.000418832
rec_dev_est(2017)     -1.82171  0.000454338
rec_dev_est(2018)     -1.73545 -0.000117499
rec_dev_est(2019)    -0.838838 -0.000106392
rec_dev_est(2020)     0.957006 -5.00095e-05
rec_dev_est(2021)     0.536451 -0.000272861
rec_dev_est(2022)      1.39545  3.89484e-05
rec_dev_est(2023)    -0.193628  -3.4409e-05
rec_dev_est(2024)     -1.13079 -1.52356e-05
