ParName   Value   Gradient
T_pars_est[3]      15.0602  -0.00272451
T_pars_est[11]       10.706 -1.34167e-05
T_pars_est[12]      10.7136  2.31734e-05
T_pars_est[13]      10.7449  6.56625e-06
T_pars_est[14]      10.8612 -1.55693e-05
T_pars_est[15]      11.3196  1.17653e-05
T_pars_est[16]      11.8613 -9.84287e-06
T_pars_est[17]      12.2311  7.67269e-07
T_pars_est[18]      12.3583 -1.02525e-05
T_pars_est[19]      12.3841   2.1605e-05
T_pars_est[20]      12.3535 -3.89125e-05
T_pars_est[21]      12.2559  -1.8607e-05
T_pars_est[22]      11.9603 -1.35376e-05
T_pars_est[23]      11.5471 -1.94543e-05
T_pars_est[24]      11.0837  -2.0962e-05
T_pars_est[25]      10.9387 -2.03418e-05
T_pars_est[26]      11.7046 -0.000235366
T_pars_est[27]      11.1554 -1.25012e-05
T_pars_est[28]      10.3193 -4.04827e-05
T_pars_est[29]      9.33497 -1.90357e-05
T_pars_est[30]      8.37602 -3.70033e-05
T_pars_est[31]      7.60229  -9.2969e-06
T_pars_est[32]      7.20762 -5.15308e-06
T_pars_est[33]      13.2075  3.41926e-06
T_pars_est[34]       13.358 -2.11794e-05
T_pars_est[35]      14.2855 -2.84643e-05
T_pars_est[36]      14.5035 -5.32111e-05
T_pars_est[37]       13.704 -0.000119916
T_pars_est[38]      13.7133 -0.000112544
T_pars_est[39]      13.3939 -0.000188622
T_pars_est[40]      13.1211 -0.000173098
T_pars_est[41]      12.9789 -0.000260975
T_pars_est[42]      12.3815 -0.000154296
T_pars_est[43]      11.7695 -0.000116081
T_pars_est[44]      11.6921 -0.000158019
T_pars_est[45]      11.6576 -0.000266625
T_pars_est[46]      10.5617 -0.000123797
T_pars_est[47]      9.24775 -4.83376e-05
T_pars_est[48]      8.30456 -1.76794e-05
T_pars_est[49]      7.56662  6.47728e-07
T_pars_est[50]      7.01402 -1.47449e-05
T_pars_est[51]       6.5948  -1.4726e-05
T_pars_est[52]      6.26866  6.33265e-07
T_pars_est[53]       6.0313 -2.60634e-05
T_pars_est[54]      5.90609  1.69506e-05
T_pars_est[55]      12.3899  1.19887e-05
T_pars_est[56]      12.4042  9.12094e-06
T_pars_est[57]      12.4345   8.7388e-06
T_pars_est[58]      12.5113  6.19457e-06
T_pars_est[59]      13.5859 -3.44296e-05
T_pars_est[60]      13.6609 -1.88676e-05
T_pars_est[61]      13.0476 -5.26348e-05
T_pars_est[62]      12.2228 -6.70875e-05
T_pars_est[63]      11.1287 -0.000130352
T_pars_est[64]      10.0903 -7.57378e-05
T_pars_est[65]      9.38997 -4.77197e-05
T_pars_est[66]      8.95353 -1.74632e-05
T_pars_est[67]      8.68277  5.66628e-06
T_pars_est[68]      8.54009  2.35253e-05
T_pars_est[69]      8.39204  7.78814e-06
T_pars_est[70]      8.19709  4.85703e-05
T_pars_est[71]      7.96485  4.69052e-05
T_pars_est[72]      7.73384   7.5023e-07
T_pars_est[73]      7.50645 -8.21459e-06
T_pars_est[74]      7.29737 -2.52228e-06
T_pars_est[75]      7.16238 -2.85052e-05
T_pars_est[76]       7.0888 -2.54855e-05
T_pars_est[77]     -13.8592 -1.47127e-05
T_pars_est[78]     -13.8991  1.08095e-05
T_pars_est[79]     -13.9763  2.95418e-06
T_pars_est[80]     -14.1105 -1.35503e-05
T_pars_est[81]     -13.6404  5.89253e-06
T_pars_est[82]      -13.477  4.55361e-06
T_pars_est[83]     -14.6159 -6.33392e-06
T_pars_est[84]     -15.6354 -4.53817e-07
T_pars_est[85]     -16.4359  2.35968e-06
T_pars_est[86]     -17.0586  1.36512e-05
T_pars_est[87]     -17.5088 -3.06734e-07
T_pars_est[88]     -17.8483   6.2284e-07
T_pars_est[89]     -18.1174   4.1504e-06
T_pars_est[90]     -18.3431 -4.49616e-06
T_pars_est[91]     -18.5387  6.33075e-06
T_pars_est[92]     -18.7112  5.79313e-06
T_pars_est[93]     -18.8643 -1.95883e-06
G_pars_est[1]     0.977619  0.000300906
G_pars_est[2]    -0.241226  -0.00058271
G_pars_est[4]      -4.7866  0.000489894
G_pars_est[5]    -0.425495  -0.00260605
M_pars_est[1]     0.645465   -7.066e-05
M_pars_est[2]     0.289715  7.53565e-06
M_pars_est[3]           -1  4.62721e-05
M_pars_est[5]    -0.506388 -0.000218264
M_pars_est[7]      2.05926 -0.000411977
M_pars_est[9]     0.336901  0.000739754
M_pars_est[10]    -0.212704  2.33693e-05
M_pars_est[11]     0.557219  0.000127788
M_pars_est[13]            1  3.93526e-05
M_pars_est[14]      1.45538 -0.000102761
M_pars_est[15]      1.84022  5.52612e-06
S_pars_est[1]      4.66391 -0.000633783
S_pars_est[2]      1.58554  0.000133507
S_pars_est[3]      4.76976  -0.00041372
S_pars_est[4]      2.24933  0.000249131
S_pars_est[5]     -3.87988  8.13701e-07
S_pars_est[6]      -3.3684 -1.26293e-05
S_pars_est[7]     -2.89087 -3.47307e-06
S_pars_est[8]     -2.07699 -5.73541e-06
S_pars_est[9]     -2.02982 -2.08524e-06
S_pars_est[10]     -1.77817  9.96208e-06
S_pars_est[11]      -1.4024  8.94503e-06
S_pars_est[12]     -1.33264  3.58074e-06
S_pars_est[13]     -1.39203 -1.67093e-05
S_pars_est[14]     -1.30189  1.82677e-06
S_pars_est[15]      -1.1817 -1.46983e-05
S_pars_est[16]     -1.09723  5.76573e-06
S_pars_est[17]     -1.03099 -1.51686e-05
S_pars_est[18]    -0.893241 -7.77302e-07
S_pars_est[19]     -0.84095 -1.99513e-06
S_pars_est[20]    -0.927626 -4.13946e-06
S_pars_est[21]    -0.816951  1.08937e-05
S_pars_est[22]    -0.631534  6.52874e-06
S_pars_est[23]    -0.464332 -1.70207e-05
S_pars_est[24]    -0.313358  1.11703e-06
S_pars_est[25]    -0.226116  7.62768e-06
S_pars_est[26]    -0.275383  3.88706e-06
S_pars_est[27]     -4.28196 -2.48162e-05
S_pars_est[28]     -3.18059  2.27834e-05
S_pars_est[29]     -2.43313 -8.16028e-06
S_pars_est[30]     -1.73269  1.52632e-05
S_pars_est[31]     -1.41033 -5.07684e-06
S_pars_est[32]     -1.14136 -2.39208e-06
S_pars_est[33]    -0.888649  4.08824e-06
S_pars_est[34]    -0.768364 -4.76361e-06
S_pars_est[35]    -0.817456  -2.2624e-05
S_pars_est[36]    -0.807948 -1.89342e-05
S_pars_est[37]    -0.760492 -5.82584e-06
S_pars_est[38]     -0.69992 -4.63583e-05
S_pars_est[39]    -0.670282   -2.944e-05
S_pars_est[40]    -0.559462 -1.72544e-05
S_pars_est[41]    -0.420281 -9.89506e-06
S_pars_est[42]    -0.255107  2.30046e-05
S_pars_est[43]    -0.221906 -9.97506e-06
S_pars_est[44]    -0.179352 -1.64186e-06
S_pars_est[45]    -0.164117 -5.82208e-06
S_pars_est[46]    -0.133622 -6.97724e-06
S_pars_est[47]    -0.101475  2.36471e-05
S_pars_est[48]     -0.08105 -2.27381e-05
S_pars_est[49]      4.21945   0.00299911
S_pars_est[50]     0.971552  -0.00018979
S_pars_est[51]     -5.40305  1.32615e-05
S_pars_est[52]     -5.47287 -1.21914e-05
S_pars_est[53]     -4.38844  2.09336e-05
S_pars_est[54]     -1.74455  2.07602e-06
S_pars_est[55]     -1.16035  -4.0017e-06
S_pars_est[56]    -0.540564 -1.75382e-05
S_pars_est[57]    -0.522132 -1.51219e-05
S_pars_est[58]    -0.729522 -7.45328e-07
S_pars_est[59]     -0.82153  6.23591e-06
S_pars_est[60]    -0.917162 -2.04264e-07
S_pars_est[61]    -0.908001 -8.75243e-06
S_pars_est[62]    -0.870766 -7.60574e-09
S_pars_est[63]    -0.836993  3.56784e-06
S_pars_est[64]    -0.788765 -1.08783e-06
S_pars_est[65]    -0.718904  2.38125e-06
S_pars_est[66]    -0.629224 -6.84115e-07
S_pars_est[67]    -0.528254 -3.90676e-06
S_pars_est[68]    -0.422799 -5.36464e-06
S_pars_est[69]    -0.313523  2.69276e-06
S_pars_est[70]    -0.199143  3.38787e-06
S_pars_est[71]   -0.0826645 -9.07135e-07
S_pars_est[73]     -4.46751  1.66605e-05
S_pars_est[74]     -3.57062 -2.35406e-05
S_pars_est[75]     -3.00147   -2.111e-05
S_pars_est[76]     -1.12991  0.000106898
S_pars_est[77]    -0.641455 -9.95866e-05
S_pars_est[78]    -0.337321 -1.73683e-05
S_pars_est[79]    -0.355046  3.40173e-05
S_pars_est[80]    -0.877042  5.41051e-05
S_pars_est[81]     -1.01497  -1.8937e-05
S_pars_est[82]     -1.19511 -6.67432e-06
S_pars_est[83]     -1.15877 -3.43454e-05
S_pars_est[84]    -0.921438 -6.27543e-08
S_pars_est[85]    -0.825884  3.73051e-06
S_pars_est[86]    -0.778028  1.05592e-06
S_pars_est[87]    -0.710866  4.15759e-06
S_pars_est[88]    -0.623521  -5.0239e-06
S_pars_est[89]    -0.524311 -1.37047e-06
S_pars_est[90]    -0.420023 -1.67286e-06
S_pars_est[91]    -0.311378 -1.22521e-06
S_pars_est[92]    -0.197261 -1.98726e-05
S_pars_est[93]   -0.0805627 -1.36726e-05
S_pars_est[95]      4.59104   0.00117671
S_pars_est[96]    -0.218737 -5.64587e-06
log_fbar[1]     0.278339 -0.000962005
log_fbar[2]      -4.6046  0.000577027
log_fdev[1](1)     -1.61099  0.000213875
log_fdev[1](2)      -2.0096 -0.000578526
log_fdev[1](3)     -1.35016 -0.000274228
log_fdev[1](4)    -0.918879 -0.000151998
log_fdev[1](5)    -0.713335 -0.000359306
log_fdev[1](6)    -0.297564 -0.000207763
log_fdev[1](7)    -0.354322 -7.08897e-06
log_fdev[1](8)    -0.345819  0.000277061
log_fdev[1](9)     0.694303   0.00013414
log_fdev[1](10)     0.174264   0.00026088
log_fdev[1](11)     0.744168  0.000345754
log_fdev[1](12)     0.896041 -0.000136915
log_fdev[1](13)     0.523552 -0.000473357
log_fdev[1](14)     0.559024 -0.000199161
log_fdev[1](15)      0.36704 -0.000170514
log_fdev[1](16)     0.178285 -0.000167941
log_fdev[1](17)      1.31014  0.000104034
log_fdev[1](18)   -0.0675983 -7.17006e-05
log_fdev[1](19)   -0.0406066 -0.000205031
log_fdev[1](20)     0.543908 -0.000374293
log_fdev[1](21)     0.665198 -0.000185873
log_fdev[1](22)    -0.201934  7.23942e-05
log_fdev[1](23)    -0.548729  0.000105162
log_fdev[1](24)    -0.778929  1.47634e-05
log_fdev[1](25)   -0.0450712  7.96182e-05
log_fdev[1](26)     0.210197 -2.83155e-05
log_fdev[1](27)   -0.0701033   0.00027134
log_fdev[1](28)    -0.462767  0.000569641
log_fdev[1](29)    -0.986147  0.000192622
log_fdev[1](30)    -0.135492 -0.000103725
log_fdev[1](31)     0.392524 -0.000192584
log_fdev[1](32)      0.48224 -0.000142946
log_fdev[1](33)     0.996245 -0.000219076
log_fdev[1](34)       1.2538 -0.000192513
log_fdev[1](35)     0.813937  0.000184637
log_fdev[1](36)     0.643664  0.000123913
log_fdev[1](37)     0.760807  0.000229873
log_fdev[1](38)    -0.196839 -0.000449051
log_fdev[1](39)     0.611649 -0.000611386
log_fdev[1](40)     -1.02007   0.00014767
log_fdev[1](41)    -0.666028  1.05534e-06
log_fdev[2](1)   -0.0634824 -1.25706e-06
log_fdev[2](2)    -0.167313  3.52612e-07
log_fdev[2](3)    -0.346342  1.95744e-05
log_fdev[2](4)    -0.456817 -3.08741e-05
log_fdev[2](5)     -9.33195 -1.04265e-05
log_fdev[2](6)     -5.11839 -1.35761e-05
log_fdev[2](7)     -5.63084 -9.70282e-06
log_fdev[2](8)     -1.79815  1.74208e-05
log_fdev[2](9)    -0.486291  6.32485e-05
log_fdev[2](10)      1.90471  2.38676e-05
log_fdev[2](11)      1.66726 -5.16531e-05
log_fdev[2](12)      1.60012  -2.3707e-05
log_fdev[2](13)      1.42379  4.40129e-06
log_fdev[2](14)      1.64278  1.88887e-05
log_fdev[2](15)      1.26206  -8.7599e-06
log_fdev[2](16)     0.424819   6.3556e-06
log_fdev[2](17)      1.01809  3.40597e-05
log_fdev[2](18)      0.59729   2.2971e-05
log_fdev[2](19)     0.911811 -7.04679e-06
log_fdev[2](20)     0.931605 -4.31747e-06
log_fdev[2](21)     0.490037  7.18244e-06
log_fdev[2](22)     0.269507 -9.35412e-06
log_fdev[2](23)      0.10384   -2.362e-05
log_fdev[2](24)    0.0031799 -4.36752e-07
log_fdev[2](25)     0.881661  7.20096e-06
log_fdev[2](26)     0.538196  4.60057e-05
log_fdev[2](27)     -0.13747  0.000140159
log_fdev[2](28)     0.423142  9.52589e-05
log_fdev[2](29)     -1.22406  7.82253e-05
log_fdev[2](30)    -0.607906  3.84807e-05
log_fdev[2](31)    0.0103414  4.94019e-05
log_fdev[2](32)     0.110415  3.20487e-05
log_fdev[2](33)      1.77698  4.30754e-05
log_fdev[2](34)      3.24809  4.61503e-06
log_fdev[2](35)    -0.374659  3.99672e-06
log_fdev[2](36)     0.418941   5.4229e-06
log_fdev[2](37)      1.39435  3.36422e-05
log_fdev[2](38)   -0.0229441  1.12599e-05
log_fdev[2](39)     0.606564 -4.19288e-05
log_fdev[2](40)     0.516256  6.84589e-05
log_fdev[2](41)    0.0317209  8.89056e-05
log_fdev[2](42)     0.834855  4.49876e-05
log_fdev[2](43)     0.724195  2.77595e-06
log_foff[1]     -7.11023  -0.00148259
log_fdov[1](1)      1.41396  6.49871e-05
log_fdov[1](2)      1.79458 -8.91552e-05
log_fdov[1](3)       1.4632 -6.16873e-06
log_fdov[1](4)        1.323 -4.33314e-05
log_fdov[1](5)      2.05254 -0.000131043
log_fdov[1](6)      1.58129   5.1676e-05
log_fdov[1](7)     0.867167   3.7826e-05
log_fdov[1](8)     0.752698  2.73948e-05
log_fdov[1](9)      2.99557 -7.48467e-05
log_fdov[1](10)      1.55787  1.04355e-05
log_fdov[1](11)      1.46375  6.65051e-05
log_fdov[1](12)     0.558763 -2.97774e-05
log_fdov[1](13)     0.634002 -0.000106437
log_fdov[1](14)    -0.624128 -5.06072e-05
log_fdov[1](15)      1.16405 -6.26976e-05
log_fdov[1](16)      1.41544 -3.54237e-05
log_fdov[1](17)     -2.12481 -3.68819e-05
log_fdov[1](18)    -0.686974 -4.95774e-05
log_fdov[1](19)     -2.78847 -7.44958e-05
log_fdov[1](20)    -0.377961 -0.000115842
log_fdov[1](21)      -2.5585   -6.182e-05
log_fdov[1](22)       -2.339  4.65573e-05
log_fdov[1](23)     -1.23646   6.6889e-05
log_fdov[1](24)    -0.838528 -6.13194e-05
log_fdov[1](25)     -2.83288 -3.20114e-05
log_fdov[1](26)    -0.242321 -9.19902e-05
log_fdov[1](27)     0.225487 -0.000123544
log_fdov[1](28)     0.573212  2.16322e-06
log_fdov[1](29)        1.148 -9.37339e-05
log_fdov[1](30)      2.36238 -0.000102042
log_fdov[1](31)     0.359745 -9.34332e-05
log_fdov[1](32)      1.10952  -2.3234e-05
log_fdov[1](33)      1.73085  -0.00012217
log_fdov[1](34)     0.622607 -0.000133818
log_fdov[1](35)   -0.0319856 -8.08175e-05
log_fdov[1](36)   -0.0122557  1.15716e-05
log_fdov[1](37)    -0.707642  0.000140502
log_fdov[1](38)     0.622637  7.29006e-06
log_fdov[1](39)     -3.06543 -0.000167745
log_fdov[1](40)     -4.02642 -0.000214744
log_fdov[1](41)     -5.29854 -3.69209e-05
rec_dev_est(1982)     0.427172  0.000161909
rec_dev_est(1983)   -0.0166058  0.000229696
rec_dev_est(1984)     0.797306  0.000368285
rec_dev_est(1985)      1.45667 -0.000388528
rec_dev_est(1986)     0.493492 -0.000106275
rec_dev_est(1987)      1.03965   -0.0010396
rec_dev_est(1988)    -0.321122 -0.000742894
rec_dev_est(1989)    0.0572384 -3.45009e-05
rec_dev_est(1990)     0.338492 -0.000725633
rec_dev_est(1991)     0.886584 -0.000862791
rec_dev_est(1992)    -0.412501 -0.000278393
rec_dev_est(1993)   -0.0855076 -0.000469806
rec_dev_est(1994)    -0.523536  -0.00021909
rec_dev_est(1995)     -1.07127 -0.000279215
rec_dev_est(1996)    0.0713513 -0.000382588
rec_dev_est(1997)     -1.51436   0.00022587
rec_dev_est(1998)    -0.523189  0.000117049
rec_dev_est(1999)    -0.559491   0.00050706
rec_dev_est(2000)     -1.72111  0.000177567
rec_dev_est(2001)    -0.388829  0.000895365
rec_dev_est(2002)      1.11133  0.000688655
rec_dev_est(2003)    -0.168317  0.000344107
rec_dev_est(2004)    -0.236574  0.000278225
rec_dev_est(2005)    -0.439907  0.000103065
rec_dev_est(2006)     -1.56323  4.24932e-05
rec_dev_est(2007)     -1.08664 -9.48779e-05
rec_dev_est(2008)      1.38407  0.000139255
rec_dev_est(2009)    -0.775832  0.000191192
rec_dev_est(2010)     -0.70485  0.000222875
rec_dev_est(2011)    -0.869161  0.000247562
rec_dev_est(2012)    -0.143759 -0.000235968
rec_dev_est(2013)    -0.804048 -0.000387935
rec_dev_est(2014)      1.04585  -0.00090401
rec_dev_est(2015)      1.06815  0.000299433
rec_dev_est(2016)      1.39596  0.000161254
rec_dev_est(2017)    -0.464299  7.07171e-05
rec_dev_est(2018)     0.308515  3.78371e-05
rec_dev_est(2019)     -1.07602 -0.000102153
rec_dev_est(2020)    -0.218242  4.54354e-05
rec_dev_est(2021)   -0.0547031 -1.52058e-06
rec_dev_est(2022)     0.794704  4.43789e-05
rec_dev_est(2023)     0.190245  -5.1629e-05
rec_dev_est(2024)    -0.711513  2.15587e-05
logit_rec_prop_est(1982)        2.814  0.000566106
logit_rec_prop_est(1983)      1.51057 -8.37286e-05
logit_rec_prop_est(1984)     0.167425 -0.000675436
logit_rec_prop_est(1985)    -0.605278  -0.00187656
logit_rec_prop_est(1986)     -3.19571 -0.000601958
logit_rec_prop_est(1987)      -1.1699  -0.00370247
logit_rec_prop_est(1988)      1.43562 -0.000285257
logit_rec_prop_est(1989)     -1.74611  -0.00074471
logit_rec_prop_est(1990)     0.566425 -7.46279e-05
logit_rec_prop_est(1991)      0.78608   -0.0010753
logit_rec_prop_est(1992)     -2.10898 -0.000466821
logit_rec_prop_est(1993)     -1.63254  -0.00146005
logit_rec_prop_est(1994)     -1.03294  -0.00133149
logit_rec_prop_est(1995)     -0.68438   -0.0010072
logit_rec_prop_est(1996)     -1.69501 -0.000958282
logit_rec_prop_est(1997)     0.471397  0.000629314
logit_rec_prop_est(1998)    -0.739172  0.000331131
logit_rec_prop_est(1999)    0.0501649  0.000777608
logit_rec_prop_est(2000)      -1.5654 -2.34885e-05
logit_rec_prop_est(2001)      1.39778   0.00093148
logit_rec_prop_est(2002)     -1.77073   0.00695087
logit_rec_prop_est(2003)     0.679308   0.00136453
logit_rec_prop_est(2004)     0.991805   0.00104612
logit_rec_prop_est(2005)      1.58246  -0.00036176
logit_rec_prop_est(2006)      3.75456 -0.000847811
logit_rec_prop_est(2007)      1.32337  0.000295749
logit_rec_prop_est(2008)     -1.68314   0.00372561
logit_rec_prop_est(2009)      -1.3395   0.00128148
logit_rec_prop_est(2010)    -0.867198   0.00170226
logit_rec_prop_est(2011)     -1.27738   0.00146606
logit_rec_prop_est(2012)    -0.737047 -0.000457305
logit_rec_prop_est(2013)     0.814888  -0.00106704
logit_rec_prop_est(2014)      1.01879  -0.00368426
logit_rec_prop_est(2015)    -0.254773   0.00156698
logit_rec_prop_est(2016)      -1.7591  0.000514865
logit_rec_prop_est(2017)     -1.50231 -0.000120308
logit_rec_prop_est(2018)      6.51039  7.95335e-05
logit_rec_prop_est(2019)     -2.69245 -0.000557949
logit_rec_prop_est(2020)      0.50796  -0.00044121
logit_rec_prop_est(2021)     0.274305 -0.000319064
logit_rec_prop_est(2022)     0.427564  -0.00075237
logit_rec_prop_est(2023)    -0.223287 -0.000172216
logit_rec_prop_est(2024)      3.19746 -0.000308498
