ParName   Value   Gradient
T_pars_est[3]      13.4945  -0.00867297
T_pars_est[11]      8.35408  0.000510327
T_pars_est[12]      8.36189 -0.000516069
T_pars_est[13]      8.40904  0.000234021
T_pars_est[14]      8.66829 -2.25088e-05
T_pars_est[15]      9.23038  0.000175212
T_pars_est[16]      9.97913  0.000913153
T_pars_est[17]      10.7454  0.000316159
T_pars_est[18]      11.1405 -0.000812412
T_pars_est[19]      11.2226  4.09167e-05
T_pars_est[20]      11.3117 -0.000170467
T_pars_est[21]      11.3463  0.000316797
T_pars_est[22]      11.1272 -0.000612581
T_pars_est[23]       10.803  0.000109626
T_pars_est[24]       10.545  0.000358009
T_pars_est[25]      10.7103 -0.000706935
T_pars_est[26]      11.5423  -0.00117042
T_pars_est[27]      11.0908  0.000714821
T_pars_est[28]       10.138 -0.000392934
T_pars_est[29]       9.1517  9.18129e-05
T_pars_est[30]      8.18256  0.000389268
T_pars_est[31]      7.36108 -0.000309947
T_pars_est[32]       6.9429  0.000584099
T_pars_est[33]      14.9636   -8.186e-05
T_pars_est[34]      13.6617  9.16629e-05
T_pars_est[35]      13.1218 -0.000634617
T_pars_est[36]      13.2953  0.000108163
T_pars_est[37]      12.8603   0.00200542
T_pars_est[38]      12.9723  -0.00280962
T_pars_est[39]      12.7055   0.00109864
T_pars_est[40]      12.4322  0.000737472
T_pars_est[41]      12.3379  -0.00278288
T_pars_est[42]      11.7611   0.00189511
T_pars_est[43]      11.0497   0.00113732
T_pars_est[44]      10.8361  -0.00323479
T_pars_est[45]      10.9611 -0.000728563
T_pars_est[46]      10.2668  -0.00433059
T_pars_est[47]      8.97814   0.00186913
T_pars_est[48]      7.90393 -0.000526401
T_pars_est[49]      7.10642 -0.000255731
T_pars_est[50]      6.54784 -0.000370508
T_pars_est[51]      6.14072  9.88363e-06
T_pars_est[52]      5.84089 -0.000405472
T_pars_est[53]       5.6346  0.000107271
T_pars_est[54]      5.52858  0.000120426
T_pars_est[55]      9.85491 -0.000438747
T_pars_est[56]      9.90519 -0.000320777
T_pars_est[57]      10.2042 -0.000322478
T_pars_est[58]       11.471  -0.00064887
T_pars_est[59]      13.2722 -0.000995034
T_pars_est[60]      14.0044  -0.00105782
T_pars_est[61]      13.3497   -0.0021532
T_pars_est[62]      12.2804  -0.00184517
T_pars_est[63]      11.1205 -0.000827568
T_pars_est[64]      9.99645 -0.000568609
T_pars_est[65]      9.24977  -0.00060349
T_pars_est[66]      8.82396  -0.00124909
T_pars_est[67]      8.61109  0.000405803
T_pars_est[68]      8.51264  0.000536768
T_pars_est[69]      8.37989  -0.00074061
T_pars_est[70]      8.20221  0.000674641
T_pars_est[71]      8.01059  8.69163e-05
T_pars_est[72]      7.83274 -0.000955029
T_pars_est[73]      7.66592  -0.00151826
T_pars_est[74]      7.51764  -0.00107479
T_pars_est[75]      7.41197 -0.000725371
T_pars_est[76]      7.35283 -2.06585e-05
T_pars_est[77]     -15.2348  0.000675172
T_pars_est[78]     -15.3431  0.000645958
T_pars_est[79]     -15.5292 -0.000532191
T_pars_est[80]     -15.0323  -0.00094754
T_pars_est[81]     -14.0438   0.00128164
T_pars_est[82]     -13.3199 -0.000267443
T_pars_est[83]     -14.4235  -0.00134255
T_pars_est[84]     -15.5266   0.00201519
T_pars_est[85]     -16.3747  9.63604e-05
T_pars_est[86]     -17.0311  -0.00117232
T_pars_est[87]     -17.4935  0.000607973
T_pars_est[88]     -17.8377 -0.000720854
T_pars_est[89]     -18.1102  0.000283807
T_pars_est[90]     -18.3385  -0.00070913
T_pars_est[91]     -18.5362  0.000239964
T_pars_est[92]     -18.7102 -0.000679657
T_pars_est[93]     -18.8641  3.76564e-05
log_fbar[1]   -0.0337796    0.0029675
log_fbar[2]     -5.58482  -0.00208051
log_fdev[1](1)     -1.37775  -0.00317919
log_fdev[1](2)     -1.70738 -0.000593604
log_fdev[1](3)     -1.09151  -0.00252445
log_fdev[1](4)    -0.758111   0.00013524
log_fdev[1](5)    -0.650795   0.00183001
log_fdev[1](6)    -0.387548   0.00152049
log_fdev[1](7)    -0.271985   0.00110624
log_fdev[1](8)      -0.1119  0.000167134
log_fdev[1](9)     0.888505   0.00185853
log_fdev[1](10)     0.315604 -0.000931132
log_fdev[1](11)      0.63932  0.000150113
log_fdev[1](12)     0.796702 -0.000943895
log_fdev[1](13)     0.477815  0.000317935
log_fdev[1](14)     0.465643  0.000437378
log_fdev[1](15)     0.447177   0.00081595
log_fdev[1](16)     0.383831   0.00132572
log_fdev[1](17)     0.992678 -9.56241e-05
log_fdev[1](18)     -0.43043   0.00110056
log_fdev[1](19)    -0.420193   0.00139246
log_fdev[1](20)     0.164904    0.0017193
log_fdev[1](21)     0.192049  0.000469001
log_fdev[1](22)    -0.497876  0.000730664
log_fdev[1](23)    -0.705028 -0.000151876
log_fdev[1](24)    -0.857191  0.000690245
log_fdev[1](25)    -0.190878  0.000103825
log_fdev[1](26)     0.105653   4.9146e-05
log_fdev[1](27)    -0.265775   0.00017739
log_fdev[1](28)    -0.598328  0.000165563
log_fdev[1](29)    -0.919273  0.000331161
log_fdev[1](30)    -0.182194  5.70541e-05
log_fdev[1](31)     0.339293  0.000290288
log_fdev[1](32)     0.589683  0.000479602
log_fdev[1](33)      1.04533 -0.000288135
log_fdev[1](34)      1.03461 -0.000470183
log_fdev[1](35)     0.602329  0.000121171
log_fdev[1](36)      0.71812 -0.000343716
log_fdev[1](37)      1.08083 -0.000240877
log_fdev[1](38)      1.50908  0.000239138
log_fdev[1](39)      1.26067 -0.000406447
log_fdev[1](40)     -1.15824  -0.00081983
log_fdev[1](41)     -1.46744  -0.00127406
log_fdev[2](1)     0.299805  0.000236875
log_fdev[2](2)     0.264914  0.000105843
log_fdev[2](3)     0.111986  -6.8797e-05
log_fdev[2](4)   -0.0820392 -9.88077e-05
log_fdev[2](5)     -9.09325 -7.70174e-05
log_fdev[2](6)     -5.07485  6.91347e-05
log_fdev[2](7)     -5.44921 -2.52338e-05
log_fdev[2](8)     -1.50421  3.01296e-05
log_fdev[2](9)    -0.281987  -1.5113e-05
log_fdev[2](10)      2.21884 -9.55829e-05
log_fdev[2](11)      1.70528 -0.000342298
log_fdev[2](12)      1.47044 -0.000166349
log_fdev[2](13)      1.19037 -0.000643577
log_fdev[2](14)      1.42322 -0.000228953
log_fdev[2](15)      1.30349 -0.000268965
log_fdev[2](16)     0.702655 -0.000275563
log_fdev[2](17)     0.841085 -0.000251946
log_fdev[2](18)     0.295374 -0.000442479
log_fdev[2](19)     0.546589 -0.000306926
log_fdev[2](20)     0.461962 -0.000294172
log_fdev[2](21)   -0.0328942 -0.000402639
log_fdev[2](22)    0.0288157 -0.000236191
log_fdev[2](23)    0.0821128 -0.000119517
log_fdev[2](24)    0.0865512 -8.54407e-05
log_fdev[2](25)     0.779387  2.57681e-05
log_fdev[2](26)     0.434024 -0.000215545
log_fdev[2](27)    -0.244852  -0.00028709
log_fdev[2](28)     0.385067 -0.000305797
log_fdev[2](29)    -0.941296 -0.000113608
log_fdev[2](30)    -0.540178 -0.000362398
log_fdev[2](31)   -0.0374198  0.000140757
log_fdev[2](32)     0.152421  7.65817e-05
log_fdev[2](33)      1.70209 -0.000234279
log_fdev[2](34)       2.9313  0.000469965
log_fdev[2](35)    -0.700573 -0.000165616
log_fdev[2](36)     0.361413 -0.000161495
log_fdev[2](37)      1.65593 -0.000131142
log_fdev[2](38)      1.06966 -0.000189178
log_fdev[2](39)      1.00188 -0.000352109
log_fdev[2](40)     0.451086 -0.000473149
log_fdev[2](41)    -0.315706 -0.000321946
log_fdev[2](42)     0.287561 -0.000326249
log_fdev[2](43)    0.0531767 -0.000538112
log_foff[1]     -6.57557  -0.00559294
log_fdov[1](1)      1.16895  -0.00161007
log_fdov[1](2)      1.41491  -0.00229597
log_fdov[1](3)       1.0598  -0.00185362
log_fdov[1](4)     0.921012  0.000502526
log_fdov[1](5)      1.45473  0.000743052
log_fdov[1](6)      1.12062  0.000238174
log_fdov[1](7)      0.63169 -0.000275285
log_fdov[1](8)     0.554219 -0.000294829
log_fdov[1](9)      3.09615 -0.000186777
log_fdov[1](10)      1.69267 -0.000547143
log_fdov[1](11)      1.78172 -7.72771e-05
log_fdov[1](12)     0.746301 -0.000339725
log_fdov[1](13)     0.467553  0.000402501
log_fdov[1](14)    -0.894227 -0.000286686
log_fdov[1](15)     0.801865  0.000320394
log_fdov[1](16)      1.04186  3.41718e-05
log_fdov[1](17)     -1.91448  9.69517e-05
log_fdov[1](18)    -0.250991  0.000279727
log_fdov[1](19)     -2.30311   0.00051342
log_fdov[1](20)    0.0516327  0.000216547
log_fdov[1](21)     -2.09439  -5.2005e-06
log_fdov[1](22)      -2.1192 -0.000109103
log_fdov[1](23)      -1.2891 -0.000360962
log_fdov[1](24)    -0.500635  1.02221e-05
log_fdov[1](25)     -2.44318 -0.000192916
log_fdov[1](26)    -0.180363 -0.000213742
log_fdov[1](27)    0.0780082 -0.000295813
log_fdov[1](28)     0.201236  4.87753e-05
log_fdov[1](29)     0.468144  0.000112659
log_fdov[1](30)      2.68512  0.000310011
log_fdov[1](31)     0.929246 -6.20034e-05
log_fdov[1](32)      1.50206 -0.000155588
log_fdov[1](33)      2.15207 -6.21196e-05
log_fdov[1](34)      1.34689   -0.0005079
log_fdov[1](35)     0.558085   2.7905e-05
log_fdov[1](36)     0.154638 -0.000232382
log_fdov[1](37)    -0.482762 -0.000469297
log_fdov[1](38)    -0.848972 -0.000413831
log_fdov[1](39)     -3.75589  -0.00013982
log_fdov[1](40)     -4.07474 -0.000357748
log_fdov[1](41)     -4.92914 -0.000704537
rec_dev_est(1982)    -0.361971  0.000479107
rec_dev_est(1983)     0.966528   0.00368713
rec_dev_est(1984)      1.45227  0.000236129
rec_dev_est(1985)      1.76778   -0.0060531
rec_dev_est(1986)    -0.477999  0.000292634
rec_dev_est(1987)     0.701708  4.92223e-06
rec_dev_est(1988)     0.704238  -0.00248688
rec_dev_est(1989)    -0.934768   0.00149363
rec_dev_est(1990)      1.53175   0.00175216
rec_dev_est(1991)      1.52754 -0.000138501
rec_dev_est(1992)    -0.067234  0.000793323
rec_dev_est(1993)    -0.270789  0.000764175
rec_dev_est(1994)     -1.44701  0.000582484
rec_dev_est(1995)     -1.21897   0.00282324
rec_dev_est(1996)    -0.272076   0.00173782
rec_dev_est(1997)    -0.438398  -0.00217273
rec_dev_est(1998)   -0.0207649   7.3663e-05
rec_dev_est(1999)    -0.242379 -0.000146006
rec_dev_est(2000)     -1.32645  2.03781e-05
rec_dev_est(2001)     0.441074   0.00163989
rec_dev_est(2002)      1.13684 -7.24702e-05
rec_dev_est(2003)     0.487847 -0.000661387
rec_dev_est(2004)      1.11058 -0.000769248
rec_dev_est(2005)    -0.418934 -0.000150402
rec_dev_est(2006)      -1.2042   0.00266559
rec_dev_est(2007)   -0.0871195  0.000505783
rec_dev_est(2008)     0.795912   0.00106012
rec_dev_est(2009)    -0.728964 -9.96718e-05
rec_dev_est(2010)    -0.709199  -0.00150963
rec_dev_est(2011)     -0.88212  -0.00226815
rec_dev_est(2012)    -0.647883   -0.0010987
rec_dev_est(2013)      0.34505 -0.000521765
rec_dev_est(2014)     0.406496  -0.00128611
rec_dev_est(2015)    -0.698808  -0.00124554
rec_dev_est(2016)    -0.780252  -0.00207438
rec_dev_est(2017)     -2.02164  -0.00080347
rec_dev_est(2018)     -1.41528  -0.00070289
rec_dev_est(2019)    -0.860277 -0.000550703
rec_dev_est(2020)     0.900989 -0.000878644
rec_dev_est(2021)     0.392119 -0.000366094
rec_dev_est(2022)      1.09613 -4.71664e-05
rec_dev_est(2023)    -0.465343   0.00053781
rec_dev_est(2024)     -1.33947 -6.94524e-05
