ParName   Value   Gradient
T_pars_est[3]      13.6086  -0.00494421
T_pars_est[11]      8.48761 -1.30107e-05
T_pars_est[12]      8.50038  6.38338e-06
T_pars_est[13]      8.56005  4.17457e-06
T_pars_est[14]      8.78632 -1.31186e-05
T_pars_est[15]      9.28815  1.96443e-05
T_pars_est[16]      9.98529  5.18496e-05
T_pars_est[17]      10.7245  4.02841e-05
T_pars_est[18]       11.128 -1.15636e-05
T_pars_est[19]      11.2031  6.35423e-06
T_pars_est[20]      11.2765  -3.1735e-06
T_pars_est[21]      11.3005  3.02229e-05
T_pars_est[22]      11.0843  3.75995e-05
T_pars_est[23]      10.7692 -1.89775e-05
T_pars_est[24]      10.5213 -7.32499e-05
T_pars_est[25]      10.6922 -0.000201387
T_pars_est[26]      11.5287 -8.93423e-05
T_pars_est[27]      11.0792 -6.50947e-05
T_pars_est[28]      10.1228 -9.85277e-05
T_pars_est[29]      9.13573 -2.45639e-05
T_pars_est[30]      8.16896 -1.93091e-06
T_pars_est[31]      7.35006 -4.51437e-06
T_pars_est[32]      6.93304 -8.48195e-06
T_pars_est[33]       11.917 -0.000134989
T_pars_est[34]      12.4373 -0.000409356
T_pars_est[35]      13.0971  -0.00039636
T_pars_est[36]      13.5944 -0.000436381
T_pars_est[37]      12.6805 -0.000243074
T_pars_est[38]      12.8063 -0.000370094
T_pars_est[39]      12.6996   -0.0002989
T_pars_est[40]       12.487 -0.000212545
T_pars_est[41]      12.3728 -0.000278805
T_pars_est[42]      11.8028 -0.000185243
T_pars_est[43]      11.0698 -8.05026e-05
T_pars_est[44]      10.8455 -0.000100496
T_pars_est[45]      10.9645 -0.000172972
T_pars_est[46]      10.2667 -0.000111381
T_pars_est[47]      8.97621 -5.90114e-05
T_pars_est[48]      7.90077 -2.72592e-06
T_pars_est[49]      7.10191  3.54548e-06
T_pars_est[50]      6.54274 -2.14953e-05
T_pars_est[51]      6.13496  2.87835e-05
T_pars_est[52]      5.83434 -2.31016e-05
T_pars_est[53]      5.62735 -4.72766e-05
T_pars_est[54]      5.52093  1.27776e-05
T_pars_est[55]      9.76843  -2.0581e-05
T_pars_est[56]      9.83496 -1.19072e-05
T_pars_est[57]      10.1975 -2.48105e-06
T_pars_est[58]      11.4368  3.41456e-05
T_pars_est[59]      13.2504 -4.07574e-05
T_pars_est[60]      13.9405  3.95192e-05
T_pars_est[61]      13.2832 -4.57612e-05
T_pars_est[62]      12.1824 -5.63381e-05
T_pars_est[63]      11.0055 -2.69924e-05
T_pars_est[64]      9.87837 -7.26773e-05
T_pars_est[65]      9.14336 -0.000102508
T_pars_est[66]      8.71753 -4.21525e-05
T_pars_est[67]      8.50434  2.07455e-06
T_pars_est[68]      8.40815 -5.47703e-05
T_pars_est[69]      8.28407 -0.000118253
T_pars_est[70]      8.11894 -4.34577e-05
T_pars_est[71]      7.94147 -4.60322e-05
T_pars_est[72]      7.77739 -4.53707e-05
T_pars_est[73]      7.62455 -0.000104445
T_pars_est[74]      7.48837 -5.52773e-05
T_pars_est[75]      7.39113 -4.94954e-05
T_pars_est[76]      7.33653 -0.000107476
T_pars_est[77]     -15.2348  9.34559e-06
T_pars_est[78]     -15.3431 -3.47131e-05
T_pars_est[79]     -15.5292  2.73331e-05
T_pars_est[80]     -15.0323 -1.30404e-05
T_pars_est[81]     -14.0438 -1.32993e-05
T_pars_est[82]     -13.3199   7.4366e-06
T_pars_est[83]     -14.4235 -1.08835e-05
T_pars_est[84]     -15.5266  2.95737e-05
T_pars_est[85]     -16.3747  2.43358e-05
T_pars_est[86]     -17.0311  2.00949e-05
T_pars_est[87]     -17.4935 -2.62733e-05
T_pars_est[88]     -17.8377  -1.7633e-05
T_pars_est[89]     -18.1101 -3.74721e-07
T_pars_est[90]     -18.3385  1.18384e-05
T_pars_est[91]     -18.5362 -2.99153e-06
T_pars_est[92]     -18.7102  1.94518e-06
T_pars_est[93]     -18.8641  4.61236e-06
log_fbar[1]   -0.0194185  -0.00163291
log_fbar[2]     -5.58376  1.11471e-06
log_fdev[1](1)     -1.37778 -0.000168383
log_fdev[1](2)     -1.72018 -0.000165465
log_fdev[1](3)     -1.11586 -1.25588e-05
log_fdev[1](4)     -0.76892  0.000228315
log_fdev[1](5)    -0.631548 -0.000250477
log_fdev[1](6)     -0.27151   -0.0015131
log_fdev[1](7)     -0.28233   -0.0006787
log_fdev[1](8)    -0.226408  0.000299928
log_fdev[1](9)     0.816513   0.00029975
log_fdev[1](10)     0.270906 -0.000169033
log_fdev[1](11)     0.620175  6.73819e-05
log_fdev[1](12)     0.771352   0.00022249
log_fdev[1](13)     0.437438 -0.000446188
log_fdev[1](14)      0.48656  -0.00023988
log_fdev[1](15)     0.460389  0.000148556
log_fdev[1](16)      0.32095   4.1759e-05
log_fdev[1](17)     0.914559 -9.64129e-05
log_fdev[1](18)    -0.481307  0.000133662
log_fdev[1](19)    -0.458774 -9.38751e-06
log_fdev[1](20)     0.178447 -0.000225953
log_fdev[1](21)     0.210153  0.000305234
log_fdev[1](22)    -0.456013   0.00029431
log_fdev[1](23)    -0.718008 -1.48862e-05
log_fdev[1](24)    -0.897301 -0.000173949
log_fdev[1](25)    -0.264024 -0.000193736
log_fdev[1](26)    0.0479204 -0.000154416
log_fdev[1](27)    -0.210047  0.000346725
log_fdev[1](28)    -0.523879 -2.83478e-05
log_fdev[1](29)    -0.919281 -9.84993e-05
log_fdev[1](30)    -0.202118  -0.00015119
log_fdev[1](31)     0.309572  2.62662e-05
log_fdev[1](32)     0.552829    3.767e-06
log_fdev[1](33)      1.02635  0.000179767
log_fdev[1](34)      1.05973  0.000160372
log_fdev[1](35)       0.6257 -0.000414135
log_fdev[1](36)     0.723093  -0.00018711
log_fdev[1](37)      1.09632  9.44906e-05
log_fdev[1](38)      1.51158 -7.34785e-05
log_fdev[1](39)      1.25168  7.73988e-05
log_fdev[1](40)     -1.08867  0.000100262
log_fdev[1](41)     -1.07826 -0.000377708
log_fdev[2](1)     0.316565 -7.61712e-06
log_fdev[2](2)     0.268585 -3.31325e-06
log_fdev[2](3)     0.108736  1.77653e-05
log_fdev[2](4)   -0.0674799 -4.86801e-08
log_fdev[2](5)     -9.04129 -1.68095e-05
log_fdev[2](6)     -4.97635 -5.49571e-05
log_fdev[2](7)     -5.46828  -2.0372e-05
log_fdev[2](8)      -1.6007  3.71902e-05
log_fdev[2](9)    -0.343949  -5.6117e-05
log_fdev[2](10)      2.18763 -8.49771e-05
log_fdev[2](11)      1.69719 -7.04786e-05
log_fdev[2](12)      1.45475 -6.85198e-05
log_fdev[2](13)      1.18448  -6.0906e-05
log_fdev[2](14)      1.44954    -4.43e-05
log_fdev[2](15)      1.30748 -4.47394e-05
log_fdev[2](16)     0.659203 -3.94087e-06
log_fdev[2](17)     0.793108 -2.79882e-05
log_fdev[2](18)     0.266582  3.84772e-05
log_fdev[2](19)     0.528391  2.13258e-06
log_fdev[2](20)     0.474028  2.25248e-05
log_fdev[2](21)  -0.00703378  2.91353e-05
log_fdev[2](22)     0.060261  4.44479e-05
log_fdev[2](23)    0.0741957 -6.62071e-05
log_fdev[2](24)    0.0387513 -2.54588e-05
log_fdev[2](25)     0.712936 -3.91916e-05
log_fdev[2](26)     0.414409  8.89258e-06
log_fdev[2](27)    -0.178103 -8.48708e-06
log_fdev[2](28)     0.454081 -1.91591e-05
log_fdev[2](29)    -0.926717  3.71441e-06
log_fdev[2](30)    -0.564718  1.22933e-05
log_fdev[2](31)      -0.1015  1.82193e-05
log_fdev[2](32)    0.0914527 -3.33369e-06
log_fdev[2](33)      1.65849 -7.45502e-06
log_fdev[2](34)      2.89597  1.00811e-05
log_fdev[2](35)    -0.744451  5.29229e-06
log_fdev[2](36)     0.310293  1.43189e-05
log_fdev[2](37)       1.6105 -1.72282e-05
log_fdev[2](38)      1.01467  4.22154e-05
log_fdev[2](39)     0.962428  1.57359e-05
log_fdev[2](40)     0.484021 -1.29992e-05
log_fdev[2](41)    -0.200648 -5.02156e-05
log_fdev[2](42)     0.475615 -6.97491e-05
log_fdev[2](43)     0.266875  -7.0422e-05
log_foff[1]     -6.72473  0.000299608
log_fdov[1](1)       1.3812 -0.000149355
log_fdov[1](2)      1.64006 -4.75806e-05
log_fdov[1](3)      1.29827  2.73004e-05
log_fdov[1](4)      1.20701   1.7686e-05
log_fdov[1](5)      2.07391 -9.18984e-05
log_fdov[1](6)      2.21822 -0.000593803
log_fdov[1](7)      1.09258 -0.000227201
log_fdov[1](8)     0.567213 -5.70395e-05
log_fdov[1](9)      3.01072  -3.9337e-06
log_fdov[1](10)      1.74897 -0.000118614
log_fdov[1](11)      1.98279 -5.46775e-05
log_fdov[1](12)     0.908089 -3.44372e-05
log_fdov[1](13)     0.645829  7.83124e-06
log_fdov[1](14)    -0.638002  3.82905e-05
log_fdov[1](15)      1.07917   7.1203e-05
log_fdov[1](16)       1.3971  8.26118e-05
log_fdov[1](17)      -1.5912  0.000116136
log_fdov[1](18)   -0.0977257  2.40433e-05
log_fdov[1](19)     -2.27223 -6.25036e-05
log_fdov[1](20)    0.0392599 -4.43737e-05
log_fdov[1](21)     -1.99077  4.56021e-06
log_fdov[1](22)     -1.98841 -5.45823e-05
log_fdov[1](23)      -1.0877  0.000147193
log_fdov[1](24)     -0.52209  0.000104904
log_fdov[1](25)     -2.67382  9.21225e-05
log_fdov[1](26)    -0.241587  9.05909e-05
log_fdov[1](27)      0.17621  0.000119808
log_fdov[1](28)     0.348672  6.05187e-05
log_fdov[1](29)     0.647845   3.1837e-05
log_fdov[1](30)      2.55124  3.00694e-05
log_fdov[1](31)     0.454333  8.28725e-05
log_fdov[1](32)      0.96265  4.27875e-05
log_fdov[1](33)      1.60778  3.50848e-05
log_fdov[1](34)     0.819224   6.0404e-05
log_fdov[1](35)     0.100847 -6.79948e-05
log_fdov[1](36)    -0.231212  7.27584e-05
log_fdov[1](37)    -0.867918  0.000165646
log_fdov[1](38)     -1.28306 -1.13698e-05
log_fdov[1](39)     -4.21959   4.2784e-05
log_fdov[1](40)     -4.67888  0.000120725
log_fdov[1](41)       -5.575  0.000137381
rec_dev_est(1982)     0.934164 -0.000774566
rec_dev_est(1983)     0.199495  0.000176325
rec_dev_est(1984)     0.521549 -0.000549078
rec_dev_est(1985)      2.26015  -0.00124636
rec_dev_est(1986)    -0.159317  -4.4427e-05
rec_dev_est(1987)     0.157644   -0.0010859
rec_dev_est(1988)    -0.155577 -5.85317e-05
rec_dev_est(1989)     -1.10653 -0.000149075
rec_dev_est(1990)       1.5587   0.00019285
rec_dev_est(1991)      1.11849  0.000519414
rec_dev_est(1992)    -0.252642  0.000342543
rec_dev_est(1993)    -0.475338  0.000216775
rec_dev_est(1994)     -1.57972  4.65356e-05
rec_dev_est(1995)    -0.613566  0.000314963
rec_dev_est(1996)     0.121199  0.000127574
rec_dev_est(1997)    -0.549861  0.000101946
rec_dev_est(1998)    -0.325666  -9.7127e-05
rec_dev_est(1999)    -0.807814 -0.000303897
rec_dev_est(2000)    -0.753834 -3.15737e-05
rec_dev_est(2001)    0.0430171 -5.31423e-05
rec_dev_est(2002)      1.58887  0.000321205
rec_dev_est(2003)      0.11861  4.67331e-05
rec_dev_est(2004)     0.421674 -0.000124343
rec_dev_est(2005)    -0.720806  0.000100526
rec_dev_est(2006)    -0.814224  4.79406e-05
rec_dev_est(2007)    -0.371371  8.48294e-06
rec_dev_est(2008)      1.57792  5.11059e-05
rec_dev_est(2009)    -0.389424 -0.000130095
rec_dev_est(2010)     -0.41267 -0.000329268
rec_dev_est(2011)     -1.03268 -0.000202681
rec_dev_est(2012)    -0.857064  -5.6954e-05
rec_dev_est(2013)     0.500936  0.000118538
rec_dev_est(2014)     0.442309 -0.000133232
rec_dev_est(2015)   -0.0957572 -8.88332e-05
rec_dev_est(2016)     -0.59941 -0.000189273
rec_dev_est(2017)     -1.68288 -8.50302e-05
rec_dev_est(2018)    -0.722186  2.36229e-05
rec_dev_est(2019)    -0.740577 -4.29793e-05
rec_dev_est(2020)      0.50656 -4.29465e-05
rec_dev_est(2021)     0.906932 -6.29305e-05
rec_dev_est(2022)      1.02764 -4.50387e-05
rec_dev_est(2023)    -0.787092  5.67331e-05
rec_dev_est(2024)     -1.58404 -2.11217e-05
logit_rec_prop_est(1982)      3.32935    0.0017221
logit_rec_prop_est(1983)      3.87417  0.000851857
logit_rec_prop_est(1984)      4.33172 -0.000582553
logit_rec_prop_est(1985)    -0.868739  -0.00211646
logit_rec_prop_est(1986)     -2.84754  0.000230416
logit_rec_prop_est(1987)      2.08333   0.00145948
logit_rec_prop_est(1988)      3.93077 -9.27546e-06
logit_rec_prop_est(1989)      2.03157  0.000559699
logit_rec_prop_est(1990)    -0.628069 -0.000796557
logit_rec_prop_est(1991)      1.81558   0.00264402
logit_rec_prop_est(1992)     -1.29256   0.00141646
logit_rec_prop_est(1993)     0.455476  0.000960198
logit_rec_prop_est(1994)     0.680115  0.000511393
logit_rec_prop_est(1995)     -3.14556   0.00148799
logit_rec_prop_est(1996)    -0.485235  0.000495141
logit_rec_prop_est(1997)    -0.774902   0.00107287
logit_rec_prop_est(1998)     0.799273  -0.00206623
logit_rec_prop_est(1999)      2.28414  -0.00037562
logit_rec_prop_est(2000)     -3.77765  0.000240343
logit_rec_prop_est(2001)      2.78482 -0.000147561
logit_rec_prop_est(2002)     -1.37745 -5.45809e-05
logit_rec_prop_est(2003)     0.507545 -3.40559e-05
logit_rec_prop_est(2004)       2.4278  -0.00116096
logit_rec_prop_est(2005)      1.80742 -4.04125e-05
logit_rec_prop_est(2006)     -2.27483  0.000300116
logit_rec_prop_est(2007)     0.781684  0.000303153
logit_rec_prop_est(2008)     -1.43879  -0.00284618
logit_rec_prop_est(2009)     -1.04641  -0.00100356
logit_rec_prop_est(2010)    -0.620747  -0.00160779
logit_rec_prop_est(2011)    0.0701246 -0.000591022
logit_rec_prop_est(2012)     0.233731 -1.21998e-06
logit_rec_prop_est(2013)    -0.583914  0.000295402
logit_rec_prop_est(2014)    -0.159441 -0.000674005
logit_rec_prop_est(2015)     -1.30222  -0.00107855
logit_rec_prop_est(2016)     -1.35009   -0.0011166
logit_rec_prop_est(2017)     -4.60429   0.00018554
logit_rec_prop_est(2018)     -5.21848 -0.000270215
logit_rec_prop_est(2019)     -1.28754 -0.000116438
logit_rec_prop_est(2020)     0.448297  4.18701e-05
logit_rec_prop_est(2021)     -1.15247  3.10082e-05
logit_rec_prop_est(2022)    -0.317386  6.47415e-05
logit_rec_prop_est(2023)    0.0330706  9.88387e-05
logit_rec_prop_est(2024)      1.84433  0.000130122
