ParName   Value   Gradient
T_pars_est[3]      14.3592    0.0042942
T_pars_est[11]       9.5978  1.02606e-06
T_pars_est[12]      9.60857  6.07884e-06
T_pars_est[13]      9.64535 -1.17774e-05
T_pars_est[14]      9.76657 -1.72657e-06
T_pars_est[15]      10.2075  1.66592e-05
T_pars_est[16]      10.7579 -4.72551e-06
T_pars_est[17]       11.199 -4.81514e-06
T_pars_est[18]      11.4056  4.52018e-06
T_pars_est[19]      11.5001  1.06624e-06
T_pars_est[20]      11.5378   1.0003e-05
T_pars_est[21]       11.503 -5.09051e-07
T_pars_est[22]      11.2606  2.37465e-06
T_pars_est[23]      10.9503  6.52086e-06
T_pars_est[24]      10.6913  3.97116e-05
T_pars_est[25]      10.8249  0.000174439
T_pars_est[26]      11.8824  0.000172149
T_pars_est[27]      11.3829  0.000132317
T_pars_est[28]      10.4111  5.52823e-07
T_pars_est[29]      9.35593  8.94393e-06
T_pars_est[30]      8.35475  1.62058e-05
T_pars_est[31]        7.536  1.41468e-05
T_pars_est[32]      7.14295  1.49115e-05
T_pars_est[33]      12.2528  2.12392e-05
T_pars_est[34]      12.3791  4.45292e-05
T_pars_est[35]      13.2099  0.000108692
T_pars_est[36]      13.7107  0.000224463
T_pars_est[37]      13.0303    0.0001284
T_pars_est[38]      13.1225  0.000172969
T_pars_est[39]      12.8402  0.000174742
T_pars_est[40]      12.6025  0.000187532
T_pars_est[41]        12.55  0.000213386
T_pars_est[42]      12.0225  0.000187838
T_pars_est[43]      11.3547  0.000126337
T_pars_est[44]      11.2395  0.000110551
T_pars_est[45]      11.3934  0.000162956
T_pars_est[46]      10.4822  9.25106e-05
T_pars_est[47]      9.10326  2.59325e-05
T_pars_est[48]      8.04488  3.17849e-06
T_pars_est[49]       7.2827  9.62358e-06
T_pars_est[50]      6.75078  2.00294e-06
T_pars_est[51]      6.36353 -1.72431e-05
T_pars_est[52]      6.07561  7.30716e-06
T_pars_est[53]       5.8747  9.72892e-06
T_pars_est[54]         5.77  1.04489e-06
T_pars_est[55]      12.1615 -7.00068e-07
T_pars_est[56]      12.1815 -1.36408e-06
T_pars_est[57]      12.2297 -5.73544e-06
T_pars_est[58]      12.3711  2.29351e-05
T_pars_est[59]      13.5362 -1.93688e-05
T_pars_est[60]      13.5921 -1.56733e-05
T_pars_est[61]      12.9906  2.06224e-06
T_pars_est[62]      12.1489  2.46135e-05
T_pars_est[63]        11.02  1.65832e-05
T_pars_est[64]      9.96291  2.59417e-05
T_pars_est[65]      9.23415  9.82483e-06
T_pars_est[66]      8.80914  7.43466e-06
T_pars_est[67]      8.60268  5.88619e-06
T_pars_est[68]      8.54932  1.45948e-05
T_pars_est[69]        8.451  1.46641e-05
T_pars_est[70]      8.25546  2.55192e-05
T_pars_est[71]      8.00203  1.53827e-05
T_pars_est[72]      7.74944  2.04053e-05
T_pars_est[73]      7.51109  1.49697e-05
T_pars_est[74]      7.28547  2.10896e-05
T_pars_est[75]      7.12991  2.50085e-05
T_pars_est[76]      7.03917  1.41728e-05
T_pars_est[77]      -13.809  -3.1674e-06
T_pars_est[78]     -13.8614 -5.34463e-06
T_pars_est[79]     -13.9605  4.52053e-07
T_pars_est[80]     -14.1172  3.10327e-06
T_pars_est[81]     -13.6355 -8.69499e-06
T_pars_est[82]      -13.468  8.97165e-07
T_pars_est[83]     -14.5919 -5.67913e-06
T_pars_est[84]     -15.6118  3.78175e-06
T_pars_est[85]     -16.4193 -1.64168e-06
T_pars_est[86]     -17.0472  3.35126e-06
T_pars_est[87]     -17.5009 -5.64302e-07
T_pars_est[88]     -17.8427  1.05177e-06
T_pars_est[89]     -18.1132  2.17895e-06
T_pars_est[90]       -18.34  1.79639e-07
T_pars_est[91]     -18.5366  4.00802e-07
T_pars_est[92]     -18.7099 -4.18336e-07
T_pars_est[93]     -18.8637  4.31898e-06
G_pars_est[1]     0.986704  0.000436972
G_pars_est[2]    -0.240986 -0.000754985
G_pars_est[4]     -4.79945 -5.13208e-06
G_pars_est[5]    -0.425945 -0.000209989
M_pars_est[1]     0.284603 -0.000339729
M_pars_est[2]      1.60129  1.36951e-05
M_pars_est[3]     0.381863  2.67097e-05
M_pars_est[5]   0.00305454 -0.000230211
M_pars_est[7]      2.36771 -0.000460081
M_pars_est[9]     0.265317 -0.000350679
M_pars_est[10]    -0.255318  2.03212e-05
M_pars_est[11]     0.976923 -0.000132466
M_pars_est[13]     0.919585 -8.86068e-05
M_pars_est[14]      1.79907 -8.85855e-05
M_pars_est[15]     0.727922 -9.56285e-06
S_pars_est[1]      4.66695  -0.00470162
S_pars_est[2]      1.67152   0.00113934
S_pars_est[3]      4.77523 -0.000313549
S_pars_est[4]      2.38683  0.000230084
S_pars_est[5]      -3.2111  2.14109e-07
S_pars_est[6]     -2.71712 -7.98769e-06
S_pars_est[7]     -2.26149 -2.90127e-06
S_pars_est[8]     -1.51376  1.60249e-06
S_pars_est[9]     -1.48791  2.56743e-06
S_pars_est[10]     -1.30692  3.12234e-06
S_pars_est[11]     -1.00867  2.38676e-06
S_pars_est[12]    -0.992968  5.34583e-06
S_pars_est[13]     -1.11947   1.0333e-06
S_pars_est[14]     -1.09317 -2.53265e-06
S_pars_est[15]     -1.02959 -2.15272e-06
S_pars_est[16]    -0.994013 -2.57504e-06
S_pars_est[17]    -0.975319  2.60257e-07
S_pars_est[18]    -0.868741 -6.65873e-06
S_pars_est[19]    -0.859721 -2.70598e-06
S_pars_est[20]    -0.990747 -5.03218e-06
S_pars_est[21]    -0.848241  1.41717e-06
S_pars_est[22]    -0.745656 -5.60145e-06
S_pars_est[23]    -0.515556 -2.60712e-06
S_pars_est[24]    -0.333518 -4.22545e-07
S_pars_est[25]    -0.241537 -1.78517e-06
S_pars_est[26]     -0.32285 -3.78053e-06
S_pars_est[27]     -4.29536  1.16622e-06
S_pars_est[28]     -3.40595 -2.17019e-06
S_pars_est[29]     -2.71136  1.61936e-05
S_pars_est[30]      -1.9021  -4.1714e-06
S_pars_est[31]     -1.69582  3.33213e-06
S_pars_est[32]     -1.47205  1.02534e-05
S_pars_est[33]     -1.23866   2.4413e-06
S_pars_est[34]     -1.15362  2.00603e-06
S_pars_est[35]      -1.2151 -9.20323e-06
S_pars_est[36]     -1.22815 -2.52594e-05
S_pars_est[37]     -1.20542 -2.51038e-05
S_pars_est[38]     -1.15495  3.00914e-06
S_pars_est[39]     -1.12196 -5.75096e-06
S_pars_est[40]     -0.98189 -2.69889e-06
S_pars_est[41]    -0.777145 -5.93624e-06
S_pars_est[42]    -0.460595 -2.19861e-05
S_pars_est[43]    -0.318191 -8.01014e-06
S_pars_est[44]    -0.205611   4.3253e-07
S_pars_est[45]    -0.163587 -2.88771e-06
S_pars_est[46]    -0.134054 -3.36254e-06
S_pars_est[47]    -0.124191 -2.34646e-06
S_pars_est[48]     -0.15845 -4.90685e-06
S_pars_est[49]       4.2136  -0.00176451
S_pars_est[50]     0.995649  5.87067e-05
S_pars_est[51]     -5.13696 -1.36776e-05
S_pars_est[52]     -5.26209  3.70538e-06
S_pars_est[53]     -4.04942   5.2786e-06
S_pars_est[54]      -1.7251 -1.16481e-05
S_pars_est[55]     -1.16915  1.04281e-05
S_pars_est[56]     -0.54938  1.08469e-06
S_pars_est[57]    -0.552177  5.55187e-06
S_pars_est[58]      -0.7597  1.65704e-06
S_pars_est[59]    -0.835214  2.23021e-06
S_pars_est[60]     -0.92421  2.09658e-06
S_pars_est[61]    -0.910707  1.00901e-06
S_pars_est[62]    -0.871299 -8.09981e-07
S_pars_est[63]      -0.8381 -7.01073e-07
S_pars_est[64]    -0.791033    3.693e-07
S_pars_est[65]    -0.721448   7.4137e-08
S_pars_est[66]    -0.631124  4.20306e-07
S_pars_est[67]    -0.529458  9.36628e-07
S_pars_est[68]    -0.423567  2.30377e-08
S_pars_est[69]    -0.314044  1.31801e-07
S_pars_est[70]    -0.199525  1.04856e-06
S_pars_est[71]   -0.0830217 -1.24955e-06
S_pars_est[73]     -4.06931 -3.11719e-06
S_pars_est[74]     -3.28547  1.70026e-05
S_pars_est[75]     -2.65692  5.49315e-05
S_pars_est[76]    -0.992888 -7.64466e-06
S_pars_est[77]    -0.487221 -4.05454e-05
S_pars_est[78]    -0.234923  1.32424e-05
S_pars_est[79]    -0.351057  1.82121e-05
S_pars_est[80]    -0.928629 -6.05486e-07
S_pars_est[81]     -1.08598 -1.36177e-06
S_pars_est[82]     -1.31205 -1.13059e-05
S_pars_est[83]     -1.28571   -1.078e-06
S_pars_est[84]    -0.964045 -1.43603e-07
S_pars_est[85]    -0.828349  -9.9725e-07
S_pars_est[86]    -0.777914  9.03248e-07
S_pars_est[87]    -0.710701 -5.13075e-07
S_pars_est[88]    -0.623381 -9.49814e-07
S_pars_est[89]    -0.524201  5.31858e-07
S_pars_est[90]    -0.419938  1.52706e-06
S_pars_est[91]    -0.311313  4.05753e-07
S_pars_est[92]    -0.197208  2.45614e-07
S_pars_est[93]   -0.0805096   4.6478e-06
S_pars_est[95]      4.59569   0.00619521
S_pars_est[96]     0.309132  0.000188974
log_fbar[1]    -0.218376   0.00291974
log_fbar[2]     -5.22731  0.000407348
log_fdev[1](1)      -1.4259 -1.55477e-05
log_fdev[1](2)     -1.79935  0.000185234
log_fdev[1](3)     -1.16029  0.000222452
log_fdev[1](4)    -0.801123  0.000170275
log_fdev[1](5)    -0.649841  0.000267963
log_fdev[1](6)    -0.238884  0.000207354
log_fdev[1](7)    -0.182636  0.000178267
log_fdev[1](8)    -0.145472  0.000231806
log_fdev[1](9)     0.883835  0.000134818
log_fdev[1](10)     0.392515  0.000253171
log_fdev[1](11)     0.707458  0.000155081
log_fdev[1](12)     0.826074  8.49042e-05
log_fdev[1](13)     0.497097  8.03175e-05
log_fdev[1](14)     0.514152  0.000103782
log_fdev[1](15)     0.551156  0.000193184
log_fdev[1](16)     0.463815   0.00011578
log_fdev[1](17)      1.03315  0.000230388
log_fdev[1](18)    -0.418068 -4.81828e-05
log_fdev[1](19)    -0.452435  -8.7222e-05
log_fdev[1](20)     0.158747 -7.83807e-05
log_fdev[1](21)     0.323991  0.000184692
log_fdev[1](22)    -0.384219  0.000309129
log_fdev[1](23)    -0.575276    0.0002253
log_fdev[1](24)    -0.761465  0.000156099
log_fdev[1](25)    -0.164059  8.18332e-05
log_fdev[1](26)     0.179514   6.9538e-05
log_fdev[1](27)   -0.0925785  7.19308e-05
log_fdev[1](28)    -0.414221 -3.78036e-07
log_fdev[1](29)    -0.740315 -1.92106e-05
log_fdev[1](30)   -0.0342549 -2.75854e-05
log_fdev[1](31)     0.407168 -6.49261e-05
log_fdev[1](32)     0.624358 -0.000100422
log_fdev[1](33)      1.05311 -2.37742e-05
log_fdev[1](34)      0.99776  9.01465e-05
log_fdev[1](35)     0.488019  1.96024e-05
log_fdev[1](36)     0.222992  5.22311e-05
log_fdev[1](37)      1.09087  9.75945e-05
log_fdev[1](38)     0.333808 -0.000306593
log_fdev[1](39)     0.887853 -0.000183767
log_fdev[1](40)     -1.03742  0.000536425
log_fdev[1](41)     -1.15965  0.000468536
log_fdev[2](1)     0.185866  7.27714e-06
log_fdev[2](2)     0.082484  1.12871e-05
log_fdev[2](3)    -0.102755  1.80678e-05
log_fdev[2](4)    -0.283959  1.77382e-05
log_fdev[2](5)     -9.22529  5.50424e-06
log_fdev[2](6)     -5.04302  7.91078e-06
log_fdev[2](7)     -5.45422  1.43661e-06
log_fdev[2](8)     -1.58867  8.94744e-06
log_fdev[2](9)    -0.291421   3.4613e-05
log_fdev[2](10)      2.16327  1.02872e-05
log_fdev[2](11)      1.67074  6.97534e-06
log_fdev[2](12)      1.52953  9.22575e-06
log_fdev[2](13)      1.35444  5.38422e-05
log_fdev[2](14)      1.62895  5.80781e-05
log_fdev[2](15)      1.44459   1.9421e-05
log_fdev[2](16)     0.714427   1.1317e-05
log_fdev[2](17)      0.81175  8.04383e-06
log_fdev[2](18)     0.276778 -1.06607e-05
log_fdev[2](19)     0.515323 -1.33736e-05
log_fdev[2](20)     0.531156   1.3825e-05
log_fdev[2](21)     0.155234  4.80491e-05
log_fdev[2](22)      0.12167  4.78635e-05
log_fdev[2](23)     0.100068  2.98485e-05
log_fdev[2](24)    0.0537759  1.34463e-05
log_fdev[2](25)     0.787852  1.28149e-05
log_fdev[2](26)     0.505785  1.84399e-05
log_fdev[2](27)      -0.1426  1.05913e-06
log_fdev[2](28)     0.483937 -1.66833e-05
log_fdev[2](29)     -0.95539 -6.14126e-06
log_fdev[2](30)    -0.539402  1.54607e-07
log_fdev[2](31)    0.0117221  1.55304e-05
log_fdev[2](32)     0.245546  3.37202e-05
log_fdev[2](33)      1.79496    3.948e-05
log_fdev[2](34)      3.00517  5.05558e-05
log_fdev[2](35)    -0.701332  3.19189e-05
log_fdev[2](36)    0.0798754  3.66726e-05
log_fdev[2](37)      1.61576  2.75065e-05
log_fdev[2](38)     0.437646 -1.90695e-05
log_fdev[2](39)     0.841512 -2.05849e-05
log_fdev[2](40)      0.49358   2.4874e-05
log_fdev[2](41)    -0.157969  3.02505e-05
log_fdev[2](42)     0.530238   2.9396e-05
log_fdev[2](43)     0.312409  3.11679e-05
log_foff[1]     -6.84184   0.00101162
log_fdov[1](1)      1.43117 -3.61552e-05
log_fdov[1](2)      1.71463  1.95063e-05
log_fdov[1](3)      1.33183  3.78813e-05
log_fdov[1](4)      1.20579  8.83308e-06
log_fdov[1](5)      1.91851    9.622e-05
log_fdov[1](6)      1.42873  8.25586e-05
log_fdov[1](7)     0.605489  3.93918e-05
log_fdov[1](8)      0.38152   8.4493e-05
log_fdov[1](9)      2.71538  8.16914e-05
log_fdov[1](10)      1.28273  7.83248e-05
log_fdov[1](11)      1.47061  8.47501e-05
log_fdov[1](12)     0.639721  6.24525e-05
log_fdov[1](13)     0.715793  4.82097e-05
log_fdov[1](14)    -0.505899   5.1103e-05
log_fdov[1](15)      1.05812  0.000127714
log_fdov[1](16)      1.19009  6.65028e-05
log_fdov[1](17)     -1.82846  3.35692e-05
log_fdov[1](18)    -0.285041  6.25906e-05
log_fdov[1](19)     -2.32814  6.04247e-05
log_fdov[1](20)    0.0388379  4.59078e-05
log_fdov[1](21)     -2.21221  8.27819e-05
log_fdov[1](22)     -2.18888  5.56345e-05
log_fdov[1](23)     -1.28064  3.76316e-05
log_fdov[1](24)    -0.883162 -3.63212e-05
log_fdov[1](25)     -2.81903 -3.96182e-05
log_fdov[1](26)    -0.384494 -3.15502e-05
log_fdov[1](27)  -0.00709056 -1.83919e-05
log_fdov[1](28)     0.144722 -1.42154e-05
log_fdov[1](29)     0.323828 -4.77169e-05
log_fdov[1](30)       2.3498  -2.9953e-05
log_fdov[1](31)     0.612027 -3.21865e-05
log_fdov[1](32)      1.19277 -6.67959e-05
log_fdov[1](33)      1.84121 -5.09086e-05
log_fdov[1](34)      1.00673 -7.37744e-07
log_fdov[1](35)     0.370066 -6.21484e-05
log_fdov[1](36)     0.454059  1.64369e-05
log_fdov[1](37)    -0.989623  3.78989e-05
log_fdov[1](38)     0.211844  6.38032e-05
log_fdov[1](39)     -3.24993  0.000119757
log_fdov[1](40)     -3.99528  0.000205244
log_fdov[1](41)     -4.67812  0.000102643
rec_dev_est(1982)      0.31425  0.000289899
rec_dev_est(1983)   -0.0213488  0.000177089
rec_dev_est(1984)     0.904458  0.000253294
rec_dev_est(1985)      1.62445  0.000484991
rec_dev_est(1986)     0.919003  0.000202749
rec_dev_est(1987)     0.559095  0.000168053
rec_dev_est(1988)    -0.531238  7.57211e-05
rec_dev_est(1989)    -0.355988  8.88246e-05
rec_dev_est(1990)     0.324041  2.42563e-05
rec_dev_est(1991)      0.57348 -0.000289366
rec_dev_est(1992)     -0.51729  6.40117e-06
rec_dev_est(1993)     -0.12551 -5.62095e-05
rec_dev_est(1994)    -0.732397  2.50088e-05
rec_dev_est(1995)     -1.16175  8.38617e-05
rec_dev_est(1996)    -0.171687  0.000270321
rec_dev_est(1997)     -1.29185   0.00058045
rec_dev_est(1998)    -0.558509  0.000330264
rec_dev_est(1999)    -0.658643  0.000171561
rec_dev_est(2000)     -1.65539   5.4498e-05
rec_dev_est(2001)    -0.353541   0.00010553
rec_dev_est(2002)      1.35332 -0.000388938
rec_dev_est(2003)     -0.20777 -0.000182257
rec_dev_est(2004)    -0.110374 -0.000260314
rec_dev_est(2005)    -0.735602 -2.61315e-05
rec_dev_est(2006)     -1.28881 -1.22078e-05
rec_dev_est(2007)   -0.0933374  4.57851e-06
rec_dev_est(2008)     0.782446  5.88404e-05
rec_dev_est(2009)    -0.878124 -3.56335e-07
rec_dev_est(2010)    -0.741601 -2.04551e-05
rec_dev_est(2011)    -0.863277 -9.81866e-05
rec_dev_est(2012)   -0.0371394 -2.29364e-05
rec_dev_est(2013)    -0.573656 -0.000270765
rec_dev_est(2014)      1.29857 -6.60726e-05
rec_dev_est(2015)      1.35425  0.000545155
rec_dev_est(2016)      1.42845  5.70464e-05
rec_dev_est(2017)    -0.588606  2.07335e-05
rec_dev_est(2018)    -0.518431 -4.38589e-05
rec_dev_est(2019)     -1.03877  7.72583e-05
rec_dev_est(2020)    -0.208388  0.000159803
rec_dev_est(2021)     0.177709  2.99304e-05
rec_dev_est(2022)      1.02159  9.99328e-06
rec_dev_est(2023)     0.269661  1.86353e-05
rec_dev_est(2024)    -0.474826 -1.00675e-06
logit_rec_prop_est(1982)       2.7001 -7.87016e-05
logit_rec_prop_est(1983)     0.939487 -0.000272874
logit_rec_prop_est(1984)    -0.253718   7.8579e-05
logit_rec_prop_est(1985)     -1.05166 -0.000242883
logit_rec_prop_est(1986)     -3.54667 -0.000396103
logit_rec_prop_est(1987)    -0.729012 -8.02607e-05
logit_rec_prop_est(1988)     0.636557  0.000154974
logit_rec_prop_est(1989)    -0.789604 -0.000137559
logit_rec_prop_est(1990)      1.23375 -0.000263591
logit_rec_prop_est(1991)      0.91568 -0.000383101
logit_rec_prop_est(1992)     -2.04447  -0.00080265
logit_rec_prop_est(1993)     -1.15489 -0.000768597
logit_rec_prop_est(1994)     -1.72524 -9.15782e-05
logit_rec_prop_est(1995)    -0.916331  0.000405119
logit_rec_prop_est(1996)      -2.3042   0.00133383
logit_rec_prop_est(1997)      3.29234  0.000363269
logit_rec_prop_est(1998)    -0.903326   0.00118961
logit_rec_prop_est(1999)     -0.12096  0.000477175
logit_rec_prop_est(2000)    -0.956167   0.00019384
logit_rec_prop_est(2001)      1.31321  1.30195e-05
logit_rec_prop_est(2002)     -1.91002  0.000436637
logit_rec_prop_est(2003)     0.676357  0.000128206
logit_rec_prop_est(2004)     0.781001 -7.91563e-05
logit_rec_prop_est(2005)    -0.200197  7.79033e-05
logit_rec_prop_est(2006)    -0.593469  0.000174896
logit_rec_prop_est(2007)    -0.906242  0.000422234
logit_rec_prop_est(2008)     -1.14766  0.000794258
logit_rec_prop_est(2009)     -1.30184  1.13003e-05
logit_rec_prop_est(2010)    -0.910901 -7.53353e-05
logit_rec_prop_est(2011)    -0.839535 -0.000338145
logit_rec_prop_est(2012)    -0.388823  -0.00079818
logit_rec_prop_est(2013)      1.37857 -0.000830392
logit_rec_prop_est(2014)      1.18755  -0.00172799
logit_rec_prop_est(2015)    0.0967108   0.00109871
logit_rec_prop_est(2016)     -2.36392  3.48576e-05
logit_rec_prop_est(2017)    -0.940065  0.000299849
logit_rec_prop_est(2018)      6.07106  8.29555e-05
logit_rec_prop_est(2019)      1.32766  0.000524845
logit_rec_prop_est(2020)   -0.0252503 -0.000701342
logit_rec_prop_est(2021)     0.699755   2.1097e-05
logit_rec_prop_est(2022)     0.587559 -6.96099e-05
logit_rec_prop_est(2023)    0.0885797  -1.4458e-05
logit_rec_prop_est(2024)      4.09825  7.97063e-05
