ParName   Value   Gradient
T_pars_est[3]      13.7889 -0.000712431
T_pars_est[11]        9.509  9.75858e-06
T_pars_est[12]      9.51943 -8.10267e-08
T_pars_est[13]      9.55472 -8.00819e-06
T_pars_est[14]      9.67267 -2.05208e-05
T_pars_est[15]      10.1091 -1.42787e-05
T_pars_est[16]      10.6607 -4.71416e-08
T_pars_est[17]      11.1105  -1.0455e-06
T_pars_est[18]      11.3241  2.11317e-07
T_pars_est[19]      11.4224  -6.2419e-06
T_pars_est[20]      11.4618 -1.79478e-05
T_pars_est[21]       11.431 -3.15459e-06
T_pars_est[22]      11.2095 -1.67176e-05
T_pars_est[23]      10.9393 -1.34518e-05
T_pars_est[24]      10.7312  -1.1257e-05
T_pars_est[25]      10.9321 -0.000102725
T_pars_est[26]      11.7253 -8.83306e-05
T_pars_est[27]      11.2433 -8.27309e-05
T_pars_est[28]      10.3175 -4.03858e-05
T_pars_est[29]      9.29886 -1.19853e-05
T_pars_est[30]        8.307 -1.60542e-05
T_pars_est[31]      7.47863  -7.6338e-06
T_pars_est[32]      7.07233 -6.86845e-06
T_pars_est[33]      12.1167  9.32917e-06
T_pars_est[34]      12.2338 -3.51541e-05
T_pars_est[35]      13.0746  1.18833e-05
T_pars_est[36]      13.5785   3.9331e-05
T_pars_est[37]      12.8777  1.15907e-05
T_pars_est[38]      12.9629  1.30827e-06
T_pars_est[39]      12.7099 -1.66283e-05
T_pars_est[40]      12.4593 -3.91685e-05
T_pars_est[41]      12.3654 -6.07811e-05
T_pars_est[42]      11.8975 -5.18391e-05
T_pars_est[43]      11.2194 -5.26445e-05
T_pars_est[44]      10.9926 -3.13844e-05
T_pars_est[45]      11.0511 -2.93373e-05
T_pars_est[46]      10.2488  -3.9281e-05
T_pars_est[47]      8.95409  4.12973e-06
T_pars_est[48]      7.90707  8.77707e-06
T_pars_est[49]      7.14264 -2.45719e-06
T_pars_est[50]       6.6058  2.38683e-05
T_pars_est[51]      6.21681   3.5318e-06
T_pars_est[52]      5.93101   8.3134e-06
T_pars_est[53]      5.73421  1.61647e-07
T_pars_est[54]      5.63263 -1.10293e-05
T_pars_est[55]      11.8957  7.08701e-06
T_pars_est[56]      11.9241  7.82862e-07
T_pars_est[57]      11.9938 -1.65008e-05
T_pars_est[58]      12.2014 -1.21232e-05
T_pars_est[59]      13.4013   2.1393e-05
T_pars_est[60]      13.5399  2.13388e-05
T_pars_est[61]      12.9866 -7.08936e-06
T_pars_est[62]      12.1348  7.10281e-06
T_pars_est[63]      11.0306 -6.65925e-05
T_pars_est[64]      9.95043 -5.27917e-05
T_pars_est[65]      9.22697 -5.64033e-05
T_pars_est[66]      8.77319 -5.07853e-05
T_pars_est[67]      8.48396 -5.14752e-05
T_pars_est[68]      8.39622 -3.09842e-05
T_pars_est[69]      8.30324  -8.5159e-06
T_pars_est[70]       8.1676  -5.6982e-06
T_pars_est[71]      8.01676 -1.59803e-05
T_pars_est[72]      7.87218 -1.35034e-05
T_pars_est[73]      7.73858  4.69551e-06
T_pars_est[74]       7.6159 -1.51555e-05
T_pars_est[75]      7.52689   9.2451e-07
T_pars_est[76]      7.47555  1.71534e-05
T_pars_est[77]     -13.8244  2.76867e-06
T_pars_est[78]     -13.9036  1.16569e-05
T_pars_est[79]     -14.0505 -1.94189e-05
T_pars_est[80]     -14.2434 -2.65756e-07
T_pars_est[81]     -13.7532  1.90647e-06
T_pars_est[82]     -13.5188  3.23556e-05
T_pars_est[83]     -14.5889  8.39842e-06
T_pars_est[84]     -15.5949 -4.68056e-06
T_pars_est[85]     -16.4011 -1.39192e-05
T_pars_est[86]     -17.0317 -2.66179e-05
T_pars_est[87]     -17.4891 -2.70794e-06
T_pars_est[88]     -17.8344  2.83181e-05
T_pars_est[89]     -18.1076 -4.53611e-05
T_pars_est[90]     -18.3363  3.43881e-05
T_pars_est[91]     -18.5342   1.3545e-05
T_pars_est[92]     -18.7086  1.01593e-05
T_pars_est[93]     -18.8631 -7.13563e-06
G_pars_est[1]      1.03398 -0.000520843
G_pars_est[2]    -0.240565   0.00119912
G_pars_est[4]     -4.60062   0.00027516
G_pars_est[5]    -0.419117  -0.00130286
S_pars_est[5]     -3.14892  2.71453e-05
S_pars_est[6]     -2.65803 -5.07389e-06
S_pars_est[7]     -2.20779  2.67443e-05
S_pars_est[8]     -1.46544 -3.06639e-05
S_pars_est[9]     -1.44289 -2.41288e-05
S_pars_est[10]     -1.26435 -1.35396e-05
S_pars_est[11]    -0.971754  1.35577e-05
S_pars_est[12]    -0.953702 -9.94641e-07
S_pars_est[13]     -1.07688 -2.67767e-07
S_pars_est[14]     -1.05267 -1.71932e-05
S_pars_est[15]    -0.988671 -5.29815e-06
S_pars_est[16]    -0.953865    1.689e-06
S_pars_est[17]    -0.936654 -2.43033e-06
S_pars_est[18]    -0.837526  3.00322e-06
S_pars_est[19]    -0.833594 -4.95927e-08
S_pars_est[20]    -0.897172   1.4736e-05
S_pars_est[21]    -0.749319  6.25672e-06
S_pars_est[22]    -0.663499 -1.68133e-05
S_pars_est[23]    -0.466194  2.01535e-06
S_pars_est[24]    -0.303216  6.73071e-06
S_pars_est[25]    -0.209165  1.10374e-05
S_pars_est[26]    -0.255868 -8.02161e-06
S_pars_est[27]     -3.84744  1.41786e-06
S_pars_est[28]     -2.94774  -8.9702e-05
S_pars_est[29]     -2.35836 -1.02454e-05
S_pars_est[30]     -1.64454  1.31864e-05
S_pars_est[31]     -1.44725   3.6684e-05
S_pars_est[32]     -1.25506  3.72067e-05
S_pars_est[33]     -1.01648 -1.17926e-05
S_pars_est[34]    -0.944768   1.5998e-05
S_pars_est[35]     -1.04974 -1.95893e-05
S_pars_est[36]     -1.09482  -1.1893e-05
S_pars_est[37]     -1.07682 -5.20396e-06
S_pars_est[38]     -1.03332 -2.52221e-05
S_pars_est[39]     -1.00676 -1.85573e-05
S_pars_est[40]    -0.861936 -1.20179e-05
S_pars_est[41]    -0.604414  5.29972e-05
S_pars_est[42]       -0.348 -3.57715e-06
S_pars_est[43]    -0.240733   -1.036e-05
S_pars_est[44]    -0.165494 -9.70766e-06
S_pars_est[45]    -0.147053 -6.49372e-06
S_pars_est[46]    -0.123742 -4.09111e-06
S_pars_est[47]    -0.100813  5.86678e-07
S_pars_est[48]     -0.11264 -1.82732e-05
S_pars_est[51]     -4.60371  9.85268e-05
S_pars_est[52]     -4.78637 -2.43826e-06
S_pars_est[53]     -3.72436 -5.66684e-05
S_pars_est[54]     -1.58129  2.45408e-05
S_pars_est[55]     -1.04139 -1.63113e-05
S_pars_est[56]      -0.4992   8.8612e-06
S_pars_est[57]    -0.568473  6.87947e-06
S_pars_est[58]    -0.787687 -5.53794e-06
S_pars_est[59]    -0.859301 -1.13136e-06
S_pars_est[60]      -0.9396  1.38742e-06
S_pars_est[61]    -0.920309  1.78058e-06
S_pars_est[62]    -0.872572 -5.04597e-06
S_pars_est[63]    -0.836456 -3.37762e-06
S_pars_est[64]    -0.788847  4.65136e-07
S_pars_est[65]     -0.71961  8.73539e-06
S_pars_est[66]    -0.630296 -3.91177e-06
S_pars_est[67]    -0.529548  -1.0062e-05
S_pars_est[68]    -0.424145  1.07835e-06
S_pars_est[69]    -0.314812  6.97315e-06
S_pars_est[70]    -0.200399  1.99386e-05
S_pars_est[71]   -0.0840751  1.97624e-06
S_pars_est[73]     -3.06463 -5.56706e-05
S_pars_est[74]     -2.57954  3.05357e-05
S_pars_est[75]     -2.02911  4.99162e-06
S_pars_est[76]    -0.808436  1.59214e-05
S_pars_est[77]    -0.396167   3.1926e-05
S_pars_est[78]     -0.24836  6.95896e-05
S_pars_est[79]    -0.561006 -2.32032e-05
S_pars_est[80]     -1.22957  5.93927e-06
S_pars_est[81]     -1.46528  -1.6456e-05
S_pars_est[82]     -1.87383  8.95143e-06
S_pars_est[83]     -1.85296  2.00591e-05
S_pars_est[84]      -1.2179  3.18497e-06
S_pars_est[85]    -0.850681  -3.6229e-06
S_pars_est[86]    -0.779175  3.43492e-06
S_pars_est[87]    -0.710821  6.62006e-06
S_pars_est[88]    -0.623427 -5.00738e-06
S_pars_est[89]    -0.524222 -3.84426e-06
S_pars_est[90]    -0.419941    5.692e-06
S_pars_est[91]    -0.311304  2.21033e-07
S_pars_est[92]     -0.19719 -7.81493e-06
S_pars_est[93]    -0.080482 -3.57733e-07
log_fbar[1]    -0.034627 -0.000175608
log_fbar[2]     -5.60465  0.000132818
log_fdev[1](1)     -1.54489 -0.000145219
log_fdev[1](2)     -1.84967 -0.000144697
log_fdev[1](3)     -1.21153   -0.0001236
log_fdev[1](4)    -0.852928  -4.2632e-05
log_fdev[1](5)    -0.700173  3.56071e-05
log_fdev[1](6)    -0.278489  0.000145475
log_fdev[1](7)    -0.231902  9.75708e-05
log_fdev[1](8)    -0.201402 -5.92973e-05
log_fdev[1](9)     0.839944 -5.95653e-05
log_fdev[1](10)     0.310002 -4.06115e-05
log_fdev[1](11)     0.641589  4.94082e-05
log_fdev[1](12)      0.79788 -3.30253e-05
log_fdev[1](13)     0.483363  0.000106825
log_fdev[1](14)     0.504355 -7.14675e-05
log_fdev[1](15)     0.502272  0.000113573
log_fdev[1](16)     0.383676 -6.32655e-05
log_fdev[1](17)     0.999975  8.43432e-05
log_fdev[1](18)    -0.421624  0.000107239
log_fdev[1](19)    -0.440017  5.01159e-05
log_fdev[1](20)     0.159123  0.000128562
log_fdev[1](21)     0.255724 -3.90991e-05
log_fdev[1](22)    -0.470103  2.45024e-05
log_fdev[1](23)    -0.689571  8.16807e-06
log_fdev[1](24)    -0.891372 -3.46602e-05
log_fdev[1](25)    -0.309152 -7.88229e-05
log_fdev[1](26)    0.0432976   8.8551e-05
log_fdev[1](27)    -0.203495  4.15099e-05
log_fdev[1](28)    -0.517431 -0.000136188
log_fdev[1](29)    -0.853291  5.45543e-05
log_fdev[1](30)    -0.126921  4.05813e-05
log_fdev[1](31)     0.357983  0.000109977
log_fdev[1](32)     0.589973 -2.47116e-05
log_fdev[1](33)        1.087 -0.000131645
log_fdev[1](34)      1.09827 -1.39277e-05
log_fdev[1](35)     0.648701 -7.60201e-05
log_fdev[1](36)     0.714291  1.69228e-05
log_fdev[1](37)      1.11474  1.91213e-05
log_fdev[1](38)      1.54766 -7.24244e-06
log_fdev[1](39)      1.27658 -0.000102075
log_fdev[1](40)     -1.10739  2.31256e-05
log_fdev[1](41)     -1.45505 -5.46748e-05
log_fdev[2](1)     0.176327 -3.58597e-05
log_fdev[2](2)      0.16114 -7.42944e-07
log_fdev[2](3)     0.024193 -6.80618e-06
log_fdev[2](4)    -0.140417 -7.18497e-06
log_fdev[2](5)     -9.09503 -7.01186e-06
log_fdev[2](6)      -4.9744 -7.07274e-06
log_fdev[2](7)     -5.42665 -8.17574e-06
log_fdev[2](8)     -1.57849  1.18411e-05
log_fdev[2](9)    -0.332278   2.4053e-05
log_fdev[2](10)        2.208  2.53467e-05
log_fdev[2](11)      1.70139  2.04981e-05
log_fdev[2](12)       1.4812  2.53694e-05
log_fdev[2](13)      1.23215  4.12449e-05
log_fdev[2](14)      1.48782 -1.32229e-05
log_fdev[2](15)      1.35625 -3.52975e-05
log_fdev[2](16)     0.717295  3.54176e-06
log_fdev[2](17)     0.854025  2.40519e-05
log_fdev[2](18)     0.310776  8.15659e-06
log_fdev[2](19)     0.548456  3.80016e-06
log_fdev[2](20)     0.484779  5.58129e-07
log_fdev[2](21)    0.0229071  2.41583e-05
log_fdev[2](22)    0.0672557  2.70778e-05
log_fdev[2](23)     0.102161 -1.32122e-05
log_fdev[2](24)    0.0487815 -1.54062e-05
log_fdev[2](25)     0.691351 -2.22267e-05
log_fdev[2](26)     0.411958  1.21961e-06
log_fdev[2](27)    -0.172225  2.01824e-05
log_fdev[2](28)     0.471946  1.91345e-05
log_fdev[2](29)    -0.861778 -2.49239e-06
log_fdev[2](30)    -0.481052  7.80944e-06
log_fdev[2](31)   -0.0241528  3.86525e-06
log_fdev[2](32)     0.162858 -2.70606e-05
log_fdev[2](33)      1.73079 -2.16784e-05
log_fdev[2](34)      2.94795  3.06194e-06
log_fdev[2](35)    -0.699631  8.75073e-07
log_fdev[2](36)     0.348455 -2.43651e-05
log_fdev[2](37)      1.64228  4.02247e-06
log_fdev[2](38)      1.02007  9.85098e-06
log_fdev[2](39)     0.944752 -1.62395e-05
log_fdev[2](40)     0.426779 -6.84574e-07
log_fdev[2](41)    -0.338111  1.59507e-05
log_fdev[2](42)     0.282717  4.63207e-06
log_fdev[2](43)    0.0574077 -5.57785e-05
log_foff[1]     -6.77037  0.000861403
log_fdov[1](1)      1.56558 -5.23119e-05
log_fdov[1](2)      1.78665 -5.36051e-05
log_fdov[1](3)      1.41087 -3.74669e-05
log_fdov[1](4)      1.30229 -5.52179e-05
log_fdov[1](5)      2.06646 -5.30905e-06
log_fdov[1](6)      1.69825  7.87338e-05
log_fdov[1](7)      0.91587  8.56591e-05
log_fdov[1](8)     0.576991  7.16596e-05
log_fdov[1](9)       2.8362  6.38496e-05
log_fdov[1](10)      1.42835  8.04318e-05
log_fdov[1](11)      1.59722  7.52798e-05
log_fdov[1](12)     0.698184  2.54894e-05
log_fdov[1](13)     0.746176  3.19947e-05
log_fdov[1](14)    -0.489842   3.0156e-05
log_fdov[1](15)      1.11962  6.33363e-05
log_fdov[1](16)      1.28531  1.58276e-05
log_fdov[1](17)      -1.7799  5.74885e-05
log_fdov[1](18)    -0.197925  4.03667e-05
log_fdov[1](19)     -2.25938  6.12241e-05
log_fdov[1](20)      0.13284  1.73976e-05
log_fdov[1](21)     -2.03341 -3.94853e-05
log_fdov[1](22)     -1.96227  3.02897e-05
log_fdov[1](23)     -0.98173  6.88662e-06
log_fdov[1](24)    -0.456717  9.90989e-05
log_fdov[1](25)     -2.61725  0.000142328
log_fdov[1](26)    -0.267673  0.000139349
log_fdov[1](27)    0.0641332  8.51838e-05
log_fdov[1](28)     0.192138  4.62887e-05
log_fdov[1](29)     0.423213  4.59843e-05
log_fdov[1](30)      2.56108  1.96425e-05
log_fdov[1](31)     0.777468  1.44319e-05
log_fdov[1](32)      1.31907 -2.04693e-05
log_fdov[1](33)      1.87334  4.16872e-06
log_fdov[1](34)     0.977108  1.47368e-05
log_fdov[1](35)     0.240396 -3.29949e-05
log_fdov[1](36)    0.0264676  -8.0477e-05
log_fdov[1](37)    -0.744166 -3.42172e-06
log_fdov[1](38)     -1.36628  1.46973e-05
log_fdov[1](39)     -4.43378  -4.8546e-05
log_fdov[1](40)     -4.86974  6.13721e-06
log_fdov[1](41)      -5.1612  2.13771e-05
rec_dev_est(1982)     0.718649 -0.000284893
rec_dev_est(1983)     0.254973 -7.83035e-05
rec_dev_est(1984)      1.08369 -4.56585e-05
rec_dev_est(1985)      1.75251  0.000480027
rec_dev_est(1986)     0.881942  8.51918e-05
rec_dev_est(1987)     0.470926  6.04163e-05
rec_dev_est(1988)     -0.24697  8.15228e-05
rec_dev_est(1989)   -0.0452784  2.45953e-05
rec_dev_est(1990)     0.659347  5.61679e-05
rec_dev_est(1991)      0.95258  0.000290608
rec_dev_est(1992)    -0.394202  0.000114556
rec_dev_est(1993)   -0.0704295  0.000159069
rec_dev_est(1994)    -0.828542  6.09299e-05
rec_dev_est(1995)     -1.12134  0.000198231
rec_dev_est(1996)    -0.257485  -5.6671e-05
rec_dev_est(1997)     -1.06752 -0.000216563
rec_dev_est(1998)    -0.336182  9.52523e-05
rec_dev_est(1999)    -0.708384 -0.000353815
rec_dev_est(2000)     -1.65642 -0.000129221
rec_dev_est(2001)   -0.0998937 -0.000251978
rec_dev_est(2002)      1.47853  0.000486426
rec_dev_est(2003)    -0.100646 -0.000135934
rec_dev_est(2004)     0.285228 -1.41525e-06
rec_dev_est(2005)    -0.465615  1.00984e-05
rec_dev_est(2006)     -1.14562 -9.47185e-05
rec_dev_est(2007)    0.0639098 -0.000112423
rec_dev_est(2008)     0.689001 -0.000429581
rec_dev_est(2009)    -0.885833  6.29667e-05
rec_dev_est(2010)     -0.55746  2.10066e-05
rec_dev_est(2011)    -0.716407 -6.78294e-05
rec_dev_est(2012)    -0.260293  8.17073e-05
rec_dev_est(2013)    -0.419589 -0.000456779
rec_dev_est(2014)     0.397013 -0.000138346
rec_dev_est(2015)    0.0440534  5.87928e-05
rec_dev_est(2016)     0.103154 -4.92536e-05
rec_dev_est(2017)     -1.25735  1.41375e-05
rec_dev_est(2018)     -1.42152 -1.95912e-05
rec_dev_est(2019)    -0.696582  6.24161e-05
rec_dev_est(2020)     0.378079 -9.56954e-05
rec_dev_est(2021)     0.403088  3.28761e-05
rec_dev_est(2022)      1.28297 -5.41072e-05
rec_dev_est(2023)    -0.152966    8.536e-06
rec_dev_est(2024)     -0.57926  4.82601e-05
logit_rec_prop_est(1982)      3.06875   0.00106757
logit_rec_prop_est(1983)       1.6627 -0.000310867
logit_rec_prop_est(1984)     0.219566 -0.000799887
logit_rec_prop_est(1985)    -0.473443 -0.000880981
logit_rec_prop_est(1986)     -3.30697  0.000380319
logit_rec_prop_est(1987)     0.243002 -0.000474323
logit_rec_prop_est(1988)      1.53491 -6.19775e-05
logit_rec_prop_est(1989)    -0.858038 -0.000580201
logit_rec_prop_est(1990)      1.56037  0.000539188
logit_rec_prop_est(1991)      1.26849  0.000500605
logit_rec_prop_est(1992)     -1.51299  0.000689834
logit_rec_prop_est(1993)    -0.664695  4.23774e-05
logit_rec_prop_est(1994)     -1.20398  0.000205288
logit_rec_prop_est(1995)    -0.341142  0.000993869
logit_rec_prop_est(1996)     -1.00663 -0.000122057
logit_rec_prop_est(1997)      2.76528  0.000146078
logit_rec_prop_est(1998)    -0.170757 -0.000598979
logit_rec_prop_est(1999)     0.796527 -0.000419201
logit_rec_prop_est(2000)      1.32122 -0.000280835
logit_rec_prop_est(2001)      2.47832  1.77979e-06
logit_rec_prop_est(2002)     -1.53642  0.000344139
logit_rec_prop_est(2003)      1.96846 -0.000105575
logit_rec_prop_est(2004)      1.00104 -0.000296666
logit_rec_prop_est(2005)   -0.0689661  0.000360206
logit_rec_prop_est(2006)   -0.0330135  0.000185231
logit_rec_prop_est(2007)    -0.409127 -7.36234e-05
logit_rec_prop_est(2008)    -0.493735  -0.00218829
logit_rec_prop_est(2009)    -0.485372  0.000522029
logit_rec_prop_est(2010)    -0.706241  0.000507794
logit_rec_prop_est(2011)    -0.667658  7.16945e-05
logit_rec_prop_est(2012)    -0.786259  0.000629745
logit_rec_prop_est(2013)     0.951158 -0.000941355
logit_rec_prop_est(2014)    -0.128762 -0.000712454
logit_rec_prop_est(2015)     -3.61081  0.000303336
logit_rec_prop_est(2016)     -1.15228  2.82704e-05
logit_rec_prop_est(2017)     -3.52674  0.000241865
logit_rec_prop_est(2018)     -3.26265  0.000250913
logit_rec_prop_est(2019)      1.88425  0.000409875
logit_rec_prop_est(2020)    -0.460305 -0.000475461
logit_rec_prop_est(2021)      0.24091  0.000612178
logit_rec_prop_est(2022)   -0.0176173  3.53177e-05
logit_rec_prop_est(2023)      1.67812  0.000383914
logit_rec_prop_est(2024)      2.24154  0.000141078
